     0.0 0.0000000E+00
     1.0 0.1422641E-17
     2.0 -.1720009E-16
     3.0 -.1240872E-15
     4.0 -.4330655E-15
     5.0 -.1102399E-14
     6.0 -.2331185E-14
     7.0 -.4353960E-14
     8.0 -.7434219E-14
     9.0 -.1185687E-13
    10.0 -.1791975E-13
    11.0 -.2592442E-13
    12.0 -.3616663E-13
    13.0 -.4892654E-13
    14.0 -.6445909E-13
    15.0 -.8298452E-13
    16.0 -.1046795E-12
    17.0 -.1296689E-12
    18.0 -.1580180E-12
    19.0 -.1897258E-12
    20.0 -.2247194E-12
    21.0 -.2628487E-12
    22.0 -.3038827E-12
    23.0 -.3475061E-12
    24.0 -.3933173E-12
    25.0 -.4408267E-12
    26.0 -.4894565E-12
    27.0 -.5385408E-12
    28.0 -.5873265E-12
    29.0 -.6349757E-12
    30.0 -.6805683E-12
    31.0 -.7231060E-12
    32.0 -.7615178E-12
    33.0 -.7946660E-12
    34.0 -.8213540E-12
    35.0 -.8403364E-12
    36.0 -.8503292E-12
    37.0 -.8500246E-12
    38.0 -.8381038E-12
    39.0 -.8132553E-12
    40.0 -.7741942E-12
    41.0 -.7196826E-12
    42.0 -.6485515E-12
    43.0 -.5597261E-12
    44.0 -.4522493E-12
    45.0 -.3253077E-12
    46.0 -.1782570E-12
    47.0 -.1064674E-13
    48.0 0.1777576E-12
    49.0 0.3869529E-12
    50.0 0.6166808E-12
    51.0 0.8664138E-12
    52.0 0.1135347E-11
    53.0 0.1422393E-11
    54.0 0.1726187E-11
    55.0 0.2045092E-11
    56.0 0.2377220E-11
    57.0 0.2720447E-11
    58.0 0.3072456E-11
    59.0 0.3430761E-11
    60.0 0.3792759E-11
    61.0 0.4155779E-11
    62.0 0.4517135E-11
    63.0 0.4874177E-11
    64.0 0.5224372E-11
    65.0 0.5565336E-11
    66.0 0.5894919E-11
    67.0 0.6211258E-11
    68.0 0.6512805E-11
    69.0 0.6798415E-11
    70.0 0.7067358E-11
    71.0 0.7319347E-11
    72.0 0.7554574E-11
    73.0 0.7773716E-11
    74.0 0.7977895E-11
    75.0 0.8168707E-11
    76.0 0.8348175E-11
    77.0 0.8518670E-11
    78.0 0.8682925E-11
    79.0 0.8843886E-11
    80.0 0.9004688E-11
    81.0 0.9168557E-11
    82.0 0.9338725E-11
    83.0 0.9518307E-11
    84.0 0.9710257E-11
    85.0 0.9917219E-11
    86.0 0.1014148E-10
    87.0 0.1038486E-10
    88.0 0.1064868E-10
    89.0 0.1093368E-10
    90.0 0.1123998E-10
    91.0 0.1156703E-10
    92.0 0.1191363E-10
    93.0 0.1227796E-10
    94.0 0.1265754E-10
    95.0 0.1304935E-10
    96.0 0.1344984E-10
    97.0 0.1385503E-10
    98.0 0.1426060E-10
    99.0 0.1466200E-10
   100.0 0.1505454E-10
   101.0 0.1543352E-10
   102.0 0.1579443E-10
   103.0 0.1613307E-10
   104.0 0.1644573E-10
   105.0 0.1672925E-10
   106.0 0.1698118E-10
   107.0 0.1719975E-10
   108.0 0.1738410E-10
   109.0 0.1753419E-10
   110.0 0.1765079E-10
   111.0 0.1773554E-10
   112.0 0.1779092E-10
   113.0 0.1782012E-10
   114.0 0.1782699E-10
   115.0 0.1781591E-10
   116.0 0.1779173E-10
   117.0 0.1775951E-10
   118.0 0.1772446E-10
   119.0 0.1769177E-10
   120.0 0.1766642E-10
   121.0 0.1765306E-10
   122.0 0.1765578E-10
   123.0 0.1767810E-10
   124.0 0.1772272E-10
   125.0 0.1779150E-10
   126.0 0.1788532E-10
   127.0 0.1800416E-10
   128.0 0.1814684E-10
   129.0 0.1831128E-10
   130.0 0.1849439E-10
   131.0 0.1869217E-10
   132.0 0.1889976E-10
   133.0 0.1911168E-10
   134.0 0.1932185E-10
   135.0 0.1952382E-10
   136.0 0.1971094E-10
   137.0 0.1987653E-10
   138.0 0.2001411E-10
   139.0 0.2011757E-10
   140.0 0.2018137E-10
   141.0 0.2020075E-10
   142.0 0.2017184E-10
   143.0 0.2009190E-10
   144.0 0.1995927E-10
   145.0 0.1977372E-10
   146.0 0.1953627E-10
   147.0 0.1924936E-10
   148.0 0.1891677E-10
   149.0 0.1854359E-10
   150.0 0.1813622E-10
   151.0 0.1770209E-10
   152.0 0.1724964E-10
   153.0 0.1678808E-10
   154.0 0.1632724E-10
   155.0 0.1587725E-10
   156.0 0.1544837E-10
   157.0 0.1505064E-10
   158.0 0.1469378E-10
   159.0 0.1438674E-10
   160.0 0.1413759E-10
   161.0 0.1395316E-10
   162.0 0.1383894E-10
   163.0 0.1379878E-10
   164.0 0.1383480E-10
   165.0 0.1394724E-10
   166.0 0.1413441E-10
   167.0 0.1439253E-10
   168.0 0.1471591E-10
   169.0 0.1509689E-10
   170.0 0.1552596E-10
   171.0 0.1599192E-10
   172.0 0.1648211E-10
   173.0 0.1698255E-10
   174.0 0.1747832E-10
   175.0 0.1795378E-10
   176.0 0.1839299E-10
   177.0 0.1877996E-10
   178.0 0.1909913E-10
   179.0 0.1933563E-10
   180.0 0.1947571E-10
   181.0 0.1950712E-10
   182.0 0.1941933E-10
   183.0 0.1920402E-10
   184.0 0.1885512E-10
   185.0 0.1836926E-10
   186.0 0.1774579E-10
   187.0 0.1698695E-10
   188.0 0.1609797E-10
   189.0 0.1508699E-10
   190.0 0.1396501E-10
   191.0 0.1274581E-10
   192.0 0.1144567E-10
   193.0 0.1008317E-10
   194.0 0.8678760E-11
   195.0 0.7254513E-11
   196.0 0.5833597E-11
   197.0 0.4439845E-11
   198.0 0.3097257E-11
   199.0 0.1829466E-11
   200.0 0.6592064E-12
   201.0 -.3922047E-12
   202.0 -.1305346E-11
   203.0 -.2063270E-11
   204.0 -.2651853E-11
   205.0 -.3060251E-11
   206.0 -.3281230E-11
   207.0 -.3311446E-11
   208.0 -.3151617E-11
   209.0 -.2806664E-11
   210.0 -.2285666E-11
   211.0 -.1601893E-11
   212.0 -.7725397E-12
   213.0 0.1814778E-12
   214.0 0.1235902E-11
   215.0 0.2363546E-11
   216.0 0.3534831E-11
   217.0 0.4718343E-11
   218.0 0.5881480E-11
   219.0 0.6991197E-11
   220.0 0.8014592E-11
   221.0 0.8919748E-11
   222.0 0.9676400E-11
   223.0 0.1025669E-10
   224.0 0.1063580E-10
   225.0 0.1079263E-10
   226.0 0.1071026E-10
   227.0 0.1037657E-10
   228.0 0.9784456E-11
   229.0 0.8932307E-11
   230.0 0.7823951E-11
   231.0 0.6468853E-11
   232.0 0.4882026E-11
   233.0 0.3083727E-11
   234.0 0.1099238E-11
   235.0 -.1041648E-11
   236.0 -.3305215E-11
   237.0 -.5654383E-11
   238.0 -.8049501E-11
   239.0 -.1044928E-10
   240.0 -.1281146E-10
   241.0 -.1509395E-10
   242.0 -.1725557E-10
   243.0 -.1925704E-10
   244.0 -.2106202E-10
   245.0 -.2263758E-10
   246.0 -.2395550E-10
   247.0 -.2499249E-10
   248.0 -.2573104E-10
   249.0 -.2615978E-10
   250.0 -.2627389E-10
   251.0 -.2607519E-10
   252.0 -.2557218E-10
   253.0 -.2478007E-10
   254.0 -.2372015E-10
   255.0 -.2241990E-10
   256.0 -.2091191E-10
   257.0 -.1923342E-10
   258.0 -.1742554E-10
   259.0 -.1553227E-10
   260.0 -.1359945E-10
   261.0 -.1167387E-10
   262.0 -.9801989E-11
   263.0 -.8029091E-11
   264.0 -.6398102E-11
   265.0 -.4948478E-11
   266.0 -.3715418E-11
   267.0 -.2729046E-11
   268.0 -.2013507E-11
   269.0 -.1586482E-11
   270.0 -.1458741E-11
   271.0 -.1633911E-11
   272.0 -.2108234E-11
   273.0 -.2870767E-11
   274.0 -.3903576E-11
   275.0 -.5182304E-11
   276.0 -.6676430E-11
   277.0 -.8350497E-11
   278.0 -.1016444E-10
   279.0 -.1207514E-10
   280.0 -.1403704E-10
   281.0 -.1600369E-10
   282.0 -.1792859E-10
   283.0 -.1976667E-10
   284.0 -.2147525E-10
   285.0 -.2301534E-10
   286.0 -.2435253E-10
   287.0 -.2545794E-10
   288.0 -.2630921E-10
   289.0 -.2689069E-10
   290.0 -.2719433E-10
   291.0 -.2721969E-10
   292.0 -.2697399E-10
   293.0 -.2647220E-10
   294.0 -.2573620E-10
   295.0 -.2479465E-10
   296.0 -.2368216E-10
   297.0 -.2243799E-10
   298.0 -.2110549E-10
   299.0 -.1973048E-10
   300.0 -.1836014E-10
   301.0 -.1704159E-10
   302.0 -.1582037E-10
   303.0 -.1473921E-10
   304.0 -.1383660E-10
   305.0 -.1314546E-10
   306.0 -.1269205E-10
   307.0 -.1249497E-10
   308.0 -.1256441E-10
   309.0 -.1290132E-10
   310.0 -.1349721E-10
   311.0 -.1433427E-10
   312.0 -.1538488E-10
   313.0 -.1661284E-10
   314.0 -.1797330E-10
   315.0 -.1941434E-10
   316.0 -.2087765E-10
   317.0 -.2230023E-10
   318.0 -.2361606E-10
   319.0 -.2475753E-10
   320.0 -.2565768E-10
   321.0 -.2625172E-10
   322.0 -.2647951E-10
   323.0 -.2628710E-10
   324.0 -.2562870E-10
   325.0 -.2446843E-10
   326.0 -.2278190E-10
   327.0 -.2055743E-10
   328.0 -.1779712E-10
   329.0 -.1451766E-10
   330.0 -.1075067E-10
   331.0 -.6542638E-11
   332.0 -.1954684E-11
   333.0 0.2938270E-11
   334.0 0.8048623E-11
   335.0 0.1327766E-10
   336.0 0.1851739E-10
   337.0 0.2365283E-10
   338.0 0.2856439E-10
   339.0 0.3313079E-10
   340.0 0.3723194E-10
   341.0 0.4075184E-10
   342.0 0.4358186E-10
   343.0 0.4562370E-10
   344.0 0.4679251E-10
   345.0 0.4701957E-10
   346.0 0.4625479E-10
   347.0 0.4446916E-10
   348.0 0.4165629E-10
   349.0 0.3783405E-10
   350.0 0.3304531E-10
   351.0 0.2735821E-10
   352.0 0.2086596E-10
   353.0 0.1368601E-10
   354.0 0.5958384E-11
   355.0 -.2156327E-11
   356.0 -.1047962E-10
   357.0 -.1881854E-10
   358.0 -.2696907E-10
   359.0 -.3472080E-10
   360.0 -.4186106E-10
   361.0 -.4817997E-10
   362.0 -.5347548E-10
   363.0 -.5755847E-10
   364.0 -.6025740E-10
   365.0 -.6142396E-10
   366.0 -.6093662E-10
   367.0 -.5870580E-10
   368.0 -.5467703E-10
   369.0 -.4883399E-10
   370.0 -.4120103E-10
   371.0 -.3184452E-10
   372.0 -.2087381E-10
   373.0 -.8440554E-11
   374.0 0.5262398E-11
   375.0 0.2000304E-10
   376.0 0.3551379E-10
   377.0 0.5149523E-10
   378.0 0.6762187E-10
   379.0 0.8354701E-10
   380.0 0.9891045E-10
   381.0 0.1133453E-09
   382.0 0.1264859E-09
   383.0 0.1379750E-09
   384.0 0.1474739E-09
   385.0 0.1546691E-09
   386.0 0.1592815E-09
   387.0 0.1610730E-09
   388.0 0.1598551E-09
   389.0 0.1554944E-09
   390.0 0.1479186E-09
   391.0 0.1371204E-09
   392.0 0.1231617E-09
   393.0 0.1061749E-09
   394.0 0.8636393E-10
   395.0 0.6400219E-10
   396.0 0.3943146E-10
   397.0 0.1305623E-10
   398.0 -.1466063E-10
   399.0 -.4320606E-10
   400.0 -.7202492E-10
   401.0 -.1005300E-09
   402.0 -.1281132E-09
   403.0 -.1541570E-09
   404.0 -.1780481E-09
   405.0 -.1991893E-09
   406.0 -.2170139E-09
   407.0 -.2309986E-09
   408.0 -.2406765E-09
   409.0 -.2456499E-09
   410.0 -.2456006E-09
   411.0 -.2403017E-09
   412.0 -.2296251E-09
   413.0 -.2135489E-09
   414.0 -.1921629E-09
   415.0 -.1656712E-09
   416.0 -.1343931E-09
   417.0 -.9876078E-10
   418.0 -.5931602E-10
   419.0 -.1670325E-10
   420.0 0.2833963E-10
   421.0 0.7499241E-10
   422.0 0.1223666E-09
   423.0 0.1695198E-09
   424.0 0.2154752E-09
   425.0 0.2592370E-09
   426.0 0.2998139E-09
   427.0 0.3362384E-09
   428.0 0.3675860E-09
   429.0 0.3929989E-09
   430.0 0.4117053E-09
   431.0 0.4230380E-09
   432.0 0.4264541E-09
   433.0 0.4215515E-09
   434.0 0.4080809E-09
   435.0 0.3859590E-09
   436.0 0.3552766E-09
   437.0 0.3163038E-09
   438.0 0.2694923E-09
   439.0 0.2154735E-09
   440.0 0.1550528E-09
   441.0 0.8920050E-10
   442.0 0.1903810E-10
   443.0 -.5417662E-10
   444.0 -.1290709E-09
   445.0 -.2041796E-09
   446.0 -.2779714E-09
   447.0 -.3488765E-09
   448.0 -.4153168E-09
   449.0 -.4757373E-09
   450.0 -.5286391E-09
   451.0 -.5726104E-09
   452.0 -.6063574E-09
   453.0 -.6287383E-09
   454.0 -.6387900E-09
   455.0 -.6357536E-09
   456.0 -.6190988E-09
   457.0 -.5885447E-09
   458.0 -.5440718E-09
   459.0 -.4859378E-09
   460.0 -.4146800E-09
   461.0 -.3311164E-09
   462.0 -.2363445E-09
   463.0 -.1317266E-09
   464.0 -.1887636E-10
   465.0 0.1003618E-09
   466.0 0.2239404E-09
   467.0 0.3496382E-09
   468.0 0.4750975E-09
   469.0 0.5978600E-09
   470.0 0.7154147E-09
   471.0 0.8252380E-09
   472.0 0.9248409E-09
   473.0 0.1011819E-08
   474.0 0.1083898E-08
   475.0 0.1138977E-08
   476.0 0.1175183E-08
   477.0 0.1190905E-08
   478.0 0.1184826E-08
   479.0 0.1155976E-08
   480.0 0.1103743E-08
   481.0 0.1027907E-08
   482.0 0.9286442E-09
   483.0 0.8065560E-09
   484.0 0.6626509E-09
   485.0 0.4983515E-09
   486.0 0.3154797E-09
   487.0 0.1162333E-09
   488.0 -.9683800E-10
   489.0 -.3208696E-09
   490.0 -.5527229E-09
   491.0 -.7890304E-09
   492.0 -.1026251E-08
   493.0 -.1260724E-08
   494.0 -.1488733E-08
   495.0 -.1706562E-08
   496.0 -.1910569E-08
   497.0 -.2097236E-08
   498.0 -.2263247E-08
   499.0 -.2405535E-08
   500.0 -.2521358E-08
   501.0 -.2608324E-08
   502.0 -.2664469E-08
   503.0 -.2688275E-08
   504.0 -.2678715E-08
   505.0 -.2635279E-08
   506.0 -.2557986E-08
   507.0 -.2447395E-08
   508.0 -.2304607E-08
   509.0 -.2131251E-08
   510.0 -.1929457E-08
   511.0 -.1701850E-08
   512.0 -.1451477E-08
   513.0 -.1181798E-08
   514.0 -.8966045E-09
   515.0 -.5999715E-09
   516.0 -.2961939E-09
   517.0 0.1029073E-10
   518.0 0.3149699E-09
   519.0 0.6133334E-09
   520.0 0.9009504E-09
   521.0 0.1173543E-08
   522.0 0.1427059E-08
   523.0 0.1657742E-08
   524.0 0.1862195E-08
   525.0 0.2037443E-08
   526.0 0.2180977E-08
   527.0 0.2290808E-08
   528.0 0.2365493E-08
   529.0 0.2404169E-08
   530.0 0.2406551E-08
   531.0 0.2372963E-08
   532.0 0.2304312E-08
   533.0 0.2202081E-08
   534.0 0.2068295E-08
   535.0 0.1905496E-08
   536.0 0.1716692E-08
   537.0 0.1505301E-08
   538.0 0.1275098E-08
   539.0 0.1030142E-08
   540.0 0.7747044E-09
   541.0 0.5131989E-09
   542.0 0.2501014E-09
   543.0 -.1013114E-10
   544.0 -.2631359E-09
   545.0 -.5047199E-09
   546.0 -.7309342E-09
   547.0 -.9381373E-09
   548.0 -.1123063E-08
   549.0 -.1282869E-08
   550.0 -.1415185E-08
   551.0 -.1518145E-08
   552.0 -.1590432E-08
   553.0 -.1631270E-08
   554.0 -.1640454E-08
   555.0 -.1618329E-08
   556.0 -.1565791E-08
   557.0 -.1484248E-08
   558.0 -.1375603E-08
   559.0 -.1242201E-08
   560.0 -.1086781E-08
   561.0 -.9124254E-09
   562.0 -.7224888E-09
   563.0 -.5205417E-09
   564.0 -.3102862E-09
   565.0 -.9550241E-10
   566.0 0.1200379E-09
   567.0 0.3326358E-09
   568.0 0.5387323E-09
   569.0 0.7349754E-09
   570.0 0.9182776E-09
   571.0 0.1085871E-08
   572.0 0.1235346E-08
   573.0 0.1364702E-08
   574.0 0.1472369E-08
   575.0 0.1557219E-08
   576.0 0.1618596E-08
   577.0 0.1656300E-08
   578.0 0.1670589E-08
   579.0 0.1662155E-08
   580.0 0.1632105E-08
   581.0 0.1581917E-08
   582.0 0.1513412E-08
   583.0 0.1428694E-08
   584.0 0.1330108E-08
   585.0 0.1220177E-08
   586.0 0.1101546E-08
   587.0 0.9769285E-09
   588.0 0.8490302E-09
   589.0 0.7205044E-09
   590.0 0.5938945E-09
   591.0 0.4715765E-09
   592.0 0.3557130E-09
   593.0 0.2482156E-09
   594.0 0.1507043E-09
   595.0 0.6448463E-10
   596.0 -.9475554E-11
   597.0 -.7055621E-10
   598.0 -.1184865E-09
   599.0 -.1533436E-09
   600.0 -.1755374E-09
   601.0 -.1857875E-09
   602.0 -.1851002E-09
   603.0 -.1747299E-09
   604.0 -.1561434E-09
   605.0 -.1309702E-09
   606.0 -.1009637E-09
   607.0 -.6794033E-10
   608.0 -.3374008E-10
   609.0 -.1669183E-12
   610.0 0.3105233E-10
   611.0 0.5832258E-10
   612.0 0.8021467E-10
   613.0 0.9551103E-10
   614.0 0.1032336E-09
   615.0 0.1026694E-09
   616.0 0.9339243E-10
   617.0 0.7527544E-10
   618.0 0.4849098E-10
   619.0 0.1350960E-10
   620.0 -.2891160E-10
   621.0 -.7774656E-10
   622.0 -.1317285E-09
   623.0 -.1893792E-09
   624.0 -.2490474E-09
   625.0 -.3089510E-09
   626.0 -.3672221E-09
   627.0 -.4219540E-09
   628.0 -.4712524E-09
   629.0 -.5132867E-09
   630.0 -.5463286E-09
   631.0 -.5688122E-09
   632.0 -.5793682E-09
   633.0 -.5768624E-09
   634.0 -.5604333E-09
   635.0 -.5295153E-09
   636.0 -.4838597E-09
   637.0 -.4235502E-09
   638.0 -.3490057E-09
   639.0 -.2609783E-09
   640.0 -.1605414E-09
   641.0 -.4907748E-10
   642.0 0.7175382E-10
   643.0 0.2000440E-09
   644.0 0.3336716E-09
   645.0 0.4703485E-09
   646.0 0.6076672E-09
   647.0 0.7431407E-09
   648.0 0.8742737E-09
   649.0 0.9985925E-09
   650.0 0.1113714E-08
   651.0 0.1217386E-08
   652.0 0.1307542E-08
   653.0 0.1382336E-08
   654.0 0.1440189E-08
   655.0 0.1479815E-08
   656.0 0.1500253E-08
   657.0 0.1500885E-08
   658.0 0.1481438E-08
   659.0 0.1442008E-08
   660.0 0.1383025E-08
   661.0 0.1305276E-08
   662.0 0.1209866E-08
   663.0 0.1098182E-08
   664.0 0.9718896E-09
   665.0 0.8328731E-09
   666.0 0.6831942E-09
   667.0 0.5250619E-09
   668.0 0.3607637E-09
   669.0 0.1926350E-09
   670.0 0.2299693E-10
   671.0 -.1458840E-09
   672.0 -.3118436E-09
   673.0 -.4728641E-09
   674.0 -.6271048E-09
   675.0 -.7729439E-09
   676.0 -.9090010E-09
   677.0 -.1034148E-08
   678.0 -.1147536E-08
   679.0 -.1248585E-08
   680.0 -.1337000E-08
   681.0 -.1412744E-08
   682.0 -.1476025E-08
   683.0 -.1527287E-08
   684.0 -.1567167E-08
   685.0 -.1596468E-08
   686.0 -.1616117E-08
   687.0 -.1627137E-08
   688.0 -.1630598E-08
   689.0 -.1627572E-08
   690.0 -.1619097E-08
   691.0 -.1606149E-08
   692.0 -.1589582E-08
   693.0 -.1570129E-08
   694.0 -.1548345E-08
   695.0 -.1524613E-08
   696.0 -.1499114E-08
   697.0 -.1471832E-08
   698.0 -.1442553E-08
   699.0 -.1410874E-08
   700.0 -.1376225E-08
   701.0 -.1337886E-08
   702.0 -.1295026E-08
   703.0 -.1246736E-08
   704.0 -.1192072E-08
   705.0 -.1130103E-08
   706.0 -.1059954E-08
   707.0 -.9808625E-09
   708.0 -.8922209E-09
   709.0 -.7936319E-09
   710.0 -.6849442E-09
   711.0 -.5662980E-09
   712.0 -.4381515E-09
   713.0 -.3013203E-09
   714.0 -.1569762E-09
   715.0 -.6664868E-11
   716.0 0.1476921E-09
   717.0 0.3038196E-09
   718.0 0.4591167E-09
   719.0 0.6106752E-09
   720.0 0.7553448E-09
   721.0 0.8897809E-09
   722.0 0.1010513E-08
   723.0 0.1114010E-08
   724.0 0.1196776E-08
   725.0 0.1255422E-08
   726.0 0.1286766E-08
   727.0 0.1287909E-08
   728.0 0.1256347E-08
   729.0 0.1190026E-08
   730.0 0.1087451E-08
   731.0 0.9477431E-09
   732.0 0.7707104E-09
   733.0 0.5568910E-09
   734.0 0.3076071E-09
   735.0 0.2497201E-10
   736.0 -.2880937E-09
   737.0 -.6278755E-09
   738.0 -.9898909E-09
   739.0 -.1368938E-08
   740.0 -.1759158E-08
   741.0 -.2154126E-08
   742.0 -.2546932E-08
   743.0 -.2930315E-08
   744.0 -.3296777E-08
   745.0 -.3638735E-08
   746.0 -.3948652E-08
   747.0 -.4219212E-08
   748.0 -.4443463E-08
   749.0 -.4614980E-08
   750.0 -.4728021E-08
   751.0 -.4777665E-08
   752.0 -.4759987E-08
   753.0 -.4672120E-08
   754.0 -.4512425E-08
   755.0 -.4280552E-08
   756.0 -.3977481E-08
   757.0 -.3605630E-08
   758.0 -.3168819E-08
   759.0 -.2672266E-08
   760.0 -.2122568E-08
   761.0 -.1527613E-08
   762.0 -.8964893E-09
   763.0 -.2393598E-09
   764.0 0.4326851E-09
   765.0 0.1107813E-08
   766.0 0.1773638E-08
   767.0 0.2417450E-08
   768.0 0.3026438E-08
   769.0 0.3587928E-08
   770.0 0.4089658E-08
   771.0 0.4520003E-08
   772.0 0.4868230E-08
   773.0 0.5124777E-08
   774.0 0.5281427E-08
   775.0 0.5331557E-08
   776.0 0.5270336E-08
   777.0 0.5094845E-08
   778.0 0.4804278E-08
   779.0 0.4399979E-08
   780.0 0.3885533E-08
   781.0 0.3266782E-08
   782.0 0.2551813E-08
   783.0 0.1750880E-08
   784.0 0.8763190E-09
   785.0 -.5762674E-10
   786.0 -.1034975E-08
   787.0 -.2038240E-08
   788.0 -.3048701E-08
   789.0 -.4046697E-08
   790.0 -.5011954E-08
   791.0 -.5923908E-08
   792.0 -.6762118E-08
   793.0 -.7506619E-08
   794.0 -.8138242E-08
   795.0 -.8639134E-08
   796.0 -.8992957E-08
   797.0 -.9185391E-08
   798.0 -.9204297E-08
   799.0 -.9040200E-08
   800.0 -.8686417E-08
   801.0 -.8139309E-08
   802.0 -.7398492E-08
   803.0 -.6466875E-08
   804.0 -.5350832E-08
   805.0 -.4060101E-08
   806.0 -.2607811E-08
   807.0 -.1010314E-08
   808.0 0.7129475E-09
   809.0 0.2539708E-08
   810.0 0.4445153E-08
   811.0 0.6402258E-08
   812.0 0.8382192E-08
   813.0 0.1035474E-07
   814.0 0.1228874E-07
   815.0 0.1415268E-07
   816.0 0.1591509E-07
   817.0 0.1754516E-07
   818.0 0.1901321E-07
   819.0 0.2029129E-07
   820.0 0.2135367E-07
   821.0 0.2217716E-07
   822.0 0.2274188E-07
   823.0 0.2303141E-07
   824.0 0.2303324E-07
   825.0 0.2273913E-07
   826.0 0.2214522E-07
   827.0 0.2125227E-07
   828.0 0.2006583E-07
   829.0 0.1859612E-07
   830.0 0.1685804E-07
   831.0 0.1487106E-07
   832.0 0.1265896E-07
   833.0 0.1024950E-07
   834.0 0.7674177E-08
   835.0 0.4967658E-08
   836.0 0.2167361E-08
   837.0 -.6871061E-09
   838.0 -.3554572E-08
   839.0 -.6392872E-08
   840.0 -.9159587E-08
   841.0 -.1181264E-07
   842.0 -.1431104E-07
   843.0 -.1661551E-07
   844.0 -.1868917E-07
   845.0 -.2049813E-07
   846.0 -.2201210E-07
   847.0 -.2320494E-07
   848.0 -.2405509E-07
   849.0 -.2454598E-07
   850.0 -.2466643E-07
   851.0 -.2441079E-07
   852.0 -.2377914E-07
   853.0 -.2277742E-07
   854.0 -.2141730E-07
   855.0 -.1971609E-07
   856.0 -.1769651E-07
   857.0 -.1538644E-07
   858.0 -.1281851E-07
   859.0 -.1002950E-07
   860.0 -.7059998E-08
   861.0 -.3953592E-08
   862.0 -.7563146E-09
   863.0 0.2484076E-08
   864.0 0.5718925E-08
   865.0 0.8899344E-08
   866.0 0.1197705E-07
   867.0 0.1490513E-07
   868.0 0.1763885E-07
   869.0 0.2013611E-07
   870.0 0.2235855E-07
   871.0 0.2427187E-07
   872.0 0.2584641E-07
   873.0 0.2705774E-07
   874.0 0.2788701E-07
   875.0 0.2832127E-07
   876.0 0.2835363E-07
   877.0 0.2798351E-07
   878.0 0.2721640E-07
   879.0 0.2606410E-07
   880.0 0.2454425E-07
   881.0 0.2268024E-07
   882.0 0.2050062E-07
   883.0 0.1803885E-07
   884.0 0.1533258E-07
   885.0 0.1242318E-07
   886.0 0.9354864E-08
   887.0 0.6174209E-08
   888.0 0.2929232E-08
   889.0 -.3313887E-09
   890.0 -.3558993E-08
   891.0 -.6705844E-08
   892.0 -.9725825E-08
   893.0 -.1257520E-07
   894.0 -.1521331E-07
   895.0 -.1760320E-07
   896.0 -.1971220E-07
   897.0 -.2151240E-07
   898.0 -.2298111E-07
   899.0 -.2410114E-07
   900.0 -.2486106E-07
   901.0 -.2525527E-07
   902.0 -.2528415E-07
   903.0 -.2495385E-07
   904.0 -.2427621E-07
   905.0 -.2326850E-07
   906.0 -.2195302E-07
   907.0 -.2035668E-07
   908.0 -.1851055E-07
   909.0 -.1644929E-07
   910.0 -.1421032E-07
   911.0 -.1183350E-07
   912.0 -.9360165E-08
   913.0 -.6832488E-08
   914.0 -.4292815E-08
   915.0 -.1782862E-08
   916.0 0.6569035E-09
   917.0 0.2987967E-08
   918.0 0.5174359E-08
   919.0 0.7183220E-08
   920.0 0.8985362E-08
   921.0 0.1055555E-07
   922.0 0.1187307E-07
   923.0 0.1292179E-07
   924.0 0.1369047E-07
   925.0 0.1417280E-07
   926.0 0.1436748E-07
   927.0 0.1427808E-07
   928.0 0.1391290E-07
   929.0 0.1328464E-07
   930.0 0.1241028E-07
   931.0 0.1131051E-07
   932.0 0.1000934E-07
   933.0 0.8533710E-08
   934.0 0.6912793E-08
   935.0 0.5177515E-08
   936.0 0.3359988E-08
   937.0 0.1492906E-08
   938.0 -.3910684E-09
   939.0 -.2259842E-08
   940.0 -.4082460E-08
   941.0 -.5829623E-08
   942.0 -.7474162E-08
   943.0 -.8991435E-08
   944.0 -.1035978E-07
   945.0 -.1156071E-07
   946.0 -.1257920E-07
   947.0 -.1340394E-07
   948.0 -.1402729E-07
   949.0 -.1444548E-07
   950.0 -.1465838E-07
   951.0 -.1466956E-07
   952.0 -.1448611E-07
   953.0 -.1411827E-07
   954.0 -.1357929E-07
   955.0 -.1288511E-07
   956.0 -.1205388E-07
   957.0 -.1110571E-07
   958.0 -.1006208E-07
   959.0 -.8945621E-08
   960.0 -.7779489E-08
   961.0 -.6586992E-08
   962.0 -.5391192E-08
   963.0 -.4214478E-08
   964.0 -.3078136E-08
   965.0 -.2002054E-08
   966.0 -.1004361E-08
   967.0 -.1011669E-09
   968.0 0.6936784E-09
   969.0 0.1368777E-08
   970.0 0.1915315E-08
   971.0 0.2327147E-08
   972.0 0.2600846E-08
   973.0 0.2735706E-08
   974.0 0.2733623E-08
   975.0 0.2599095E-08
   976.0 0.2338984E-08
   977.0 0.1962391E-08
   978.0 0.1480431E-08
   979.0 0.9059962E-09
   980.0 0.2534904E-09
   981.0 -.4614501E-09
   982.0 -.1222236E-08
   983.0 -.2011642E-08
   984.0 -.2812103E-08
   985.0 -.3605981E-08
   986.0 -.4375901E-08
   987.0 -.5105009E-08
   988.0 -.5777218E-08
   989.0 -.6377472E-08
   990.0 -.6891975E-08
   991.0 -.7308391E-08
   992.0 -.7615997E-08
   993.0 -.7805857E-08
   994.0 -.7870931E-08
   995.0 -.7806210E-08
   996.0 -.7608705E-08
   997.0 -.7277564E-08
   998.0 -.6814095E-08
   999.0 -.6221654E-08
  1000.0 -.5505747E-08
  1001.0 -.4673872E-08
  1002.0 -.3735482E-08
  1003.0 -.2701868E-08
  1004.0 -.1586054E-08
  1005.0 -.4026566E-09
  1006.0 0.8323084E-09
  1007.0 0.2101567E-08
  1008.0 0.3386778E-08
  1009.0 0.4668772E-08
  1010.0 0.5927738E-08
  1011.0 0.7143480E-08
  1012.0 0.8295669E-08
  1013.0 0.9364070E-08
  1014.0 0.1032885E-07
  1015.0 0.1117080E-07
  1016.0 0.1187171E-07
  1017.0 0.1241451E-07
  1018.0 0.1278371E-07
  1019.0 0.1296559E-07
  1020.0 0.1294844E-07
  1021.0 0.1272296E-07
  1022.0 0.1228240E-07
  1023.0 0.1162281E-07
  1024.0 0.1074336E-07
  1025.0 0.9646327E-08
  1026.0 0.8337436E-08
  1027.0 0.6825881E-08
  1028.0 0.5124410E-08
  1029.0 0.3249347E-08
  1030.0 0.1220570E-08
  1031.0 -.9385631E-09
  1032.0 -.3201396E-08
  1033.0 -.5538145E-08
  1034.0 -.7916195E-08
  1035.0 -.1030041E-07
  1036.0 -.1265358E-07
  1037.0 -.1493681E-07
  1038.0 -.1711009E-07
  1039.0 -.1913287E-07
  1040.0 -.2096476E-07
  1041.0 -.2256593E-07
  1042.0 -.2389814E-07
  1043.0 -.2492520E-07
  1044.0 -.2561391E-07
  1045.0 -.2593456E-07
  1046.0 -.2586186E-07
  1047.0 -.2537546E-07
  1048.0 -.2446067E-07
  1049.0 -.2310905E-07
  1050.0 -.2131877E-07
  1051.0 -.1909535E-07
  1052.0 -.1645158E-07
  1053.0 -.1340802E-07
  1054.0 -.9992980E-08
  1055.0 -.6242465E-08
  1056.0 -.2199990E-08
  1057.0 0.2083716E-08
  1058.0 0.6551262E-08
  1059.0 0.1113914E-07
  1060.0 0.1577857E-07
  1061.0 0.2039634E-07
  1062.0 0.2491599E-07
  1063.0 0.2925876E-07
  1064.0 0.3334496E-07
  1065.0 0.3709539E-07
  1066.0 0.4043262E-07
  1067.0 0.4328245E-07
  1068.0 0.4557540E-07
  1069.0 0.4724831E-07
  1070.0 0.4824549E-07
  1071.0 0.4852016E-07
  1072.0 0.4803594E-07
  1073.0 0.4676765E-07
  1074.0 0.4470245E-07
  1075.0 0.4184066E-07
  1076.0 0.3819642E-07
  1077.0 0.3379796E-07
  1078.0 0.2868778E-07
  1079.0 0.2292274E-07
  1080.0 0.1657344E-07
  1081.0 0.9723818E-08
  1082.0 0.2470115E-08
  1083.0 -.5080190E-08
  1084.0 -.1280975E-07
  1085.0 -.2059309E-07
  1086.0 -.2829834E-07
  1087.0 -.3578936E-07
  1088.0 -.4292807E-07
  1089.0 -.4957630E-07
  1090.0 -.5559896E-07
  1091.0 -.6086590E-07
  1092.0 -.6525468E-07
  1093.0 -.6865279E-07
  1094.0 -.7096057E-07
  1095.0 -.7209280E-07
  1096.0 -.7198094E-07
  1097.0 -.7057529E-07
  1098.0 -.6784600E-07
  1099.0 -.6378471E-07
  1100.0 -.5840583E-07
  1101.0 -.5174608E-07
  1102.0 -.4386556E-07
  1103.0 -.3484722E-07
  1104.0 -.2479610E-07
  1105.0 -.1383843E-07
  1106.0 -.2119974E-08
  1107.0 0.1019565E-07
  1108.0 0.2292946E-07
  1109.0 0.3588962E-07
  1110.0 0.4887445E-07
  1111.0 0.6167544E-07
  1112.0 0.7408095E-07
  1113.0 0.8587995E-07
  1114.0 0.9686504E-07
  1115.0 0.1068371E-06
  1116.0 0.1156082E-06
  1117.0 0.1230058E-06
  1118.0 0.1288766E-06
  1119.0 0.1330884E-06
  1120.0 0.1355340E-06
  1121.0 0.1361343E-06
  1122.0 0.1348394E-06
  1123.0 0.1316304E-06
  1124.0 0.1265221E-06
  1125.0 0.1195611E-06
  1126.0 0.1108282E-06
  1127.0 0.1004362E-06
  1128.0 0.8852956E-07
  1129.0 0.7528268E-07
  1130.0 0.6089707E-07
  1131.0 0.4559916E-07
  1132.0 0.2963602E-07
  1133.0 0.1327211E-07
  1134.0 -.3215354E-08
  1135.0 -.1954085E-07
  1136.0 -.3541566E-07
  1137.0 -.5055288E-07
  1138.0 -.6467275E-07
  1139.0 -.7750755E-07
  1140.0 -.8880740E-07
  1141.0 -.9834472E-07
  1142.0 -.1059190E-06
  1143.0 -.1113609E-06
  1144.0 -.1145369E-06
  1145.0 -.1153515E-06
  1146.0 -.1137509E-06
  1147.0 -.1097245E-06
  1148.0 -.1033060E-06
  1149.0 -.9457478E-07
  1150.0 -.8365458E-07
  1151.0 -.7071329E-07
  1152.0 -.5596003E-07
  1153.0 -.3964357E-07
  1154.0 -.2204776E-07
  1155.0 -.3488038E-08
  1156.0 0.1569369E-07
  1157.0 0.3513475E-07
  1158.0 0.5445739E-07
  1159.0 0.7327537E-07
  1160.0 0.9120081E-07
  1161.0 0.1078507E-06
  1162.0 0.1228547E-06
  1163.0 0.1358606E-06
  1164.0 0.1465435E-06
  1165.0 0.1546095E-06
  1166.0 0.1598038E-06
  1167.0 0.1619152E-06
  1168.0 0.1607817E-06
  1169.0 0.1562936E-06
  1170.0 0.1483979E-06
  1171.0 0.1370999E-06
  1172.0 0.1224644E-06
  1173.0 0.1046167E-06
  1174.0 0.8374150E-07
  1175.0 0.6008127E-07
  1176.0 0.3393346E-07
  1177.0 0.5646221E-08
  1178.0 -.2438586E-07
  1179.0 -.5572770E-07
  1180.0 -.8791037E-07
  1181.0 -.1204382E-06
  1182.0 -.1527968E-06
  1183.0 -.1844612E-06
  1184.0 -.2149050E-06
  1185.0 -.2436087E-06
  1186.0 -.2700698E-06
  1187.0 -.2938096E-06
  1188.0 -.3143831E-06
  1189.0 -.3313884E-06
  1190.0 -.3444717E-06
  1191.0 -.3533352E-06
  1192.0 -.3577445E-06
  1193.0 -.3575311E-06
  1194.0 -.3525979E-06
  1195.0 -.3429226E-06
  1196.0 -.3285587E-06
  1197.0 -.3096352E-06
  1198.0 -.2863544E-06
  1199.0 -.2589943E-06
  1200.0 -.2279009E-06
  1201.0 -.1934840E-06
  1202.0 -.1562128E-06
  1203.0 -.1166077E-06
  1204.0 -.7523297E-07
  1205.0 -.3268716E-07
  1206.0 0.1040548E-07
  1207.0 0.5340570E-07
  1208.0 0.9566968E-07
  1209.0 0.1365592E-06
  1210.0 0.1754532E-06
  1211.0 0.2117570E-06
  1212.0 0.2449137E-06
  1213.0 0.2744128E-06
  1214.0 0.2998009E-06
  1215.0 0.3206861E-06
  1216.0 0.3367495E-06
  1217.0 0.3477487E-06
  1218.0 0.3535223E-06
  1219.0 0.3539940E-06
  1220.0 0.3491732E-06
  1221.0 0.3391587E-06
  1222.0 0.3241330E-06
  1223.0 0.3043642E-06
  1224.0 0.2801969E-06
  1225.0 0.2520540E-06
  1226.0 0.2204218E-06
  1227.0 0.1858490E-06
  1228.0 0.1489332E-06
  1229.0 0.1103137E-06
  1230.0 0.7065940E-07
  1231.0 0.3065742E-07
  1232.0 -.8997151E-08
  1233.0 -.4761465E-07
  1234.0 -.8452170E-07
  1235.0 -.1190732E-06
  1236.0 -.1506640E-06
  1237.0 -.1787375E-06
  1238.0 -.2027992E-06
  1239.0 -.2224211E-06
  1240.0 -.2372531E-06
  1241.0 -.2470265E-06
  1242.0 -.2515622E-06
  1243.0 -.2507704E-06
  1244.0 -.2446557E-06
  1245.0 -.2333164E-06
  1246.0 -.2169427E-06
  1247.0 -.1958151E-06
  1248.0 -.1702985E-06
  1249.0 -.1408376E-06
  1250.0 -.1079492E-06
  1251.0 -.7221317E-07
  1252.0 -.3426372E-07
  1253.0 0.5222112E-08
  1254.0 0.4553572E-07
  1255.0 0.8594855E-07
  1256.0 0.1257250E-06
  1257.0 0.1641343E-06
  1258.0 0.2004648E-06
  1259.0 0.2340340E-06
  1260.0 0.2642021E-06
  1261.0 0.2903819E-06
  1262.0 0.3120506E-06
  1263.0 0.3287582E-06
  1264.0 0.3401344E-06
  1265.0 0.3458982E-06
  1266.0 0.3458596E-06
  1267.0 0.3399267E-06
  1268.0 0.3281046E-06
  1269.0 0.3104981E-06
  1270.0 0.2873093E-06
  1271.0 0.2588355E-06
  1272.0 0.2254633E-06
  1273.0 0.1876633E-06
  1274.0 0.1459833E-06
  1275.0 0.1010379E-06
  1276.0 0.5350038E-07
  1277.0 0.4089742E-08
  1278.0 -.4643889E-07
  1279.0 -.9730854E-07
  1280.0 -.1477313E-06
  1281.0 -.1969229E-06
  1282.0 -.2441143E-06
  1283.0 -.2885645E-06
  1284.0 -.3295728E-06
  1285.0 -.3664908E-06
  1286.0 -.3987316E-06
  1287.0 -.4257805E-06
  1288.0 -.4472021E-06
  1289.0 -.4626485E-06
  1290.0 -.4718643E-06
  1291.0 -.4746904E-06
  1292.0 -.4710657E-06
  1293.0 -.4610294E-06
  1294.0 -.4447185E-06
  1295.0 -.4223675E-06
  1296.0 -.3943005E-06
  1297.0 -.3609306E-06
  1298.0 -.3227481E-06
  1299.0 -.2803154E-06
  1300.0 -.2342576E-06
  1301.0 -.1852496E-06
  1302.0 -.1340083E-06
  1303.0 -.8127865E-07
  1304.0 -.2782330E-07
  1305.0 0.2559072E-07
  1306.0 0.7820415E-07
  1307.0 0.1292766E-06
  1308.0 0.1780984E-06
  1309.0 0.2240024E-06
  1310.0 0.2663720E-06
  1311.0 0.3046528E-06
  1312.0 0.3383586E-06
  1313.0 0.3670791E-06
  1314.0 0.3904858E-06
  1315.0 0.4083350E-06
  1316.0 0.4204711E-06
  1317.0 0.4268283E-06
  1318.0 0.4274288E-06
  1319.0 0.4223840E-06
  1320.0 0.4118866E-06
  1321.0 0.3962107E-06
  1322.0 0.3757042E-06
  1323.0 0.3507811E-06
  1324.0 0.3219162E-06
  1325.0 0.2896329E-06
  1326.0 0.2544972E-06
  1327.0 0.2171058E-06
  1328.0 0.1780768E-06
  1329.0 0.1380386E-06
  1330.0 0.9761990E-07
  1331.0 0.5744012E-07
  1332.0 0.1809844E-07
  1333.0 -.1983462E-07
  1334.0 -.5582635E-07
  1335.0 -.8938932E-07
  1336.0 -.1200885E-06
  1337.0 -.1475469E-06
  1338.0 -.1714507E-06
  1339.0 -.1915526E-06
  1340.0 -.2076742E-06
  1341.0 -.2197073E-06
  1342.0 -.2276140E-06
  1343.0 -.2314251E-06
  1344.0 -.2312383E-06
  1345.0 -.2272139E-06
  1346.0 -.2195716E-06
  1347.0 -.2085839E-06
  1348.0 -.1945710E-06
  1349.0 -.1778932E-06
  1350.0 -.1589442E-06
  1351.0 -.1381433E-06
  1352.0 -.1159268E-06
  1353.0 -.9274152E-07
  1354.0 -.6903522E-07
  1355.0 -.4524924E-07
  1356.0 -.2181175E-07
  1357.0 0.8703044E-09
  1358.0 0.2241700E-07
  1359.0 0.4248155E-07
  1360.0 0.6075550E-07
  1361.0 0.7697258E-07
  1362.0 0.9091247E-07
  1363.0 0.1024034E-06
  1364.0 0.1113231E-06
  1365.0 0.1176003E-06
  1366.0 0.1212133E-06
  1367.0 0.1221906E-06
  1368.0 0.1206066E-06
  1369.0 0.1165800E-06
  1370.0 0.1102709E-06
  1371.0 0.1018752E-06
  1372.0 0.9162119E-07
  1373.0 0.7976314E-07
  1374.0 0.6657702E-07
  1375.0 0.5235393E-07
  1376.0 0.3739479E-07
  1377.0 0.2200426E-07
  1378.0 0.6485150E-08
  1379.0 -.8867038E-08
  1380.0 -.2376960E-07
  1381.0 -.3795712E-07
  1382.0 -.5118611E-07
  1383.0 -.6323874E-07
  1384.0 -.7392538E-07
  1385.0 -.8308894E-07
  1386.0 -.9060498E-07
  1387.0 -.9638372E-07
  1388.0 -.1003709E-06
  1389.0 -.1025471E-06
  1390.0 -.1029275E-06
  1391.0 -.1015602E-06
  1392.0 -.9852408E-07
  1393.0 -.9392694E-07
  1394.0 -.8790235E-07
  1395.0 -.8060567E-07
  1396.0 -.7221154E-07
  1397.0 -.6290907E-07
  1398.0 -.5289838E-07
  1399.0 -.4238622E-07
  1400.0 -.3158176E-07
  1401.0 -.2069306E-07
  1402.0 -.9922643E-08
  1403.0 0.5358239E-09
  1404.0 0.1050104E-07
  1405.0 0.1980697E-07
  1406.0 0.2830561E-07
  1407.0 0.3586900E-07
  1408.0 0.4239132E-07
  1409.0 0.4778950E-07
  1410.0 0.5200499E-07
  1411.0 0.5500318E-07
  1412.0 0.5677365E-07
  1413.0 0.5732943E-07
  1414.0 0.5670617E-07
  1415.0 0.5496034E-07
  1416.0 0.5216768E-07
  1417.0 0.4842102E-07
  1418.0 0.4382789E-07
  1419.0 0.3850811E-07
  1420.0 0.3259079E-07
  1421.0 0.2621174E-07
  1422.0 0.1951068E-07
  1423.0 0.1262818E-07
  1424.0 0.5703247E-08
  1425.0 -.1129519E-08
  1426.0 -.7742205E-08
  1427.0 -.1401592E-07
  1428.0 -.1984253E-07
  1429.0 -.2512665E-07
  1430.0 -.2978668E-07
  1431.0 -.3375603E-07
  1432.0 -.3698397E-07
  1433.0 -.3943549E-07
  1434.0 -.4109212E-07
  1435.0 -.4195093E-07
  1436.0 -.4202438E-07
  1437.0 -.4133952E-07
  1438.0 -.3993651E-07
  1439.0 -.3786777E-07
  1440.0 -.3519623E-07
  1441.0 -.3199358E-07
  1442.0 -.2833876E-07
  1443.0 -.2431598E-07
  1444.0 -.2001289E-07
  1445.0 -.1551879E-07
  1446.0 -.1092270E-07
  1447.0 -.6311692E-08
  1448.0 -.1769301E-08
  1449.0 0.2625980E-08
  1450.0 0.6802028E-08
  1451.0 0.1069414E-07
  1452.0 0.1424611E-07
  1453.0 0.1741076E-07
  1454.0 0.2015060E-07
  1455.0 0.2243800E-07
  1456.0 0.2425534E-07
  1457.0 0.2559481E-07
  1458.0 0.2645801E-07
  1459.0 0.2685568E-07
  1460.0 0.2680676E-07
  1461.0 0.2633764E-07
  1462.0 0.2548132E-07
  1463.0 0.2427627E-07
  1464.0 0.2276543E-07
  1465.0 0.2099502E-07
  1466.0 0.1901349E-07
  1467.0 0.1687022E-07
  1468.0 0.1461457E-07
  1469.0 0.1229478E-07
  1470.0 0.9957104E-08
  1471.0 0.7644823E-08
  1472.0 0.5397593E-08
  1473.0 0.3250755E-08
  1474.0 0.1234870E-08
  1475.0 -.6246005E-09
  1476.0 -.2307611E-08
  1477.0 -.3799526E-08
  1478.0 -.5091124E-08
  1479.0 -.6178438E-08
  1480.0 -.7062392E-08
  1481.0 -.7748565E-08
  1482.0 -.8246517E-08
  1483.0 -.8569402E-08
  1484.0 -.8733316E-08
  1485.0 -.8756665E-08
  1486.0 -.8659406E-08
  1487.0 -.8462512E-08
  1488.0 -.8187288E-08
  1489.0 -.7854689E-08
  1490.0 -.7484753E-08
  1491.0 -.7096110E-08
  1492.0 -.6705515E-08
  1493.0 -.6327432E-08
  1494.0 -.5973789E-08
  1495.0 -.5653713E-08
  1496.0 -.5373424E-08
  1497.0 -.5136237E-08
  1498.0 -.4942577E-08
  1499.0 -.4790125E-08
  1500.0 -.4674061E-08
  1501.0 -.4587319E-08
  1502.0 -.4520958E-08
  1503.0 -.4464495E-08
  1504.0 -.4406411E-08
  1505.0 -.4334562E-08
  1506.0 -.4236623E-08
  1507.0 -.4100552E-08
  1508.0 -.3915074E-08
  1509.0 -.3670054E-08
  1510.0 -.3356897E-08
  1511.0 -.2968871E-08
  1512.0 -.2501379E-08
  1513.0 -.1952207E-08
  1514.0 -.1321633E-08
  1515.0 -.6125128E-09
  1516.0 0.1697015E-09
  1517.0 0.1017043E-08
  1518.0 0.1919167E-08
  1519.0 0.2863554E-08
  1520.0 0.3835773E-08
  1521.0 0.4819804E-08
  1522.0 0.5798404E-08
  1523.0 0.6753522E-08
  1524.0 0.7666695E-08
  1525.0 0.8519487E-08
  1526.0 0.9294041E-08
  1527.0 0.9973368E-08
  1528.0 0.1054187E-07
  1529.0 0.1098573E-07
  1530.0 0.1129326E-07
  1531.0 0.1145520E-07
  1532.0 0.1146502E-07
  1533.0 0.1131908E-07
  1534.0 0.1101682E-07
  1535.0 0.1056080E-07
  1536.0 0.9956661E-08
  1537.0 0.9213129E-08
  1538.0 0.8341872E-08
  1539.0 0.7357232E-08
  1540.0 0.6276003E-08
  1541.0 0.5117118E-08
  1542.0 0.3901254E-08
  1543.0 0.2650452E-08
  1544.0 0.1387650E-08
  1545.0 0.1362331E-09
  1546.0 -.1080446E-08
  1547.0 -.2239544E-08
  1548.0 -.3319190E-08
  1549.0 -.4298927E-08
  1550.0 -.5160167E-08
  1551.0 -.5886508E-08
  1552.0 -.6464159E-08
  1553.0 -.6882142E-08
  1554.0 -.7132583E-08
  1555.0 -.7210823E-08
  1556.0 -.7115566E-08
  1557.0 -.6848847E-08
  1558.0 -.6416074E-08
  1559.0 -.5825834E-08
  1560.0 -.5089794E-08
  1561.0 -.4222418E-08
  1562.0 -.3240702E-08
  1563.0 -.2163844E-08
  1564.0 -.1012828E-08
  1565.0 0.1899529E-09
  1566.0 0.1421161E-08
  1567.0 0.2656968E-08
  1568.0 0.3873522E-08
  1569.0 0.5047393E-08
  1570.0 0.6156087E-08
  1571.0 0.7178362E-08
  1572.0 0.8094771E-08
  1573.0 0.8887908E-08
  1574.0 0.9542802E-08
  1575.0 0.1004719E-07
  1576.0 0.1039169E-07
  1577.0 0.1056998E-07
  1578.0 0.1057891E-07
  1579.0 0.1041854E-07
  1580.0 0.1009210E-07
  1581.0 0.9605897E-08
  1582.0 0.8969167E-08
  1583.0 0.8193925E-08
  1584.0 0.7294628E-08
  1585.0 0.6287972E-08
  1586.0 0.5192442E-08
  1587.0 0.4028074E-08
  1588.0 0.2815958E-08
  1589.0 0.1577902E-08
  1590.0 0.3359673E-09
  1591.0 -.8879132E-09
  1592.0 -.2072365E-08
  1593.0 -.3196930E-08
  1594.0 -.4242474E-08
  1595.0 -.5191505E-08
  1596.0 -.6028453E-08
  1597.0 -.6739979E-08
  1598.0 -.7315151E-08
  1599.0 -.7745621E-08
  1600.0 -.8025742E-08
  1601.0 -.8152639E-08
  1602.0 -.8126184E-08
  1603.0 -.7949058E-08
  1604.0 -.7626501E-08
  1605.0 -.7166310E-08
  1606.0 -.6578572E-08
  1607.0 -.5875524E-08
  1608.0 -.5071205E-08
  1609.0 -.4181253E-08
  1610.0 -.3222539E-08
  1611.0 -.2212878E-08
  1612.0 -.1170687E-08
  1613.0 -.1146396E-09
  1614.0 0.9366706E-09
  1615.0 0.1965046E-08
  1616.0 0.2952996E-08
  1617.0 0.3884054E-08
  1618.0 0.4743019E-08
  1619.0 0.5516204E-08
  1620.0 0.6191637E-08
  1621.0 0.6759247E-08
  1622.0 0.7210966E-08
  1623.0 0.7540859E-08
  1624.0 0.7745166E-08
  1625.0 0.7822286E-08
  1626.0 0.7772799E-08
  1627.0 0.7599361E-08
  1628.0 0.7306653E-08
  1629.0 0.6901187E-08
  1630.0 0.6391224E-08
  1631.0 0.5786531E-08
  1632.0 0.5098199E-08
  1633.0 0.4338439E-08
  1634.0 0.3520306E-08
  1635.0 0.2657492E-08
  1636.0 0.1764073E-08
  1637.0 0.8542576E-09
  1638.0 -.5784374E-10
  1639.0 -.9584430E-09
  1640.0 -.1834310E-08
  1641.0 -.2672946E-08
  1642.0 -.3462771E-08
  1643.0 -.4193308E-08
  1644.0 -.4855286E-08
  1645.0 -.5440728E-08
  1646.0 -.5943120E-08
  1647.0 -.6357379E-08
  1648.0 -.6679932E-08
  1649.0 -.6908700E-08
  1650.0 -.7043101E-08
  1651.0 -.7083977E-08
  1652.0 -.7033575E-08
  1653.0 -.6895406E-08
  1654.0 -.6674183E-08
  1655.0 -.6375688E-08
  1656.0 -.6006677E-08
  1657.0 -.5574669E-08
  1658.0 -.5087896E-08
  1659.0 -.4555062E-08
  1660.0 -.3985253E-08
  1661.0 -.3387786E-08
  1662.0 -.2772003E-08
  1663.0 -.2147204E-08
  1664.0 -.1522475E-08
  1665.0 -.9065562E-09
  1666.0 -.3077558E-09
  1667.0 0.2661725E-09
  1668.0 0.8081187E-09
  1669.0 0.1311681E-08
  1670.0 0.1771232E-08
  1671.0 0.2181971E-08
  1672.0 0.2539959E-08
  1673.0 0.2842122E-08
  1674.0 0.3086273E-08
  1675.0 0.3271116E-08
  1676.0 0.3396193E-08
  1677.0 0.3461891E-08
  1678.0 0.3469371E-08
  1679.0 0.3420555E-08
  1680.0 0.3318035E-08
  1681.0 0.3165047E-08
  1682.0 0.2965369E-08
  1683.0 0.2723250E-08
  1684.0 0.2443385E-08
  1685.0 0.2130766E-08
  1686.0 0.1790670E-08
  1687.0 0.1428533E-08
  1688.0 0.1049893E-08
  1689.0 0.6603220E-09
  1690.0 0.2653424E-09
  1691.0 -.1296337E-09
  1692.0 -.5193806E-09
  1693.0 -.8989048E-09
  1694.0 -.1263508E-08
  1695.0 -.1608833E-08
  1696.0 -.1930922E-08
  1697.0 -.2226225E-08
  1698.0 -.2491660E-08
  1699.0 -.2724637E-08
  1700.0 -.2923048E-08
  1701.0 -.3085325E-08
  1702.0 -.3210407E-08
  1703.0 -.3297751E-08
  1704.0 -.3347345E-08
  1705.0 -.3359675E-08
  1706.0 -.3335721E-08
  1707.0 -.3276920E-08
  1708.0 -.3185147E-08
  1709.0 -.3062673E-08
  1710.0 -.2912151E-08
  1711.0 -.2736537E-08
  1712.0 -.2539075E-08
  1713.0 -.2323237E-08
  1714.0 -.2092664E-08
  1715.0 -.1851140E-08
  1716.0 -.1602503E-08
  1717.0 -.1350608E-08
  1718.0 -.1099286E-08
  1719.0 -.8522667E-09
  1720.0 -.6131410E-09
  1721.0 -.3853050E-09
  1722.0 -.1719218E-09
  1723.0 0.2413422E-10
  1724.0 0.2002984E-09
  1725.0 0.3543638E-09
  1726.0 0.4845063E-09
  1727.0 0.5892992E-09
  1728.0 0.6677404E-09
  1729.0 0.7192555E-09
  1730.0 0.7437026E-09
  1731.0 0.7413701E-09
  1732.0 0.7129679E-09
  1733.0 0.6596034E-09
  1734.0 0.5827748E-09
  1735.0 0.4843246E-09
  1736.0 0.3664220E-09
  1737.0 0.2315111E-09
  1738.0 0.8228222E-10
  1739.0 -.7838623E-10
  1740.0 -.2474659E-09
  1741.0 -.4218365E-09
  1742.0 -.5983314E-09
  1743.0 -.7737908E-09
  1744.0 -.9451117E-09
  1745.0 -.1109298E-08
  1746.0 -.1263499E-08
  1747.0 -.1405063E-08
  1748.0 -.1531575E-08
  1749.0 -.1640874E-08
  1750.0 -.1731110E-08
  1751.0 -.1800737E-08
  1752.0 -.1848557E-08
  1753.0 -.1873721E-08
  1754.0 -.1875731E-08
  1755.0 -.1854435E-08
  1756.0 -.1810043E-08
  1757.0 -.1743092E-08
  1758.0 -.1654434E-08
  1759.0 -.1545222E-08
  1760.0 -.1416881E-08
  1761.0 -.1271064E-08
  1762.0 -.1109635E-08
  1763.0 -.9346341E-09
  1764.0 -.7482316E-09
  1765.0 -.5526957E-09
  1766.0 -.3503552E-09
  1767.0 -.1435651E-09
  1768.0 0.6533046E-10
  1769.0 0.2740290E-09
  1770.0 0.4803029E-09
  1771.0 0.6820181E-09
  1772.0 0.8771668E-09
  1773.0 0.1063881E-08
  1774.0 0.1240446E-08
  1775.0 0.1405321E-08
  1776.0 0.1557132E-08
  1777.0 0.1694691E-08
  1778.0 0.1816987E-08
  1779.0 0.1923183E-08
  1780.0 0.2012613E-08
  1781.0 0.2084768E-08
  1782.0 0.2139301E-08
  1783.0 0.2175994E-08
  1784.0 0.2194757E-08
  1785.0 0.2195624E-08
  1786.0 0.2178723E-08
  1787.0 0.2144282E-08
  1788.0 0.2092599E-08
  1789.0 0.2024062E-08
  1790.0 0.1939115E-08
  1791.0 0.1838266E-08
  1792.0 0.1722090E-08
  1793.0 0.1591222E-08
  1794.0 0.1446364E-08
  1795.0 0.1288284E-08
  1796.0 0.1117833E-08
  1797.0 0.9359434E-09
  1798.0 0.7436456E-09
  1799.0 0.5420712E-09
  1800.0 0.3324665E-09
  1801.0 0.1162057E-09
  1802.0 -.1052065E-09
  1803.0 -.3301323E-09
  1804.0 -.5567855E-09
  1805.0 -.7832446E-09
  1806.0 -.1007445E-08
  1807.0 -.1227189E-08
  1808.0 -.1440167E-08
  1809.0 -.1643952E-08
  1810.0 -.1836045E-08
  1811.0 -.2013883E-08
  1812.0 -.2174874E-08
  1813.0 -.2316429E-08
  1814.0 -.2436014E-08
  1815.0 -.2531169E-08
  1816.0 -.2599571E-08
  1817.0 -.2639067E-08
  1818.0 -.2647739E-08
  1819.0 -.2623927E-08
  1820.0 -.2566293E-08
  1821.0 -.2473870E-08
  1822.0 -.2346080E-08
  1823.0 -.2182791E-08
  1824.0 -.1984356E-08
  1825.0 -.1751613E-08
  1826.0 -.1485915E-08
  1827.0 -.1189149E-08
  1828.0 -.8637321E-09
  1829.0 -.5126049E-09
  1830.0 -.1392046E-09
  1831.0 0.2525477E-09
  1832.0 0.6582901E-09
  1833.0 0.1073265E-08
  1834.0 0.1492378E-08
  1835.0 0.1910261E-08
  1836.0 0.2321332E-08
  1837.0 0.2719894E-08
  1838.0 0.3100204E-08
  1839.0 0.3456579E-08
  1840.0 0.3783449E-08
  1841.0 0.4075506E-08
  1842.0 0.4327756E-08
  1843.0 0.4535590E-08
  1844.0 0.4694960E-08
  1845.0 0.4802339E-08
  1846.0 0.4854892E-08
  1847.0 0.4850506E-08
  1848.0 0.4787823E-08
  1849.0 0.4666319E-08
  1850.0 0.4486323E-08
  1851.0 0.4249013E-08
  1852.0 0.3956483E-08
  1853.0 0.3611644E-08
  1854.0 0.3218277E-08
  1855.0 0.2780941E-08
  1856.0 0.2304948E-08
  1857.0 0.1796287E-08
  1858.0 0.1261544E-08
  1859.0 0.7078057E-09
  1860.0 0.1425652E-09
  1861.0 -.4263947E-09
  1862.0 -.9911126E-09
  1863.0 -.1543576E-08
  1864.0 -.2075840E-08
  1865.0 -.2580166E-08
  1866.0 -.3049124E-08
  1867.0 -.3475740E-08
  1868.0 -.3853588E-08
  1869.0 -.4176912E-08
  1870.0 -.4440719E-08
  1871.0 -.4640853E-08
  1872.0 -.4774108E-08
  1873.0 -.4838222E-08
  1874.0 -.4831985E-08
  1875.0 -.4755232E-08
  1876.0 -.4608862E-08
  1877.0 -.4394812E-08
  1878.0 -.4116063E-08
  1879.0 -.3776578E-08
  1880.0 -.3381256E-08
  1881.0 -.2935838E-08
  1882.0 -.2446854E-08
  1883.0 -.1921476E-08
  1884.0 -.1367453E-08
  1885.0 -.7929649E-09
  1886.0 -.2064919E-09
  1887.0 0.3833067E-09
  1888.0 0.9677333E-09
  1889.0 0.1538196E-08
  1890.0 0.2086327E-08
  1891.0 0.2604137E-08
  1892.0 0.3084114E-08
  1893.0 0.3519361E-08
  1894.0 0.3903690E-08
  1895.0 0.4231724E-08
  1896.0 0.4498975E-08
  1897.0 0.4701903E-08
  1898.0 0.4837979E-08
  1899.0 0.4905733E-08
  1900.0 0.4904703E-08
  1901.0 0.4835516E-08
  1902.0 0.4699841E-08
  1903.0 0.4500321E-08
  1904.0 0.4240598E-08
  1905.0 0.3925138E-08
  1906.0 0.3559279E-08
  1907.0 0.3149030E-08
  1908.0 0.2701037E-08
  1909.0 0.2222440E-08
  1910.0 0.1720763E-08
  1911.0 0.1203800E-08
  1912.0 0.6794759E-09
  1913.0 0.1557201E-09
  1914.0 -.3596487E-09
  1915.0 -.8590542E-09
  1916.0 -.1335272E-08
  1917.0 -.1781543E-08
  1918.0 -.2191676E-08
  1919.0 -.2560130E-08
  1920.0 -.2882090E-08
  1921.0 -.3153561E-08
  1922.0 -.3371374E-08
  1923.0 -.3533257E-08
  1924.0 -.3637836E-08
  1925.0 -.3684665E-08
  1926.0 -.3674197E-08
  1927.0 -.3607767E-08
  1928.0 -.3487570E-08
  1929.0 -.3316583E-08
  1930.0 -.3098547E-08
  1931.0 -.2837846E-08
  1932.0 -.2539463E-08
  1933.0 -.2208882E-08
  1934.0 -.1851980E-08
  1935.0 -.1474936E-08
  1936.0 -.1084138E-08
  1937.0 -.6860631E-09
  1938.0 -.2871823E-09
  1939.0 0.1061452E-09
  1940.0 0.4877651E-09
  1941.0 0.8518234E-09
  1942.0 0.1192855E-08
  1943.0 0.1505851E-08
  1944.0 0.1786346E-08
  1945.0 0.2030465E-08
  1946.0 0.2234971E-08
  1947.0 0.2397308E-08
  1948.0 0.2515634E-08
  1949.0 0.2588828E-08
  1950.0 0.2616487E-08
  1951.0 0.2598942E-08
  1952.0 0.2537210E-08
  1953.0 0.2432991E-08
  1954.0 0.2288610E-08
  1955.0 0.2106980E-08
  1956.0 0.1891547E-08
  1957.0 0.1646229E-08
  1958.0 0.1375334E-08
  1959.0 0.1083505E-08
  1960.0 0.7756333E-09
  1961.0 0.4567826E-09
  1962.0 0.1321115E-09
  1963.0 -.1932068E-09
  1964.0 -.5140654E-09
  1965.0 -.8254950E-09
  1966.0 -.1122738E-08
  1967.0 -.1401317E-08
  1968.0 -.1657091E-08
  1969.0 -.1886323E-08
  1970.0 -.2085714E-08
  1971.0 -.2252459E-08
  1972.0 -.2384275E-08
  1973.0 -.2479428E-08
  1974.0 -.2536742E-08
  1975.0 -.2555629E-08
  1976.0 -.2536074E-08
  1977.0 -.2478626E-08
  1978.0 -.2384406E-08
  1979.0 -.2255047E-08
  1980.0 -.2092707E-08
  1981.0 -.1900000E-08
  1982.0 -.1679967E-08
  1983.0 -.1436040E-08
  1984.0 -.1171966E-08
  1985.0 -.8917742E-09
  1986.0 -.5996992E-09
  1987.0 -.3001354E-09
  1988.0 0.2435217E-11
  1989.0 0.3035018E-09
  1990.0 0.5985903E-09
  1991.0 0.8833227E-09
  1992.0 0.1153478E-08
  1993.0 0.1405052E-08
  1994.0 0.1634305E-08
  1995.0 0.1837826E-08
  1996.0 0.2012565E-08
  1997.0 0.2155875E-08
  1998.0 0.2265560E-08
  1999.0 0.2339895E-08
  2000.0 0.2377653E-08
  2001.0 0.2378118E-08
  2002.0 0.2341100E-08
  2003.0 0.2266938E-08
  2004.0 0.2156489E-08
  2005.0 0.2011132E-08
  2006.0 0.1832732E-08
  2007.0 0.1623638E-08
  2008.0 0.1386635E-08
  2009.0 0.1124920E-08
  2010.0 0.8420415E-09
  2011.0 0.5418801E-09
  2012.0 0.2285774E-09
  2013.0 -.9351386E-10
  2014.0 -.4198892E-09
  2015.0 -.7459484E-09
  2016.0 -.1067065E-08
  2017.0 -.1378646E-08
  2018.0 -.1676199E-08
  2019.0 -.1955386E-08
  2020.0 -.2212096E-08
  2021.0 -.2442504E-08
  2022.0 -.2643111E-08
  2023.0 -.2810818E-08
  2024.0 -.2942956E-08
  2025.0 -.3037336E-08
  2026.0 -.3092280E-08
  2027.0 -.3106650E-08
  2028.0 -.3079880E-08
  2029.0 -.3011969E-08
  2030.0 -.2903502E-08
  2031.0 -.2755646E-08
  2032.0 -.2570139E-08
  2033.0 -.2349259E-08
  2034.0 -.2095822E-08
  2035.0 -.1813117E-08
  2036.0 -.1504891E-08
  2037.0 -.1175281E-08
  2038.0 -.8287636E-09
  2039.0 -.4701022E-09
  2040.0 -.1042664E-09
  2041.0 0.2636286E-09
  2042.0 0.6283979E-09
  2043.0 0.9848616E-09
  2044.0 0.1327925E-08
  2045.0 0.1652641E-08
  2046.0 0.1954310E-08
  2047.0 0.2228517E-08
  2048.0 0.2471233E-08
  2049.0 0.2678860E-08
  2050.0 0.2848287E-08
  2051.0 0.2976960E-08
  2052.0 0.3062893E-08
  2053.0 0.3104740E-08
  2054.0 0.3101789E-08
  2055.0 0.3053999E-08
  2056.0 0.2961999E-08
  2057.0 0.2827080E-08
  2058.0 0.2651193E-08
  2059.0 0.2436900E-08
  2060.0 0.2187377E-08
  2061.0 0.1906337E-08
  2062.0 0.1597987E-08
  2063.0 0.1266979E-08
  2064.0 0.9183269E-09
  2065.0 0.5573384E-09
  2066.0 0.1895268E-09
  2067.0 -.1794573E-09
  2068.0 -.5439301E-09
  2069.0 -.8982521E-09
  2070.0 -.1236920E-08
  2071.0 -.1554656E-08
  2072.0 -.1846490E-08
  2073.0 -.2107838E-08
  2074.0 -.2334585E-08
  2075.0 -.2523134E-08
  2076.0 -.2670496E-08
  2077.0 -.2774311E-08
  2078.0 -.2832906E-08
  2079.0 -.2845327E-08
  2080.0 -.2811342E-08
  2081.0 -.2731470E-08
  2082.0 -.2606970E-08
  2083.0 -.2439807E-08
  2084.0 -.2232653E-08
  2085.0 -.1988836E-08
  2086.0 -.1712269E-08
  2087.0 -.1407428E-08
  2088.0 -.1079255E-08
  2089.0 -.7330915E-09
  2090.0 -.3745902E-09
  2091.0 -.9624490E-11
  2092.0 0.3558007E-09
  2093.0 0.7156531E-09
  2094.0 0.1063966E-08
  2095.0 0.1394938E-08
  2096.0 0.1703031E-08
  2097.0 0.1983053E-08
  2098.0 0.2230254E-08
  2099.0 0.2440409E-08
  2100.0 0.2609875E-08
  2101.0 0.2735669E-08
  2102.0 0.2815508E-08
  2103.0 0.2847860E-08
  2104.0 0.2831974E-08
  2105.0 0.2767879E-08
  2106.0 0.2656409E-08
  2107.0 0.2499176E-08
  2108.0 0.2298572E-08
  2109.0 0.2057702E-08
  2110.0 0.1780360E-08
  2111.0 0.1470959E-08
  2112.0 0.1134471E-08
  2113.0 0.7763409E-09
  2114.0 0.4024049E-09
  2115.0 0.1879327E-10
  2116.0 -.3681674E-09
  2117.0 -.7520528E-09
  2118.0 -.1126450E-08
  2119.0 -.1485059E-08
  2120.0 -.1821792E-08
  2121.0 -.2130886E-08
  2122.0 -.2406982E-08
  2123.0 -.2645225E-08
  2124.0 -.2841336E-08
  2125.0 -.2991694E-08
  2126.0 -.3093389E-08
  2127.0 -.3144273E-08
  2128.0 -.3143000E-08
  2129.0 -.3089047E-08
  2130.0 -.2982738E-08
  2131.0 -.2825215E-08
  2132.0 -.2618462E-08
  2133.0 -.2365236E-08
  2134.0 -.2069043E-08
  2135.0 -.1734103E-08
  2136.0 -.1365245E-08
  2137.0 -.9678754E-09
  2138.0 -.5478576E-09
  2139.0 -.1114441E-09
  2140.0 0.3348294E-09
  2141.0 0.7842471E-09
  2142.0 0.1230011E-08
  2143.0 0.1665355E-08
  2144.0 0.2083646E-08
  2145.0 0.2478482E-08
  2146.0 0.2843798E-08
  2147.0 0.3173962E-08
  2148.0 0.3463849E-08
  2149.0 0.3708927E-08
  2150.0 0.3905331E-08
  2151.0 0.4049909E-08
  2152.0 0.4140261E-08
  2153.0 0.4174813E-08
  2154.0 0.4152786E-08
  2155.0 0.4074246E-08
  2156.0 0.3940069E-08
  2157.0 0.3751954E-08
  2158.0 0.3512363E-08
  2159.0 0.3224492E-08
  2160.0 0.2892222E-08
  2161.0 0.2520070E-08
  2162.0 0.2113084E-08
  2163.0 0.1676795E-08
  2164.0 0.1217103E-08
  2165.0 0.7402138E-09
  2166.0 0.2525323E-09
  2167.0 -.2394393E-09
  2168.0 -.7291860E-09
  2169.0 -.1210282E-08
  2170.0 -.1676483E-08
  2171.0 -.2121811E-08
  2172.0 -.2540636E-08
  2173.0 -.2927767E-08
  2174.0 -.3278493E-08
  2175.0 -.3588668E-08
  2176.0 -.3854753E-08
  2177.0 -.4073857E-08
  2178.0 -.4243746E-08
  2179.0 -.4362915E-08
  2180.0 -.4430513E-08
  2181.0 -.4446429E-08
  2182.0 -.4411215E-08
  2183.0 -.4326101E-08
  2184.0 -.4192941E-08
  2185.0 -.4014172E-08
  2186.0 -.3792769E-08
  2187.0 -.3532209E-08
  2188.0 -.3236384E-08
  2189.0 -.2909535E-08
  2190.0 -.2556203E-08
  2191.0 -.2181148E-08
  2192.0 -.1789271E-08
  2193.0 -.1385553E-08
  2194.0 -.9749827E-09
  2195.0 -.5624819E-09
  2196.0 -.1528592E-09
  2197.0 0.2492714E-09
  2198.0 0.6395252E-09
  2199.0 0.1013809E-08
  2200.0 0.1368350E-08
  2201.0 0.1699749E-08
  2202.0 0.2004980E-08
  2203.0 0.2281443E-08
  2204.0 0.2526956E-08
  2205.0 0.2739768E-08
  2206.0 0.2918558E-08
  2207.0 0.3062443E-08
  2208.0 0.3170945E-08
  2209.0 0.3243979E-08
  2210.0 0.3281847E-08
  2211.0 0.3285208E-08
  2212.0 0.3255028E-08
  2213.0 0.3192583E-08
  2214.0 0.3099401E-08
  2215.0 0.2977251E-08
  2216.0 0.2828086E-08
  2217.0 0.2654046E-08
  2218.0 0.2457383E-08
  2219.0 0.2240473E-08
  2220.0 0.2005762E-08
  2221.0 0.1755744E-08
  2222.0 0.1492955E-08
  2223.0 0.1219937E-08
  2224.0 0.9392271E-09
  2225.0 0.6533385E-09
  2226.0 0.3647593E-09
  2227.0 0.7593028E-10
  2228.0 -.2107548E-09
  2229.0 -.4929598E-09
  2230.0 -.7684068E-09
  2231.0 -.1034881E-08
  2232.0 -.1290245E-08
  2233.0 -.1532418E-08
  2234.0 -.1759409E-08
  2235.0 -.1969302E-08
  2236.0 -.2160272E-08
  2237.0 -.2330588E-08
  2238.0 -.2478629E-08
  2239.0 -.2602876E-08
  2240.0 -.2701966E-08
  2241.0 -.2774666E-08
  2242.0 -.2819903E-08
  2243.0 -.2836806E-08
  2244.0 -.2824687E-08
  2245.0 -.2783084E-08
  2246.0 -.2711790E-08
  2247.0 -.2610848E-08
  2248.0 -.2480597E-08
  2249.0 -.2321664E-08
  2250.0 -.2135006E-08
  2251.0 -.1921911E-08
  2252.0 -.1683993E-08
  2253.0 -.1423218E-08
  2254.0 -.1141896E-08
  2255.0 -.8426714E-09
  2256.0 -.5285171E-09
  2257.0 -.2027128E-09
  2258.0 0.1311776E-09
  2259.0 0.4693400E-09
  2260.0 0.8077434E-09
  2261.0 0.1142182E-08
  2262.0 0.1468334E-08
  2263.0 0.1781808E-08
  2264.0 0.2078206E-08
  2265.0 0.2353188E-08
  2266.0 0.2602534E-08
  2267.0 0.2822219E-08
  2268.0 0.3008480E-08
  2269.0 0.3157891E-08
  2270.0 0.3267415E-08
  2271.0 0.3334478E-08
  2272.0 0.3357036E-08
  2273.0 0.3333611E-08
  2274.0 0.3263366E-08
  2275.0 0.3146104E-08
  2276.0 0.2982336E-08
  2277.0 0.2773277E-08
  2278.0 0.2520860E-08
  2279.0 0.2227729E-08
  2280.0 0.1897233E-08
  2281.0 0.1533385E-08
  2282.0 0.1140825E-08
  2283.0 0.7247630E-09
  2284.0 0.2909248E-09
  2285.0 -.1545354E-09
  2286.0 -.6051190E-09
  2287.0 -.1054076E-08
  2288.0 -.1494511E-08
  2289.0 -.1919490E-08
  2290.0 -.2322153E-08
  2291.0 -.2695832E-08
  2292.0 -.3034161E-08
  2293.0 -.3331196E-08
  2294.0 -.3581526E-08
  2295.0 -.3780372E-08
  2296.0 -.3923675E-08
  2297.0 -.4008204E-08
  2298.0 -.4031618E-08
  2299.0 -.3992524E-08
  2300.0 -.3890509E-08
  2301.0 -.3726221E-08
  2302.0 -.3501325E-08
  2303.0 -.3218523E-08
  2304.0 -.2881527E-08
  2305.0 -.2495025E-08
  2306.0 -.2064616E-08
  2307.0 -.1596730E-08
  2308.0 -.1098535E-08
  2309.0 -.5778350E-09
  2310.0 -.4294957E-10
  2311.0 0.4974288E-09
  2312.0 0.1034370E-08
  2313.0 0.1558853E-08
  2314.0 0.2061934E-08
  2315.0 0.2534886E-08
  2316.0 0.2969367E-08
  2317.0 0.3357564E-08
  2318.0 0.3692342E-08
  2319.0 0.3967387E-08
  2320.0 0.4177316E-08
  2321.0 0.4317804E-08
  2322.0 0.4385657E-08
  2323.0 0.4378920E-08
  2324.0 0.4296909E-08
  2325.0 0.4140243E-08
  2326.0 0.3910865E-08
  2327.0 0.3612033E-08
  2328.0 0.3248294E-08
  2329.0 0.2825395E-08
  2330.0 0.2350228E-08
  2331.0 0.1830728E-08
  2332.0 0.1275739E-08
  2333.0 0.6948905E-09
  2334.0 0.9842048E-10
  2335.0 -.5029680E-09
  2336.0 -.1098311E-08
  2337.0 -.1676553E-08
  2338.0 -.2226747E-08
  2339.0 -.2738252E-08
  2340.0 -.3200912E-08
  2341.0 -.3605255E-08
  2342.0 -.3942651E-08
  2343.0 -.4205499E-08
  2344.0 -.4387365E-08
  2345.0 -.4483101E-08
  2346.0 -.4488971E-08
  2347.0 -.4402755E-08
  2348.0 -.4223739E-08
  2349.0 -.3952867E-08
  2350.0 -.3592644E-08
  2351.0 -.3147174E-08
  2352.0 -.2622104E-08
  2353.0 -.2024555E-08
  2354.0 -.1363014E-08
  2355.0 -.6472154E-09
  2356.0 0.1120009E-09
  2357.0 0.9028581E-09
  2358.0 0.1712829E-08
  2359.0 0.2528833E-08
  2360.0 0.3337446E-08
  2361.0 0.4125119E-08
  2362.0 0.4878400E-08
  2363.0 0.5584166E-08
  2364.0 0.6229849E-08
  2365.0 0.6803602E-08
  2366.0 0.7294563E-08
  2367.0 0.7693023E-08
  2368.0 0.7990590E-08
  2369.0 0.8180342E-08
  2370.0 0.8256940E-08
  2371.0 0.8216760E-08
  2372.0 0.8057970E-08
  2373.0 0.7780553E-08
  2374.0 0.7386280E-08
  2375.0 0.6878849E-08
  2376.0 0.6263633E-08
  2377.0 0.5547783E-08
  2378.0 0.4740032E-08
  2379.0 0.3850604E-08
  2380.0 0.2891038E-08
  2381.0 0.1874037E-08
  2382.0 0.8132617E-09
  2383.0 -.2768750E-09
  2384.0 -.1381432E-08
  2385.0 -.2485175E-08
  2386.0 -.3572790E-08
  2387.0 -.4629168E-08
  2388.0 -.5639578E-08
  2389.0 -.6589939E-08
  2390.0 -.7467037E-08
  2391.0 -.8258676E-08
  2392.0 -.8953951E-08
  2393.0 -.9543316E-08
  2394.0 -.1001884E-07
  2395.0 -.1037419E-07
  2396.0 -.1060484E-07
  2397.0 -.1070809E-07
  2398.0 -.1068302E-07
  2399.0 -.1053070E-07
