     0.0 0.0000000E+00
     1.0 0.1197993E-16
     2.0 -.1630048E-15
     3.0 -.1151287E-14
     4.0 -.3991126E-14
     5.0 -.1011473E-13
     6.0 -.2130854E-13
     7.0 -.3965731E-13
     8.0 -.6747838E-13
     9.0 -.1072467E-12
    10.0 -.1615121E-12
    11.0 -.2328117E-12
    12.0 -.3235802E-12
    13.0 -.4360605E-12
    14.0 -.5722168E-12
    15.0 -.7336526E-12
    16.0 -.9215353E-12
    17.0 -.1136529E-11
    18.0 -.1378736E-11
    19.0 -.1647647E-11
    20.0 -.1942107E-11
    21.0 -.2260280E-11
    22.0 -.2599639E-11
    23.0 -.2956951E-11
    24.0 -.3328278E-11
    25.0 -.3708987E-11
    26.0 -.4093765E-11
    27.0 -.4476641E-11
    28.0 -.4851012E-11
    29.0 -.5209682E-11
    30.0 -.5544900E-11
    31.0 -.5848417E-11
    32.0 -.6111527E-11
    33.0 -.6325144E-11
    34.0 -.6479870E-11
    35.0 -.6566084E-11
    36.0 -.6574023E-11
    37.0 -.6493911E-11
    38.0 -.6316058E-11
    39.0 -.6031006E-11
    40.0 -.5629671E-11
    41.0 -.5103504E-11
    42.0 -.4444652E-11
    43.0 -.3646143E-11
    44.0 -.2702058E-11
    45.0 -.1607719E-11
    46.0 -.3598601E-12
    47.0 0.1043201E-11
    48.0 0.2601410E-11
    49.0 0.4312853E-11
    50.0 0.6173650E-11
    51.0 0.8177884E-11
    52.0 0.1031758E-10
    53.0 0.1258273E-10
    54.0 0.1496133E-10
    55.0 0.1743956E-10
    56.0 0.2000191E-10
    57.0 0.2263142E-10
    58.0 0.2531002E-10
    59.0 0.2801879E-10
    60.0 0.3073838E-10
    61.0 0.3344946E-10
    62.0 0.3613308E-10
    63.0 0.3877125E-10
    64.0 0.4134730E-10
    65.0 0.4384640E-10
    66.0 0.4625596E-10
    67.0 0.4856607E-10
    68.0 0.5076979E-10
    69.0 0.5286348E-10
    70.0 0.5484687E-10
    71.0 0.5672345E-10
    72.0 0.5850007E-10
    73.0 0.6018719E-10
    74.0 0.6179855E-10
    75.0 0.6335082E-10
    76.0 0.6486321E-10
    77.0 0.6635693E-10
    78.0 0.6785470E-10
    79.0 0.6937996E-10
    80.0 0.7095617E-10
    81.0 0.7260607E-10
    82.0 0.7435088E-10
    83.0 0.7620966E-10
    84.0 0.7819827E-10
    85.0 0.8032912E-10
    86.0 0.8261020E-10
    87.0 0.8504488E-10
    88.0 0.8763130E-10
    89.0 0.9036240E-10
    90.0 0.9322554E-10
    91.0 0.9620297E-10
    92.0 0.9927176E-10
    93.0 0.1024043E-09
    94.0 0.1055692E-09
    95.0 0.1087311E-09
    96.0 0.1118528E-09
    97.0 0.1148951E-09
    98.0 0.1178184E-09
    99.0 0.1205835E-09
   100.0 0.1231529E-09
   101.0 0.1254917E-09
   102.0 0.1275692E-09
   103.0 0.1293602E-09
   104.0 0.1308462E-09
   105.0 0.1320157E-09
   106.0 0.1328651E-09
   107.0 0.1333990E-09
   108.0 0.1336301E-09
   109.0 0.1335790E-09
   110.0 0.1332738E-09
   111.0 0.1327496E-09
   112.0 0.1320471E-09
   113.0 0.1312126E-09
   114.0 0.1302948E-09
   115.0 0.1293456E-09
   116.0 0.1284166E-09
   117.0 0.1275587E-09
   118.0 0.1268202E-09
   119.0 0.1262449E-09
   120.0 0.1258709E-09
   121.0 0.1257293E-09
   122.0 0.1258427E-09
   123.0 0.1262249E-09
   124.0 0.1268791E-09
   125.0 0.1277985E-09
   126.0 0.1289660E-09
   127.0 0.1303538E-09
   128.0 0.1319245E-09
   129.0 0.1336316E-09
   130.0 0.1354210E-09
   131.0 0.1372321E-09
   132.0 0.1389990E-09
   133.0 0.1406531E-09
   134.0 0.1421251E-09
   135.0 0.1433456E-09
   136.0 0.1442493E-09
   137.0 0.1447752E-09
   138.0 0.1448699E-09
   139.0 0.1444883E-09
   140.0 0.1435962E-09
   141.0 0.1421712E-09
   142.0 0.1402035E-09
   143.0 0.1376978E-09
   144.0 0.1346719E-09
   145.0 0.1311583E-09
   146.0 0.1272031E-09
   147.0 0.1228653E-09
   148.0 0.1182158E-09
   149.0 0.1133357E-09
   150.0 0.1083142E-09
   151.0 0.1032474E-09
   152.0 0.9823493E-10
   153.0 0.9337799E-10
   154.0 0.8877651E-10
   155.0 0.8452655E-10
   156.0 0.8071754E-10
   157.0 0.7742984E-10
   158.0 0.7473192E-10
   159.0 0.7267878E-10
   160.0 0.7130941E-10
   161.0 0.7064575E-10
   162.0 0.7069136E-10
   163.0 0.7143040E-10
   164.0 0.7282773E-10
   165.0 0.7482889E-10
   166.0 0.7736089E-10
   167.0 0.8033332E-10
   168.0 0.8364011E-10
   169.0 0.8716122E-10
   170.0 0.9076560E-10
   171.0 0.9431375E-10
   172.0 0.9766066E-10
   173.0 0.1006594E-09
   174.0 0.1031645E-09
   175.0 0.1050351E-09
   176.0 0.1061393E-09
   177.0 0.1063568E-09
   178.0 0.1055826E-09
   179.0 0.1037298E-09
   180.0 0.1007320E-09
   181.0 0.9654642E-10
   182.0 0.9115481E-10
   183.0 0.8456510E-10
   184.0 0.7681224E-10
   185.0 0.6795805E-10
   186.0 0.5809108E-10
   187.0 0.4732525E-10
   188.0 0.3579836E-10
   189.0 0.2366964E-10
   190.0 0.1111723E-10
   191.0 -.1665578E-11
   192.0 -.1447370E-10
   193.0 -.2709468E-10
   194.0 -.3931298E-10
   195.0 -.5091461E-10
   196.0 -.6169204E-10
   197.0 -.7144861E-10
   198.0 -.8000361E-10
   199.0 -.8719651E-10
   200.0 -.9289121E-10
   201.0 -.9697974E-10
   202.0 -.9938553E-10
   203.0 -.1000662E-09
   204.0 -.9901545E-10
   205.0 -.9626464E-10
   206.0 -.9188312E-10
   207.0 -.8597821E-10
   208.0 -.7869411E-10
   209.0 -.7020992E-10
   210.0 -.6073680E-10
   211.0 -.5051535E-10
   212.0 -.3981071E-10
   213.0 -.2890791E-10
   214.0 -.1810694E-10
   215.0 -.7716651E-11
   216.0 0.1951385E-11
   217.0 0.1058916E-10
   218.0 0.1789862E-10
   219.0 0.2359788E-10
   220.0 0.2742787E-10
   221.0 0.2915751E-10
   222.0 0.2859002E-10
   223.0 0.2556660E-10
   224.0 0.1997129E-10
   225.0 0.1173383E-10
   226.0 0.8323256E-12
   227.0 -.1270625E-10
   228.0 -.2880494E-10
   229.0 -.4733812E-10
   230.0 -.6813336E-10
   231.0 -.9097443E-10
   232.0 -.1156053E-09
   233.0 -.1417353E-09
   234.0 -.1690448E-09
   235.0 -.1971920E-09
   236.0 -.2258198E-09
   237.0 -.2545640E-09
   238.0 -.2830617E-09
   239.0 -.3109576E-09
   240.0 -.3379145E-09
   241.0 -.3636191E-09
   242.0 -.3877901E-09
   243.0 -.4101857E-09
   244.0 -.4306072E-09
   245.0 -.4489065E-09
   246.0 -.4649877E-09
   247.0 -.4788118E-09
   248.0 -.4903954E-09
   249.0 -.4998126E-09
   250.0 -.5071924E-09
   251.0 -.5127158E-09
   252.0 -.5166133E-09
   253.0 -.5191551E-09
   254.0 -.5206492E-09
   255.0 -.5214312E-09
   256.0 -.5218551E-09
   257.0 -.5222854E-09
   258.0 -.5230874E-09
   259.0 -.5246175E-09
   260.0 -.5272122E-09
   261.0 -.5311785E-09
   262.0 -.5367879E-09
   263.0 -.5442656E-09
   264.0 -.5537840E-09
   265.0 -.5654571E-09
   266.0 -.5793370E-09
   267.0 -.5954096E-09
   268.0 -.6135948E-09
   269.0 -.6337462E-09
   270.0 -.6556545E-09
   271.0 -.6790514E-09
   272.0 -.7036143E-09
   273.0 -.7289773E-09
   274.0 -.7547352E-09
   275.0 -.7804575E-09
   276.0 -.8056990E-09
   277.0 -.8300106E-09
   278.0 -.8529517E-09
   279.0 -.8741040E-09
   280.0 -.8930819E-09
   281.0 -.9095439E-09
   282.0 -.9232073E-09
   283.0 -.9338513E-09
   284.0 -.9413316E-09
   285.0 -.9455798E-09
   286.0 -.9466128E-09
   287.0 -.9445330E-09
   288.0 -.9395287E-09
   289.0 -.9318691E-09
   290.0 -.9219021E-09
   291.0 -.9100451E-09
   292.0 -.8967757E-09
   293.0 -.8826208E-09
   294.0 -.8681424E-09
   295.0 -.8539227E-09
   296.0 -.8405500E-09
   297.0 -.8285979E-09
   298.0 -.8186139E-09
   299.0 -.8110971E-09
   300.0 -.8064862E-09
   301.0 -.8051415E-09
   302.0 -.8073335E-09
   303.0 -.8132279E-09
   304.0 -.8228823E-09
   305.0 -.8362335E-09
   306.0 -.8530951E-09
   307.0 -.8731615E-09
   308.0 -.8960043E-09
   309.0 -.9210837E-09
   310.0 -.9477549E-09
   311.0 -.9752825E-09
   312.0 -.1002855E-08
   313.0 -.1029607E-08
   314.0 -.1054634E-08
   315.0 -.1077019E-08
   316.0 -.1095859E-08
   317.0 -.1110284E-08
   318.0 -.1119486E-08
   319.0 -.1122742E-08
   320.0 -.1119441E-08
   321.0 -.1109099E-08
   322.0 -.1091385E-08
   323.0 -.1066134E-08
   324.0 -.1033359E-08
   325.0 -.9932604E-09
   326.0 -.9462316E-09
   327.0 -.8928572E-09
   328.0 -.8339076E-09
   329.0 -.7703273E-09
   330.0 -.7032235E-09
   331.0 -.6338428E-09
   332.0 -.5635463E-09
   333.0 -.4937858E-09
   334.0 -.4260654E-09
   335.0 -.3619136E-09
   336.0 -.3028427E-09
   337.0 -.2503107E-09
   338.0 -.2056864E-09
   339.0 -.1702085E-09
   340.0 -.1449525E-09
   341.0 -.1307942E-09
   342.0 -.1283829E-09
   343.0 -.1381124E-09
   344.0 -.1601022E-09
   345.0 -.1941814E-09
   346.0 -.2398808E-09
   347.0 -.2964280E-09
   348.0 -.3627570E-09
   349.0 -.4375158E-09
   350.0 -.5190878E-09
   351.0 -.6056186E-09
   352.0 -.6950469E-09
   353.0 -.7851447E-09
   354.0 -.8735606E-09
   355.0 -.9578696E-09
   356.0 -.1035626E-08
   357.0 -.1104416E-08
   358.0 -.1161912E-08
   359.0 -.1205940E-08
   360.0 -.1234515E-08
   361.0 -.1245911E-08
   362.0 -.1238702E-08
   363.0 -.1211801E-08
   364.0 -.1164508E-08
   365.0 -.1096529E-08
   366.0 -.1008004E-08
   367.0 -.8995195E-09
   368.0 -.7721065E-09
   369.0 -.6272409E-09
   370.0 -.4668220E-09
   371.0 -.2931476E-09
   372.0 -.1088792E-09
   373.0 0.8300609E-10
   374.0 0.2792677E-09
   375.0 0.4764616E-09
   376.0 0.6710105E-09
   377.0 0.8592743E-09
   378.0 0.1037627E-08
   379.0 0.1202535E-08
   380.0 0.1350631E-08
   381.0 0.1478804E-08
   382.0 0.1584255E-08
   383.0 0.1664583E-08
   384.0 0.1717840E-08
   385.0 0.1742584E-08
   386.0 0.1737932E-08
   387.0 0.1703593E-08
   388.0 0.1639886E-08
   389.0 0.1547764E-08
   390.0 0.1428800E-08
   391.0 0.1285182E-08
   392.0 0.1119677E-08
   393.0 0.9356037E-09
   394.0 0.7367626E-09
   395.0 0.5273872E-09
   396.0 0.3120590E-09
   397.0 0.9562711E-10
   398.0 -.1168833E-09
   399.0 -.3203725E-09
   400.0 -.5097631E-09
   401.0 -.6801083E-09
   402.0 -.8266947E-09
   403.0 -.9451422E-09
   404.0 -.1031505E-08
   405.0 -.1082361E-08
   406.0 -.1094896E-08
   407.0 -.1066976E-08
   408.0 -.9972055E-09
   409.0 -.8849815E-09
   410.0 -.7305179E-09
   411.0 -.5348675E-09
   412.0 -.2999201E-09
   413.0 -.2839155E-10
   414.0 0.2762161E-09
   415.0 0.6096599E-09
   416.0 0.9670217E-09
   417.0 0.1342790E-08
   418.0 0.1730949E-08
   419.0 0.2125095E-08
   420.0 0.2518542E-08
   421.0 0.2904444E-08
   422.0 0.3275942E-08
   423.0 0.3626283E-08
   424.0 0.3948958E-08
   425.0 0.4237835E-08
   426.0 0.4487294E-08
   427.0 0.4692341E-08
   428.0 0.4848735E-08
   429.0 0.4953065E-08
   430.0 0.5002860E-08
   431.0 0.4996653E-08
   432.0 0.4934027E-08
   433.0 0.4815669E-08
   434.0 0.4643351E-08
   435.0 0.4419964E-08
   436.0 0.4149467E-08
   437.0 0.3836831E-08
   438.0 0.3487987E-08
   439.0 0.3109734E-08
   440.0 0.2709617E-08
   441.0 0.2295814E-08
   442.0 0.1876993E-08
   443.0 0.1462153E-08
   444.0 0.1060470E-08
   445.0 0.6811134E-09
   446.0 0.3330795E-09
   447.0 0.2500727E-10
   448.0 -.2349873E-09
   449.0 -.4394944E-09
   450.0 -.5819603E-09
   451.0 -.6568496E-09
   452.0 -.6597644E-09
   453.0 -.5875814E-09
   454.0 -.4385348E-09
   455.0 -.2123024E-09
   456.0 0.8995218E-10
   457.0 0.4655485E-09
   458.0 0.9102911E-09
   459.0 0.1418498E-08
   460.0 0.1983061E-08
   461.0 0.2595524E-08
   462.0 0.3246196E-08
   463.0 0.3924296E-08
   464.0 0.4618093E-08
   465.0 0.5315096E-08
   466.0 0.6002270E-08
   467.0 0.6666201E-08
   468.0 0.7293389E-08
   469.0 0.7870413E-08
   470.0 0.8384218E-08
   471.0 0.8822333E-08
   472.0 0.9173108E-08
   473.0 0.9425914E-08
   474.0 0.9571438E-08
   475.0 0.9601744E-08
   476.0 0.9510583E-08
   477.0 0.9293450E-08
   478.0 0.8947750E-08
   479.0 0.8472909E-08
   480.0 0.7870375E-08
   481.0 0.7143706E-08
   482.0 0.6298547E-08
   483.0 0.5342553E-08
   484.0 0.4285373E-08
   485.0 0.3138476E-08
   486.0 0.1915046E-08
   487.0 0.6297818E-09
   488.0 -.7012928E-09
   489.0 -.2061082E-08
   490.0 -.3431650E-08
   491.0 -.4794509E-08
   492.0 -.6130918E-08
   493.0 -.7422142E-08
   494.0 -.8649816E-08
   495.0 -.9796105E-08
   496.0 -.1084420E-07
   497.0 -.1177843E-07
   498.0 -.1258459E-07
   499.0 -.1325018E-07
   500.0 -.1376460E-07
   501.0 -.1411942E-07
   502.0 -.1430833E-07
   503.0 -.1432753E-07
   504.0 -.1417554E-07
   505.0 -.1385348E-07
   506.0 -.1336484E-07
   507.0 -.1271557E-07
   508.0 -.1191400E-07
   509.0 -.1097065E-07
   510.0 -.9898052E-08
   511.0 -.8710639E-08
   512.0 -.7424437E-08
   513.0 -.6056831E-08
   514.0 -.4626341E-08
   515.0 -.3152217E-08
   516.0 -.1654222E-08
   517.0 -.1522879E-09
   518.0 0.1333805E-08
   519.0 0.2784737E-08
   520.0 0.4181933E-08
   521.0 0.5507870E-08
   522.0 0.6746314E-08
   523.0 0.7882567E-08
   524.0 0.8903695E-08
   525.0 0.9798658E-08
   526.0 0.1055851E-07
   527.0 0.1117641E-07
   528.0 0.1164778E-07
   529.0 0.1197028E-07
   530.0 0.1214374E-07
   531.0 0.1217019E-07
   532.0 0.1205375E-07
   533.0 0.1180042E-07
   534.0 0.1141805E-07
   535.0 0.1091604E-07
   536.0 0.1030519E-07
   537.0 0.9597460E-08
   538.0 0.8805723E-08
   539.0 0.7943519E-08
   540.0 0.7024827E-08
   541.0 0.6063769E-08
   542.0 0.5074432E-08
   543.0 0.4070577E-08
   544.0 0.3065476E-08
   545.0 0.2071686E-08
   546.0 0.1100900E-08
   547.0 0.1638021E-09
   548.0 -.7300431E-09
   549.0 -.1572280E-08
   550.0 -.2355803E-08
   551.0 -.3074813E-08
   552.0 -.3724756E-08
   553.0 -.4302337E-08
   554.0 -.4805463E-08
   555.0 -.5233098E-08
   556.0 -.5585281E-08
   557.0 -.5862899E-08
   558.0 -.6067640E-08
   559.0 -.6201820E-08
   560.0 -.6268296E-08
   561.0 -.6270291E-08
   562.0 -.6211287E-08
   563.0 -.6094937E-08
   564.0 -.5924967E-08
   565.0 -.5705027E-08
   566.0 -.5438733E-08
   567.0 -.5129541E-08
   568.0 -.4780768E-08
   569.0 -.4395572E-08
   570.0 -.3976996E-08
   571.0 -.3527975E-08
   572.0 -.3051426E-08
   573.0 -.2550293E-08
   574.0 -.2027663E-08
   575.0 -.1486817E-08
   576.0 -.9313587E-09
   577.0 -.3652653E-09
   578.0 0.2069713E-09
   579.0 0.7803102E-09
   580.0 0.1349092E-08
   581.0 0.1906995E-08
   582.0 0.2447025E-08
   583.0 0.2961493E-08
   584.0 0.3442112E-08
   585.0 0.3880010E-08
   586.0 0.4265834E-08
   587.0 0.4589948E-08
   588.0 0.4842499E-08
   589.0 0.5013676E-08
   590.0 0.5093913E-08
   591.0 0.5074098E-08
   592.0 0.4945861E-08
   593.0 0.4701825E-08
   594.0 0.4335872E-08
   595.0 0.3843424E-08
   596.0 0.3221676E-08
   597.0 0.2469859E-08
   598.0 0.1589435E-08
   599.0 0.5842827E-09
   600.0 -.5391659E-09
   601.0 -.1771826E-08
   602.0 -.3101920E-08
   603.0 -.4515031E-08
   604.0 -.5994120E-08
   605.0 -.7519721E-08
   606.0 -.9070154E-08
   607.0 -.1062174E-07
   608.0 -.1214924E-07
   609.0 -.1362616E-07
   610.0 -.1502520E-07
   611.0 -.1631891E-07
   612.0 -.1748000E-07
   613.0 -.1848204E-07
   614.0 -.1930007E-07
   615.0 -.1991112E-07
   616.0 -.2029485E-07
   617.0 -.2043407E-07
   618.0 -.2031532E-07
   619.0 -.1992933E-07
   620.0 -.1927150E-07
   621.0 -.1834222E-07
   622.0 -.1714709E-07
   623.0 -.1569725E-07
   624.0 -.1400929E-07
   625.0 -.1210535E-07
   626.0 -.1001293E-07
   627.0 -.7764590E-08
   628.0 -.5397623E-08
   629.0 -.2953533E-08
   630.0 -.4774452E-09
   631.0 0.1982635E-08
   632.0 0.4376595E-08
   633.0 0.6653122E-08
   634.0 0.8760649E-08
   635.0 0.1064838E-07
   636.0 0.1226730E-07
   637.0 0.1357123E-07
   638.0 0.1451791E-07
   639.0 0.1507005E-07
   640.0 0.1519614E-07
   641.0 0.1487150E-07
   642.0 0.1407904E-07
   643.0 0.1280998E-07
   644.0 0.1106438E-07
   645.0 0.8851482E-08
   646.0 0.6190148E-08
   647.0 0.3108787E-08
   648.0 -.3546780E-09
   649.0 -.4153119E-08
   650.0 -.8230630E-08
   651.0 -.1252328E-07
   652.0 -.1695980E-07
   653.0 -.2146270E-07
   654.0 -.2594943E-07
   655.0 -.3033369E-07
   656.0 -.3452671E-07
   657.0 -.3843894E-07
   658.0 -.4198158E-07
   659.0 -.4506823E-07
   660.0 -.4761644E-07
   661.0 -.4954957E-07
   662.0 -.5079816E-07
   663.0 -.5130144E-07
   664.0 -.5100888E-07
   665.0 -.4988143E-07
   666.0 -.4789246E-07
   667.0 -.4502877E-07
   668.0 -.4129132E-07
   669.0 -.3669555E-07
   670.0 -.3127179E-07
   671.0 -.2506519E-07
   672.0 -.1813510E-07
   673.0 -.1055494E-07
   674.0 -.2411050E-08
   675.0 0.6198191E-08
   676.0 0.1516378E-07
   677.0 0.2436766E-07
   678.0 0.3368429E-07
   679.0 0.4298277E-07
   680.0 0.5212858E-07
   681.0 0.6098612E-07
   682.0 0.6942052E-07
   683.0 0.7730015E-07
   684.0 0.8449877E-07
   685.0 0.9089752E-07
   686.0 0.9638737E-07
   687.0 0.1008705E-06
   688.0 0.1042632E-06
   689.0 0.1064959E-06
   690.0 0.1075157E-06
   691.0 0.1072874E-06
   692.0 0.1057932E-06
   693.0 0.1030349E-06
   694.0 0.9903279E-07
   695.0 0.9382582E-07
   696.0 0.8747182E-07
   697.0 0.8004560E-07
   698.0 0.7163906E-07
   699.0 0.6235868E-07
   700.0 0.5232526E-07
   701.0 0.4167048E-07
   702.0 0.3053619E-07
   703.0 0.1907138E-07
   704.0 0.7430143E-08
   705.0 -.4231025E-08
   706.0 -.1575551E-07
   707.0 -.2698927E-07
   708.0 -.3778315E-07
   709.0 -.4799544E-07
   710.0 -.5749415E-07
   711.0 -.6615883E-07
   712.0 -.7388252E-07
   713.0 -.8057388E-07
   714.0 -.8615751E-07
   715.0 -.9057645E-07
   716.0 -.9379139E-07
   717.0 -.9578216E-07
   718.0 -.9654745E-07
   719.0 -.9610444E-07
   720.0 -.9448868E-07
   721.0 -.9175253E-07
   722.0 -.8796444E-07
   723.0 -.8320765E-07
   724.0 -.7757797E-07
   725.0 -.7118225E-07
   726.0 -.6413624E-07
   727.0 -.5656236E-07
   728.0 -.4858745E-07
   729.0 -.4034051E-07
   730.0 -.3195024E-07
   731.0 -.2354298E-07
   732.0 -.1524038E-07
   733.0 -.7157485E-08
   734.0 0.5991169E-09
   735.0 0.7933024E-08
   736.0 0.1475927E-07
   737.0 0.2100566E-07
   738.0 0.2661340E-07
   739.0 0.3153788E-07
   740.0 0.3574873E-07
   741.0 0.3923005E-07
   742.0 0.4197977E-07
   743.0 0.4400908E-07
   744.0 0.4534206E-07
   745.0 0.4601368E-07
   746.0 0.4606942E-07
   747.0 0.4556295E-07
   748.0 0.4455512E-07
   749.0 0.4311191E-07
   750.0 0.4130254E-07
   751.0 0.3919814E-07
   752.0 0.3686955E-07
   753.0 0.3438557E-07
   754.0 0.3181154E-07
   755.0 0.2920811E-07
   756.0 0.2662933E-07
   757.0 0.2412224E-07
   758.0 0.2172552E-07
   759.0 0.1946918E-07
   760.0 0.1737406E-07
   761.0 0.1545187E-07
   762.0 0.1370527E-07
   763.0 0.1212833E-07
   764.0 0.1070726E-07
   765.0 0.9421240E-08
   766.0 0.8243534E-08
   767.0 0.7142759E-08
   768.0 0.6084312E-08
   769.0 0.5031786E-08
   770.0 0.3948486E-08
   771.0 0.2799255E-08
   772.0 0.1551529E-08
   773.0 0.1771971E-09
   774.0 -.1346267E-08
   775.0 -.3034596E-08
   776.0 -.4895674E-08
   777.0 -.6928826E-08
   778.0 -.9124288E-08
   779.0 -.1146281E-07
   780.0 -.1391593E-07
   781.0 -.1644588E-07
   782.0 -.1900662E-07
   783.0 -.2154430E-07
   784.0 -.2399859E-07
   785.0 -.2630393E-07
   786.0 -.2839123E-07
   787.0 -.3018938E-07
   788.0 -.3162740E-07
   789.0 -.3263631E-07
   790.0 -.3315114E-07
   791.0 -.3311277E-07
   792.0 -.3247030E-07
   793.0 -.3118257E-07
   794.0 -.2922005E-07
   795.0 -.2656630E-07
   796.0 -.2321912E-07
   797.0 -.1919160E-07
   798.0 -.1451268E-07
   799.0 -.9227698E-08
   800.0 -.3397812E-08
   801.0 0.2900014E-08
   802.0 0.9574160E-08
   803.0 0.1651950E-07
   804.0 0.2361905E-07
   805.0 0.3074593E-07
   806.0 0.3776575E-07
   807.0 0.4453901E-07
   808.0 0.5092406E-07
   809.0 0.5678002E-07
   810.0 0.6196981E-07
   811.0 0.6636335E-07
   812.0 0.6984079E-07
   813.0 0.7229526E-07
   814.0 0.7363602E-07
   815.0 0.7379075E-07
   816.0 0.7270841E-07
   817.0 0.7036080E-07
   818.0 0.6674421E-07
   819.0 0.6188061E-07
   820.0 0.5581824E-07
   821.0 0.4863166E-07
   822.0 0.4042110E-07
   823.0 0.3131156E-07
   824.0 0.2145129E-07
   825.0 0.1100924E-07
   826.0 0.1726194E-09
   827.0 -.1085635E-07
   828.0 -.2186421E-07
   829.0 -.3263007E-07
   830.0 -.4293000E-07
   831.0 -.5254190E-07
   832.0 -.6124943E-07
   833.0 -.6884775E-07
   834.0 -.7514732E-07
   835.0 -.7997883E-07
   836.0 -.8319775E-07
   837.0 -.8468762E-07
   838.0 -.8436407E-07
   839.0 -.8217781E-07
   840.0 -.7811671E-07
   841.0 -.7220760E-07
   842.0 -.6451746E-07
   843.0 -.5515375E-07
   844.0 -.4426299E-07
   845.0 -.3203033E-07
   846.0 -.1867680E-07
   847.0 -.4456354E-08
   848.0 0.1034787E-07
   849.0 0.2542817E-07
   850.0 0.4045746E-07
   851.0 0.5509490E-07
   852.0 0.6899230E-07
   853.0 0.8180054E-07
   854.0 0.9317677E-07
   855.0 0.1027910E-06
   856.0 0.1103334E-06
   857.0 0.1155210E-06
   858.0 0.1181046E-06
   859.0 0.1178746E-06
   860.0 0.1146666E-06
   861.0 0.1083670E-06
   862.0 0.9891657E-07
   863.0 0.8631407E-07
   864.0 0.7061870E-07
   865.0 0.5195137E-07
   866.0 0.3049456E-07
   867.0 0.6492181E-08
   868.0 -.1975329E-07
   869.0 -.4788347E-07
   870.0 -.7748866E-07
   871.0 -.1081137E-06
   872.0 -.1392631E-06
   873.0 -.1704097E-06
   874.0 -.2010029E-06
   875.0 -.2304763E-06
   876.0 -.2582579E-06
   877.0 -.2837805E-06
   878.0 -.3064904E-06
   879.0 -.3258584E-06
   880.0 -.3413894E-06
   881.0 -.3526320E-06
   882.0 -.3591896E-06
   883.0 -.3607241E-06
   884.0 -.3569705E-06
   885.0 -.3477359E-06
   886.0 -.3329120E-06
   887.0 -.3124748E-06
   888.0 -.2864901E-06
   889.0 -.2551138E-06
   890.0 -.2185936E-06
   891.0 -.1772650E-06
   892.0 -.1315511E-06
   893.0 -.8195599E-07
   894.0 -.2906027E-07
   895.0 0.2648729E-07
   896.0 0.8397709E-07
   897.0 0.1426502E-06
   898.0 0.2017079E-06
   899.0 0.2603232E-06
   900.0 0.3176546E-06
   901.0 0.3728572E-06
   902.0 0.4250979E-06
   903.0 0.4735655E-06
   904.0 0.5174874E-06
   905.0 0.5561407E-06
   906.0 0.5888627E-06
   907.0 0.6150641E-06
   908.0 0.6342410E-06
   909.0 0.6459785E-06
   910.0 0.6499633E-06
   911.0 0.6459910E-06
   912.0 0.6339640E-06
   913.0 0.6139011E-06
   914.0 0.5859393E-06
   915.0 0.5503265E-06
   916.0 0.5074239E-06
   917.0 0.4577021E-06
   918.0 0.4017332E-06
   919.0 0.3401854E-06
   920.0 0.2738107E-06
   921.0 0.2034377E-06
   922.0 0.1299578E-06
   923.0 0.5431287E-07
   924.0 -.2251855E-07
   925.0 -.9953504E-07
   926.0 -.1757282E-06
   927.0 -.2500966E-06
   928.0 -.3216613E-06
   929.0 -.3894798E-06
   930.0 -.4526607E-06
   931.0 -.5103770E-06
   932.0 -.5618792E-06
   933.0 -.6065023E-06
   934.0 -.6436838E-06
   935.0 -.6729634E-06
   936.0 -.6939922E-06
   937.0 -.7065426E-06
   938.0 -.7105048E-06
   939.0 -.7058894E-06
   940.0 -.6928306E-06
   941.0 -.6715791E-06
   942.0 -.6424999E-06
   943.0 -.6060661E-06
   944.0 -.5628485E-06
   945.0 -.5135103E-06
   946.0 -.4587934E-06
   947.0 -.3995090E-06
   948.0 -.3365224E-06
   949.0 -.2707412E-06
   950.0 -.2030993E-06
   951.0 -.1345460E-06
   952.0 -.6602721E-07
   953.0 0.1526007E-08
   954.0 0.6721180E-07
   955.0 0.1301716E-06
   956.0 0.1896015E-06
   957.0 0.2447644E-06
   958.0 0.2950003E-06
   959.0 0.3397349E-06
   960.0 0.3784862E-06
   961.0 0.4108709E-06
   962.0 0.4366114E-06
   963.0 0.4555302E-06
   964.0 0.4675624E-06
   965.0 0.4727440E-06
   966.0 0.4712137E-06
   967.0 0.4632095E-06
   968.0 0.4490620E-06
   969.0 0.4291862E-06
   970.0 0.4040745E-06
   971.0 0.3742857E-06
   972.0 0.3404358E-06
   973.0 0.3031876E-06
   974.0 0.2632371E-06
   975.0 0.2213018E-06
   976.0 0.1781105E-06
   977.0 0.1343885E-06
   978.0 0.9084848E-07
   979.0 0.4817739E-07
   980.0 0.7026943E-08
   981.0 -.3199684E-07
   982.0 -.6834171E-07
   983.0 -.1015175E-06
   984.0 -.1311016E-06
   985.0 -.1567463E-06
   986.0 -.1781791E-06
   987.0 -.1952079E-06
   988.0 -.2077215E-06
   989.0 -.2156879E-06
   990.0 -.2191543E-06
   991.0 -.2182418E-06
   992.0 -.2131439E-06
   993.0 -.2041188E-06
   994.0 -.1914834E-06
   995.0 -.1756075E-06
   996.0 -.1569039E-06
   997.0 -.1358213E-06
   998.0 -.1128347E-06
   999.0 -.8843690E-07
  1000.0 -.6312836E-07
  1001.0 -.3740880E-07
  1002.0 -.1176849E-07
  1003.0 0.1332047E-07
  1004.0 0.3741188E-07
  1005.0 0.6009252E-07
  1006.0 0.8098885E-07
  1007.0 0.9977165E-07
  1008.0 0.1161619E-06
  1009.0 0.1299327E-06
  1010.0 0.1409130E-06
  1011.0 0.1489884E-06
  1012.0 0.1541016E-06
  1013.0 0.1562513E-06
  1014.0 0.1554912E-06
  1015.0 0.1519266E-06
  1016.0 0.1457115E-06
  1017.0 0.1370434E-06
  1018.0 0.1261596E-06
  1019.0 0.1133299E-06
  1020.0 0.9885207E-07
  1021.0 0.8304485E-07
  1022.0 0.6624163E-07
  1023.0 0.4878325E-07
  1024.0 0.3101203E-07
  1025.0 0.1326512E-07
  1026.0 -.4131587E-08
  1027.0 -.2086920E-07
  1028.0 -.3666116E-07
  1029.0 -.5124764E-07
  1030.0 -.6439990E-07
  1031.0 -.7592364E-07
  1032.0 -.8566090E-07
  1033.0 -.9349279E-07
  1034.0 -.9934010E-07
  1035.0 -.1031630E-06
  1036.0 -.1049618E-06
  1037.0 -.1047744E-06
  1038.0 -.1026752E-06
  1039.0 -.9877199E-07
  1040.0 -.9320324E-07
  1041.0 -.8613430E-07
  1042.0 -.7775348E-07
  1043.0 -.6826725E-07
  1044.0 -.5789664E-07
  1045.0 -.4687173E-07
  1046.0 -.3542728E-07
  1047.0 -.2379792E-07
  1048.0 -.1221390E-07
  1049.0 -.8966057E-09
  1050.0 0.9945365E-08
  1051.0 0.2011976E-07
  1052.0 0.2945387E-07
  1053.0 0.3779726E-07
  1054.0 0.4502376E-07
  1055.0 0.5103355E-07
  1056.0 0.5575351E-07
  1057.0 0.5913840E-07
  1058.0 0.6117045E-07
  1059.0 0.6185902E-07
  1060.0 0.6123906E-07
  1061.0 0.5937002E-07
  1062.0 0.5633385E-07
  1063.0 0.5223215E-07
  1064.0 0.4718396E-07
  1065.0 0.4132268E-07
  1066.0 0.3479311E-07
  1067.0 0.2774765E-07
  1068.0 0.2034374E-07
  1069.0 0.1274016E-07
  1070.0 0.5093872E-08
  1071.0 -.2442901E-08
  1072.0 -.9725665E-08
  1073.0 -.1662016E-07
  1074.0 -.2300473E-07
  1075.0 -.2877233E-07
  1076.0 -.3383203E-07
  1077.0 -.3811056E-07
  1078.0 -.4155256E-07
  1079.0 -.4412191E-07
  1080.0 -.4580101E-07
  1081.0 -.4659083E-07
  1082.0 -.4651019E-07
  1083.0 -.4559479E-07
  1084.0 -.4389574E-07
  1085.0 -.4147804E-07
  1086.0 -.3841876E-07
  1087.0 -.3480523E-07
  1088.0 -.3073247E-07
  1089.0 -.2630138E-07
  1090.0 -.2161616E-07
  1091.0 -.1678247E-07
  1092.0 -.1190469E-07
  1093.0 -.7084209E-08
  1094.0 -.2417337E-08
  1095.0 0.2006514E-08
  1096.0 0.6106416E-08
  1097.0 0.9811214E-08
  1098.0 0.1306074E-07
  1099.0 0.1580657E-07
  1100.0 0.1801266E-07
  1101.0 0.1965555E-07
  1102.0 0.2072446E-07
  1103.0 0.2122106E-07
  1104.0 0.2115890E-07
  1105.0 0.2056281E-07
  1106.0 0.1946769E-07
  1107.0 0.1791781E-07
  1108.0 0.1596520E-07
  1109.0 0.1366835E-07
  1110.0 0.1109085E-07
  1111.0 0.8299750E-08
  1112.0 0.5364018E-08
  1113.0 0.2353074E-08
  1114.0 -.6647787E-09
  1115.0 -.3623656E-08
  1116.0 -.6461529E-08
  1117.0 -.9121300E-08
  1118.0 -.1155187E-07
  1119.0 -.1370902E-07
  1120.0 -.1555609E-07
  1121.0 -.1706437E-07
  1122.0 -.1821372E-07
  1123.0 -.1899227E-07
  1124.0 -.1939682E-07
  1125.0 -.1943205E-07
  1126.0 -.1911065E-07
  1127.0 -.1845238E-07
  1128.0 -.1748363E-07
  1129.0 -.1623644E-07
  1130.0 -.1474761E-07
  1131.0 -.1305780E-07
  1132.0 -.1121045E-07
  1133.0 -.9250761E-08
  1134.0 -.7224628E-08
  1135.0 -.5177663E-08
  1136.0 -.3154126E-08
  1137.0 -.1196112E-08
  1138.0 0.6573603E-09
  1139.0 0.2371059E-08
  1140.0 0.3914123E-08
  1141.0 0.5260640E-08
  1142.0 0.6390004E-08
  1143.0 0.7287126E-08
  1144.0 0.7942600E-08
  1145.0 0.8352702E-08
  1146.0 0.8519248E-08
  1147.0 0.8449280E-08
  1148.0 0.8154802E-08
  1149.0 0.7652287E-08
  1150.0 0.6962166E-08
  1151.0 0.6108200E-08
  1152.0 0.5116829E-08
  1153.0 0.4016511E-08
  1154.0 0.2837015E-08
  1155.0 0.1608664E-08
  1156.0 0.3617146E-09
  1157.0 -.8743479E-09
  1158.0 -.2071443E-08
  1159.0 -.3203440E-08
  1160.0 -.4246671E-08
  1161.0 -.5180340E-08
  1162.0 -.5986907E-08
  1163.0 -.6652349E-08
  1164.0 -.7166293E-08
  1165.0 -.7522120E-08
  1166.0 -.7716956E-08
  1167.0 -.7751667E-08
  1168.0 -.7630546E-08
  1169.0 -.7361168E-08
  1170.0 -.6954112E-08
  1171.0 -.6422517E-08
  1172.0 -.5781746E-08
  1173.0 -.5048939E-08
  1174.0 -.4242529E-08
  1175.0 -.3381828E-08
  1176.0 -.2486480E-08
  1177.0 -.1576081E-08
  1178.0 -.6696806E-09
  1179.0 0.2145735E-09
  1180.0 0.1059843E-08
  1181.0 0.1850914E-08
  1182.0 0.2574441E-08
  1183.0 0.3219222E-08
  1184.0 0.3776293E-08
  1185.0 0.4239067E-08
  1186.0 0.4603392E-08
  1187.0 0.4867461E-08
  1188.0 0.5031832E-08
  1189.0 0.5099227E-08
  1190.0 0.5074428E-08
  1191.0 0.4964019E-08
  1192.0 0.4776165E-08
  1193.0 0.4520345E-08
  1194.0 0.4207053E-08
  1195.0 0.3847516E-08
  1196.0 0.3453372E-08
  1197.0 0.3036396E-08
  1198.0 0.2608188E-08
  1199.0 0.2179931E-08
  1200.0 0.1762112E-08
  1201.0 0.1364344E-08
  1202.0 0.9951338E-09
  1203.0 0.6617834E-09
  1204.0 0.3702348E-09
  1205.0 0.1250255E-09
  1206.0 -.7076726E-10
  1207.0 -.2155107E-09
  1208.0 -.3089757E-09
  1209.0 -.3522685E-09
  1210.0 -.3477295E-09
  1211.0 -.2987937E-09
  1212.0 -.2098479E-09
  1213.0 -.8606510E-10
  1214.0 0.6679635E-10
  1215.0 0.2425483E-09
  1216.0 0.4347959E-09
  1217.0 0.6370826E-09
  1218.0 0.8431033E-09
  1219.0 0.1046848E-08
  1220.0 0.1242761E-08
  1221.0 0.1425848E-08
  1222.0 0.1591807E-08
  1223.0 0.1737109E-08
  1224.0 0.1859008E-08
  1225.0 0.1955644E-08
  1226.0 0.2025988E-08
  1227.0 0.2069862E-08
  1228.0 0.2087876E-08
  1229.0 0.2081351E-08
  1230.0 0.2052297E-08
  1231.0 0.2003236E-08
  1232.0 0.1937159E-08
  1233.0 0.1857383E-08
  1234.0 0.1767427E-08
  1235.0 0.1670911E-08
  1236.0 0.1571407E-08
  1237.0 0.1472365E-08
  1238.0 0.1376974E-08
  1239.0 0.1288102E-08
  1240.0 0.1208193E-08
  1241.0 0.1139240E-08
  1242.0 0.1082703E-08
  1243.0 0.1039514E-08
  1244.0 0.1010064E-08
  1245.0 0.9942044E-09
  1246.0 0.9913044E-09
  1247.0 0.1000262E-08
  1248.0 0.1019579E-08
  1249.0 0.1047442E-08
  1250.0 0.1081791E-08
  1251.0 0.1120406E-08
  1252.0 0.1161004E-08
  1253.0 0.1201326E-08
  1254.0 0.1239230E-08
  1255.0 0.1272762E-08
  1256.0 0.1300263E-08
  1257.0 0.1320409E-08
  1258.0 0.1332256E-08
  1259.0 0.1335306E-08
  1260.0 0.1329533E-08
  1261.0 0.1315372E-08
  1262.0 0.1293703E-08
  1263.0 0.1265862E-08
  1264.0 0.1233590E-08
  1265.0 0.1198948E-08
  1266.0 0.1164300E-08
  1267.0 0.1132200E-08
  1268.0 0.1105309E-08
  1269.0 0.1086327E-08
  1270.0 0.1077867E-08
  1271.0 0.1082387E-08
  1272.0 0.1102064E-08
  1273.0 0.1138739E-08
  1274.0 0.1193808E-08
  1275.0 0.1268178E-08
  1276.0 0.1362176E-08
  1277.0 0.1475543E-08
  1278.0 0.1607382E-08
  1279.0 0.1756155E-08
  1280.0 0.1919703E-08
  1281.0 0.2095246E-08
  1282.0 0.2279461E-08
  1283.0 0.2468527E-08
  1284.0 0.2658193E-08
  1285.0 0.2843882E-08
  1286.0 0.3020814E-08
  1287.0 0.3184074E-08
  1288.0 0.3328764E-08
  1289.0 0.3450125E-08
  1290.0 0.3543640E-08
  1291.0 0.3605196E-08
  1292.0 0.3631148E-08
  1293.0 0.3618462E-08
  1294.0 0.3564798E-08
  1295.0 0.3468599E-08
  1296.0 0.3329135E-08
  1297.0 0.3146569E-08
  1298.0 0.2921952E-08
  1299.0 0.2657277E-08
  1300.0 0.2355412E-08
  1301.0 0.2020084E-08
  1302.0 0.1655805E-08
  1303.0 0.1267809E-08
  1304.0 0.8619402E-09
  1305.0 0.4445387E-09
  1306.0 0.2231486E-10
  1307.0 -.3977905E-09
  1308.0 -.8087477E-09
  1309.0 -.1203600E-08
  1310.0 -.1575616E-08
  1311.0 -.1918411E-08
  1312.0 -.2226134E-08
  1313.0 -.2493564E-08
  1314.0 -.2716230E-08
  1315.0 -.2890555E-08
  1316.0 -.3013865E-08
  1317.0 -.3084531E-08
  1318.0 -.3101955E-08
  1319.0 -.3066596E-08
  1320.0 -.2979997E-08
  1321.0 -.2844697E-08
  1322.0 -.2664218E-08
  1323.0 -.2442966E-08
  1324.0 -.2186138E-08
  1325.0 -.1899597E-08
  1326.0 -.1589751E-08
  1327.0 -.1263388E-08
  1328.0 -.9275337E-09
  1329.0 -.5892773E-09
  1330.0 -.2556288E-09
  1331.0 0.6667425E-10
  1332.0 0.3712924E-09
  1333.0 0.6524496E-09
  1334.0 0.9050597E-09
  1335.0 0.1124839E-08
  1336.0 0.1308406E-08
  1337.0 0.1453354E-08
  1338.0 0.1558295E-08
  1339.0 0.1622898E-08
  1340.0 0.1647873E-08
  1341.0 0.1634945E-08
  1342.0 0.1586801E-08
  1343.0 0.1507017E-08
  1344.0 0.1399934E-08
  1345.0 0.1270565E-08
  1346.0 0.1124429E-08
  1347.0 0.9674089E-09
  1348.0 0.8055657E-09
  1349.0 0.6449987E-09
  1350.0 0.4916391E-09
  1351.0 0.3510859E-09
  1352.0 0.2284478E-09
  1353.0 0.1281742E-09
  1354.0 0.5391363E-10
  1355.0 0.8409539E-11
  1356.0 -.6627610E-11
  1357.0 0.9419806E-11
  1358.0 0.5603215E-10
  1359.0 0.1315207E-09
  1360.0 0.2330427E-09
  1361.0 0.3566651E-09
  1362.0 0.4974008E-09
  1363.0 0.6493402E-09
  1364.0 0.8057794E-09
  1365.0 0.9593591E-09
  1366.0 0.1102266E-08
  1367.0 0.1226414E-08
  1368.0 0.1323654E-08
  1369.0 0.1386014E-08
  1370.0 0.1405906E-08
  1371.0 0.1376351E-08
  1372.0 0.1291219E-08
  1373.0 0.1145407E-08
  1374.0 0.9350556E-09
  1375.0 0.6577031E-09
  1376.0 0.3124419E-09
  1377.0 -.9998528E-10
  1378.0 -.5770843E-09
  1379.0 -.1114584E-08
  1380.0 -.1706415E-08
  1381.0 -.2344766E-08
  1382.0 -.3020140E-08
  1383.0 -.3721491E-08
  1384.0 -.4436351E-08
  1385.0 -.5151057E-08
  1386.0 -.5850960E-08
  1387.0 -.6520677E-08
  1388.0 -.7144397E-08
  1389.0 -.7706137E-08
  1390.0 -.8190150E-08
  1391.0 -.8581136E-08
  1392.0 -.8864697E-08
  1393.0 -.9027538E-08
  1394.0 -.9057911E-08
  1395.0 -.8945787E-08
  1396.0 -.8683254E-08
  1397.0 -.8264657E-08
  1398.0 -.7686854E-08
  1399.0 -.6949398E-08
  1400.0 -.6054625E-08
  1401.0 -.5007748E-08
  1402.0 -.3816866E-08
  1403.0 -.2492945E-08
  1404.0 -.1049726E-08
  1405.0 0.4964067E-09
  1406.0 0.2126638E-08
  1407.0 0.3819926E-08
  1408.0 0.5553332E-08
  1409.0 0.7302322E-08
  1410.0 0.9041134E-08
  1411.0 0.1074321E-07
  1412.0 0.1238156E-07
  1413.0 0.1392926E-07
  1414.0 0.1535985E-07
  1415.0 0.1664790E-07
  1416.0 0.1776926E-07
  1417.0 0.1870161E-07
  1418.0 0.1942494E-07
  1419.0 0.1992176E-07
  1420.0 0.2017763E-07
  1421.0 0.2018127E-07
  1422.0 0.1992489E-07
  1423.0 0.1940447E-07
  1424.0 0.1861976E-07
  1425.0 0.1757445E-07
  1426.0 0.1627605E-07
  1427.0 0.1473608E-07
  1428.0 0.1296969E-07
  1429.0 0.1099562E-07
  1430.0 0.8835963E-08
  1431.0 0.6515781E-08
  1432.0 0.4062882E-08
  1433.0 0.1507299E-08
  1434.0 -.1119071E-08
  1435.0 -.3782942E-08
  1436.0 -.6450182E-08
  1437.0 -.9086247E-08
  1438.0 -.1165675E-07
  1439.0 -.1412802E-07
  1440.0 -.1646751E-07
  1441.0 -.1864436E-07
  1442.0 -.2062989E-07
  1443.0 -.2239800E-07
  1444.0 -.2392549E-07
  1445.0 -.2519259E-07
  1446.0 -.2618310E-07
  1447.0 -.2688468E-07
  1448.0 -.2728908E-07
  1449.0 -.2739213E-07
  1450.0 -.2719394E-07
  1451.0 -.2669871E-07
  1452.0 -.2591488E-07
  1453.0 -.2485474E-07
  1454.0 -.2353431E-07
  1455.0 -.2197323E-07
  1456.0 -.2019416E-07
  1457.0 -.1822263E-07
  1458.0 -.1608656E-07
  1459.0 -.1381583E-07
  1460.0 -.1144179E-07
  1461.0 -.8996818E-08
  1462.0 -.6513766E-08
  1463.0 -.4025560E-08
  1464.0 -.1564595E-08
  1465.0 0.8376564E-09
  1466.0 0.3151163E-08
  1467.0 0.5347693E-08
  1468.0 0.7401290E-08
  1469.0 0.9288534E-08
  1470.0 0.1098894E-07
  1471.0 0.1248515E-07
  1472.0 0.1376315E-07
  1473.0 0.1481237E-07
  1474.0 0.1562593E-07
  1475.0 0.1620046E-07
  1476.0 0.1653621E-07
  1477.0 0.1663694E-07
  1478.0 0.1650976E-07
  1479.0 0.1616490E-07
  1480.0 0.1561562E-07
  1481.0 0.1487771E-07
  1482.0 0.1396945E-07
  1483.0 0.1291101E-07
  1484.0 0.1172424E-07
  1485.0 0.1043221E-07
  1486.0 0.9058872E-08
  1487.0 0.7628568E-08
  1488.0 0.6165757E-08
  1489.0 0.4694495E-08
  1490.0 0.3238162E-08
  1491.0 0.1819043E-08
  1492.0 0.4580305E-09
  1493.0 -.8256600E-09
  1494.0 -.2014794E-08
  1495.0 -.3094288E-08
  1496.0 -.4051417E-08
  1497.0 -.4875960E-08
  1498.0 -.5560238E-08
  1499.0 -.6099240E-08
  1500.0 -.6490552E-08
  1501.0 -.6734337E-08
  1502.0 -.6833264E-08
  1503.0 -.6792380E-08
  1504.0 -.6618891E-08
  1505.0 -.6322082E-08
  1506.0 -.5912960E-08
  1507.0 -.5404102E-08
  1508.0 -.4809368E-08
  1509.0 -.4143586E-08
  1510.0 -.3422301E-08
  1511.0 -.2661457E-08
  1512.0 -.1877112E-08
  1513.0 -.1085171E-08
  1514.0 -.3010635E-09
  1515.0 0.4604681E-09
  1516.0 0.1185638E-08
  1517.0 0.1861820E-08
  1518.0 0.2477739E-08
  1519.0 0.3023654E-08
  1520.0 0.3491457E-08
  1521.0 0.3874789E-08
  1522.0 0.4169117E-08
  1523.0 0.4371727E-08
  1524.0 0.4481758E-08
  1525.0 0.4500166E-08
  1526.0 0.4429626E-08
  1527.0 0.4274478E-08
  1528.0 0.4040583E-08
  1529.0 0.3735158E-08
  1530.0 0.3366648E-08
  1531.0 0.2944534E-08
  1532.0 0.2479093E-08
  1533.0 0.1981232E-08
  1534.0 0.1462274E-08
  1535.0 0.9337007E-09
  1536.0 0.4069762E-09
  1537.0 -.1066930E-09
  1538.0 -.5965438E-09
  1539.0 -.1052452E-08
  1540.0 -.1465128E-08
  1541.0 -.1826234E-08
  1542.0 -.2128572E-08
  1543.0 -.2366155E-08
  1544.0 -.2534324E-08
  1545.0 -.2629832E-08
  1546.0 -.2650836E-08
  1547.0 -.2596962E-08
  1548.0 -.2469269E-08
  1549.0 -.2270225E-08
  1550.0 -.2003641E-08
  1551.0 -.1674598E-08
  1552.0 -.1289336E-08
  1553.0 -.8551380E-09
  1554.0 -.3801913E-09
  1555.0 0.1265675E-09
  1556.0 0.6556143E-09
  1557.0 0.1197012E-08
  1558.0 0.1740579E-08
  1559.0 0.2276073E-08
  1560.0 0.2793379E-08
  1561.0 0.3282680E-08
  1562.0 0.3734600E-08
  1563.0 0.4140418E-08
  1564.0 0.4492158E-08
  1565.0 0.4782765E-08
  1566.0 0.5006200E-08
  1567.0 0.5157550E-08
  1568.0 0.5233100E-08
  1569.0 0.5230411E-08
  1570.0 0.5148328E-08
  1571.0 0.4987051E-08
  1572.0 0.4748047E-08
  1573.0 0.4434115E-08
  1574.0 0.4049297E-08
  1575.0 0.3598795E-08
  1576.0 0.3088916E-08
  1577.0 0.2526956E-08
  1578.0 0.1921096E-08
  1579.0 0.1280256E-08
  1580.0 0.6139469E-09
  1581.0 -.6785286E-10
  1582.0 -.7548842E-09
  1583.0 -.1436746E-08
  1584.0 -.2103077E-08
  1585.0 -.2743708E-08
  1586.0 -.3348829E-08
  1587.0 -.3909127E-08
  1588.0 -.4415944E-08
  1589.0 -.4861393E-08
  1590.0 -.5238525E-08
  1591.0 -.5541360E-08
  1592.0 -.5765066E-08
  1593.0 -.5905949E-08
  1594.0 -.5961569E-08
  1595.0 -.5930749E-08
  1596.0 -.5813606E-08
  1597.0 -.5611537E-08
  1598.0 -.5327195E-08
  1599.0 -.4964461E-08
  1600.0 -.4528376E-08
  1601.0 -.4025062E-08
  1602.0 -.3461643E-08
  1603.0 -.2846110E-08
  1604.0 -.2187233E-08
  1605.0 -.1494407E-08
  1606.0 -.7775178E-09
  1607.0 -.4679059E-10
  1608.0 0.6873538E-09
  1609.0 0.1414459E-08
  1610.0 0.2124199E-08
  1611.0 0.2806508E-08
  1612.0 0.3451747E-08
  1613.0 0.4050837E-08
  1614.0 0.4595384E-08
  1615.0 0.5077830E-08
  1616.0 0.5491532E-08
  1617.0 0.5830850E-08
  1618.0 0.6091283E-08
  1619.0 0.6269446E-08
  1620.0 0.6363178E-08
  1621.0 0.6371576E-08
  1622.0 0.6294947E-08
  1623.0 0.6134825E-08
  1624.0 0.5893985E-08
  1625.0 0.5576327E-08
  1626.0 0.5186851E-08
  1627.0 0.4731586E-08
  1628.0 0.4217457E-08
  1629.0 0.3652215E-08
  1630.0 0.3044311E-08
  1631.0 0.2402757E-08
  1632.0 0.1736984E-08
  1633.0 0.1056719E-08
  1634.0 0.3718279E-09
  1635.0 -.3078325E-09
  1636.0 -.9725600E-09
  1637.0 -.1612950E-08
  1638.0 -.2220029E-08
  1639.0 -.2785398E-08
  1640.0 -.3301341E-08
  1641.0 -.3760938E-08
  1642.0 -.4158192E-08
  1643.0 -.4488037E-08
  1644.0 -.4746516E-08
  1645.0 -.4930726E-08
  1646.0 -.5038947E-08
  1647.0 -.5070585E-08
  1648.0 -.5026214E-08
  1649.0 -.4907557E-08
  1650.0 -.4717449E-08
  1651.0 -.4459759E-08
  1652.0 -.4139380E-08
  1653.0 -.3762087E-08
  1654.0 -.3334483E-08
  1655.0 -.2863892E-08
  1656.0 -.2358211E-08
  1657.0 -.1825832E-08
  1658.0 -.1275454E-08
  1659.0 -.7160065E-09
  1660.0 -.1564685E-09
  1661.0 0.3942490E-09
  1662.0 0.9274466E-09
  1663.0 0.1434766E-08
  1664.0 0.1908316E-08
  1665.0 0.2340794E-08
  1666.0 0.2725586E-08
  1667.0 0.3056884E-08
  1668.0 0.3329741E-08
  1669.0 0.3540167E-08
  1670.0 0.3685173E-08
  1671.0 0.3762821E-08
  1672.0 0.3772236E-08
  1673.0 0.3713610E-08
  1674.0 0.3588219E-08
  1675.0 0.3398367E-08
  1676.0 0.3147359E-08
  1677.0 0.2839444E-08
  1678.0 0.2479752E-08
  1679.0 0.2074183E-08
  1680.0 0.1629343E-08
  1681.0 0.1152425E-08
  1682.0 0.6510888E-09
  1683.0 0.1333539E-09
  1684.0 -.3925416E-09
  1685.0 -.9182565E-09
  1686.0 -.1435477E-08
  1687.0 -.1936056E-08
  1688.0 -.2412123E-08
  1689.0 -.2856226E-08
  1690.0 -.3261404E-08
  1691.0 -.3621345E-08
  1692.0 -.3930436E-08
  1693.0 -.4183875E-08
  1694.0 -.4377723E-08
  1695.0 -.4508951E-08
  1696.0 -.4575543E-08
  1697.0 -.4576434E-08
  1698.0 -.4511577E-08
  1699.0 -.4381945E-08
  1700.0 -.4189484E-08
  1701.0 -.3937078E-08
  1702.0 -.3628532E-08
  1703.0 -.3268470E-08
  1704.0 -.2862286E-08
  1705.0 -.2416068E-08
  1706.0 -.1936461E-08
  1707.0 -.1430610E-08
  1708.0 -.9060073E-09
  1709.0 -.3704089E-09
  1710.0 0.1682997E-09
  1711.0 0.7022213E-09
  1712.0 0.1223569E-08
  1713.0 0.1724775E-08
  1714.0 0.2198614E-08
  1715.0 0.2638310E-08
  1716.0 0.3037624E-08
  1717.0 0.3390957E-08
  1718.0 0.3693435E-08
  1719.0 0.3940954E-08
  1720.0 0.4130266E-08
  1721.0 0.4259006E-08
  1722.0 0.4325716E-08
  1723.0 0.4329884E-08
  1724.0 0.4271921E-08
  1725.0 0.4153159E-08
  1726.0 0.3975831E-08
  1727.0 0.3743003E-08
  1728.0 0.3458561E-08
  1729.0 0.3127127E-08
  1730.0 0.2753962E-08
  1731.0 0.2344922E-08
  1732.0 0.1906336E-08
  1733.0 0.1444933E-08
  1734.0 0.9676923E-09
  1735.0 0.4817929E-09
  1736.0 -.5536295E-11
  1737.0 -.4871122E-09
  1738.0 -.9559044E-09
  1739.0 -.1405141E-08
  1740.0 -.1828404E-08
  1741.0 -.2219735E-08
  1742.0 -.2573697E-08
  1743.0 -.2885481E-08
  1744.0 -.3150942E-08
  1745.0 -.3366681E-08
  1746.0 -.3530072E-08
  1747.0 -.3639290E-08
  1748.0 -.3693347E-08
  1749.0 -.3692091E-08
  1750.0 -.3636189E-08
  1751.0 -.3527119E-08
  1752.0 -.3367143E-08
  1753.0 -.3159250E-08
  1754.0 -.2907116E-08
  1755.0 -.2615036E-08
  1756.0 -.2287850E-08
  1757.0 -.1930871E-08
  1758.0 -.1549789E-08
  1759.0 -.1150599E-08
  1760.0 -.7394895E-09
  1761.0 -.3227593E-09
  1762.0 0.9328560E-10
  1763.0 0.5024194E-09
  1764.0 0.8985918E-09
  1765.0 0.1276022E-08
  1766.0 0.1629270E-08
  1767.0 0.1953317E-08
  1768.0 0.2243645E-08
  1769.0 0.2496286E-08
  1770.0 0.2707880E-08
  1771.0 0.2875705E-08
  1772.0 0.2997728E-08
  1773.0 0.3072621E-08
  1774.0 0.3099757E-08
  1775.0 0.3079220E-08
  1776.0 0.3011801E-08
  1777.0 0.2898971E-08
  1778.0 0.2742838E-08
  1779.0 0.2546122E-08
  1780.0 0.2312112E-08
  1781.0 0.2044581E-08
  1782.0 0.1747756E-08
  1783.0 0.1426235E-08
  1784.0 0.1084911E-08
  1785.0 0.7289011E-09
  1786.0 0.3634734E-09
  1787.0 -.6043337E-11
  1788.0 -.3743292E-09
  1789.0 -.7361501E-09
  1790.0 -.1086437E-08
  1791.0 -.1420352E-08
  1792.0 -.1733360E-08
  1793.0 -.2021275E-08
  1794.0 -.2280339E-08
  1795.0 -.2507240E-08
  1796.0 -.2699173E-08
  1797.0 -.2853865E-08
  1798.0 -.2969602E-08
  1799.0 -.3045226E-08
  1800.0 -.3080162E-08
  1801.0 -.3074426E-08
  1802.0 -.3028570E-08
  1803.0 -.2943716E-08
  1804.0 -.2821499E-08
  1805.0 -.2664038E-08
  1806.0 -.2473914E-08
  1807.0 -.2254102E-08
  1808.0 -.2007953E-08
  1809.0 -.1739106E-08
  1810.0 -.1451460E-08
  1811.0 -.1149104E-08
  1812.0 -.8362560E-09
  1813.0 -.5172073E-09
  1814.0 -.1962602E-09
  1815.0 0.1223301E-09
  1816.0 0.4344120E-09
  1817.0 0.7359954E-09
  1818.0 0.1023295E-08
  1819.0 0.1292789E-08
  1820.0 0.1541249E-08
  1821.0 0.1765787E-08
  1822.0 0.1963881E-08
  1823.0 0.2133408E-08
  1824.0 0.2272664E-08
  1825.0 0.2380374E-08
  1826.0 0.2455705E-08
  1827.0 0.2498262E-08
  1828.0 0.2508102E-08
  1829.0 0.2485711E-08
  1830.0 0.2431986E-08
  1831.0 0.2348229E-08
  1832.0 0.2236113E-08
  1833.0 0.2097666E-08
  1834.0 0.1935218E-08
  1835.0 0.1751381E-08
  1836.0 0.1549012E-08
  1837.0 0.1331159E-08
  1838.0 0.1101033E-08
  1839.0 0.8619418E-09
  1840.0 0.6172745E-09
  1841.0 0.3704327E-09
  1842.0 0.1247963E-09
  1843.0 -.1163221E-09
  1844.0 -.3497209E-09
  1845.0 -.5723485E-09
  1846.0 -.7813389E-09
  1847.0 -.9740555E-09
  1848.0 -.1148112E-08
  1849.0 -.1301410E-08
  1850.0 -.1432160E-08
  1851.0 -.1538898E-08
  1852.0 -.1620509E-08
  1853.0 -.1676235E-08
  1854.0 -.1705686E-08
  1855.0 -.1708837E-08
  1856.0 -.1686024E-08
  1857.0 -.1637949E-08
  1858.0 -.1565657E-08
  1859.0 -.1470526E-08
  1860.0 -.1354244E-08
  1861.0 -.1218782E-08
  1862.0 -.1066384E-08
  1863.0 -.8995023E-09
  1864.0 -.7207994E-09
  1865.0 -.5330825E-09
  1866.0 -.3392819E-09
  1867.0 -.1424021E-09
  1868.0 0.5451979E-10
  1869.0 0.2484570E-09
  1870.0 0.4364316E-09
  1871.0 0.6155630E-09
  1872.0 0.7831097E-09
  1873.0 0.9365030E-09
  1874.0 0.1073390E-08
  1875.0 0.1191671E-08
  1876.0 0.1289524E-08
  1877.0 0.1365438E-08
  1878.0 0.1418237E-08
  1879.0 0.1447100E-08
  1880.0 0.1451571E-08
  1881.0 0.1431570E-08
  1882.0 0.1387403E-08
  1883.0 0.1319751E-08
  1884.0 0.1229665E-08
  1885.0 0.1118555E-08
  1886.0 0.9881719E-09
  1887.0 0.8405769E-09
  1888.0 0.6781229E-09
  1889.0 0.5034034E-09
  1890.0 0.3192331E-09
  1891.0 0.1285925E-09
  1892.0 -.6541355E-10
  1893.0 -.2596038E-09
  1894.0 -.4507701E-09
  1895.0 -.6357323E-09
  1896.0 -.8113813E-09
  1897.0 -.9747400E-09
  1898.0 -.1123004E-08
  1899.0 -.1253595E-08
  1900.0 -.1364202E-08
  1901.0 -.1452817E-08
  1902.0 -.1517784E-08
  1903.0 -.1557808E-08
  1904.0 -.1572011E-08
  1905.0 -.1559916E-08
  1906.0 -.1521481E-08
  1907.0 -.1457098E-08
  1908.0 -.1367594E-08
  1909.0 -.1254207E-08
  1910.0 -.1118588E-08
  1911.0 -.9627706E-09
  1912.0 -.7891292E-09
  1913.0 -.6003603E-09
  1914.0 -.3994256E-09
  1915.0 -.1895129E-09
  1916.0 0.2601769E-10
  1917.0 0.2436944E-09
  1918.0 0.4599820E-09
  1919.0 0.6713500E-09
  1920.0 0.8743259E-09
  1921.0 0.1065559E-08
  1922.0 0.1241874E-08
  1923.0 0.1400332E-08
  1924.0 0.1538270E-08
  1925.0 0.1653363E-08
  1926.0 0.1743653E-08
  1927.0 0.1807590E-08
  1928.0 0.1844058E-08
  1929.0 0.1852397E-08
  1930.0 0.1832410E-08
  1931.0 0.1784378E-08
  1932.0 0.1709048E-08
  1933.0 0.1607624E-08
  1934.0 0.1481738E-08
  1935.0 0.1333442E-08
  1936.0 0.1165149E-08
  1937.0 0.9796060E-09
  1938.0 0.7798434E-09
  1939.0 0.5691174E-09
  1940.0 0.3508538E-09
  1941.0 0.1285935E-09
  1942.0 -.9407942E-10
  1943.0 -.3135936E-09
  1944.0 -.5264554E-09
  1945.0 -.7293127E-09
  1946.0 -.9190100E-09
  1947.0 -.1092644E-08
  1948.0 -.1247618E-08
  1949.0 -.1381678E-08
  1950.0 -.1492960E-08
  1951.0 -.1580011E-08
  1952.0 -.1641812E-08
  1953.0 -.1677807E-08
  1954.0 -.1687886E-08
  1955.0 -.1672401E-08
  1956.0 -.1632138E-08
  1957.0 -.1568309E-08
  1958.0 -.1482521E-08
  1959.0 -.1376742E-08
  1960.0 -.1253247E-08
  1961.0 -.1114589E-08
  1962.0 -.9635340E-09
  1963.0 -.8030090E-09
  1964.0 -.6360415E-09
  1965.0 -.4657014E-09
  1966.0 -.2950382E-09
  1967.0 -.1270223E-09
  1968.0 0.3550981E-10
  1969.0 0.1899126E-09
  1970.0 0.3337796E-09
  1971.0 0.4649854E-09
  1972.0 0.5817254E-09
  1973.0 0.6825465E-09
  1974.0 0.7663674E-09
  1975.0 0.8324949E-09
  1976.0 0.8806304E-09
  1977.0 0.9108676E-09
  1978.0 0.9236809E-09
  1979.0 0.9199053E-09
  1980.0 0.9007161E-09
  1981.0 0.8675894E-09
  1982.0 0.8222637E-09
  1983.0 0.7667006E-09
  1984.0 0.7030208E-09
  1985.0 0.6334698E-09
  1986.0 0.5603500E-09
  1987.0 0.4859654E-09
  1988.0 0.4125739E-09
  1989.0 0.3423233E-09
  1990.0 0.2772072E-09
  1991.0 0.2190115E-09
  1992.0 0.1692761E-09
  1993.0 0.1292547E-09
  1994.0 0.9988634E-10
  1995.0 0.8177220E-10
  1996.0 0.7516038E-10
  1997.0 0.7993899E-10
  1998.0 0.9563941E-10
  1999.0 0.1214450E-09
  2000.0 0.1562110E-09
  2001.0 0.1984907E-09
  2002.0 0.2465682E-09
  2003.0 0.2985035E-09
  2004.0 0.3521725E-09
  2005.0 0.4053242E-09
  2006.0 0.4556329E-09
  2007.0 0.5007569E-09
  2008.0 0.5383977E-09
  2009.0 0.5663580E-09
  2010.0 0.5826002E-09
  2011.0 0.5853051E-09
  2012.0 0.5729155E-09
  2013.0 0.5441893E-09
  2014.0 0.4982375E-09
  2015.0 0.4345563E-09
  2016.0 0.3530563E-09
  2017.0 0.2540743E-09
  2018.0 0.1383843E-09
  2019.0 0.7194959E-11
  2020.0 -.1378617E-09
  2021.0 -.2947508E-09
  2022.0 -.4610620E-09
  2023.0 -.6340528E-09
  2024.0 -.8106890E-09
  2025.0 -.9877013E-09
  2026.0 -.1161645E-08
  2027.0 -.1328969E-08
  2028.0 -.1486069E-08
  2029.0 -.1629377E-08
  2030.0 -.1755426E-08
  2031.0 -.1860918E-08
  2032.0 -.1942796E-08
  2033.0 -.1998321E-08
  2034.0 -.2025119E-08
  2035.0 -.2021251E-08
  2036.0 -.1985247E-08
  2037.0 -.1916169E-08
  2038.0 -.1813627E-08
  2039.0 -.1677801E-08
  2040.0 -.1509464E-08
  2041.0 -.1309980E-08
  2042.0 -.1081288E-08
  2043.0 -.8258924E-09
  2044.0 -.5468221E-09
  2045.0 -.2475977E-09
  2046.0 0.6782312E-10
  2047.0 0.3951032E-09
  2048.0 0.7295963E-09
  2049.0 0.1066411E-08
  2050.0 0.1400505E-08
  2051.0 0.1726752E-08
  2052.0 0.2040034E-08
  2053.0 0.2335328E-08
  2054.0 0.2607793E-08
  2055.0 0.2852840E-08
  2056.0 0.3066234E-08
  2057.0 0.3244145E-08
  2058.0 0.3383238E-08
  2059.0 0.3480711E-08
  2060.0 0.3534368E-08
  2061.0 0.3542640E-08
  2062.0 0.3504641E-08
  2063.0 0.3420166E-08
  2064.0 0.3289706E-08
  2065.0 0.3114457E-08
  2066.0 0.2896294E-08
  2067.0 0.2637746E-08
  2068.0 0.2341970E-08
  2069.0 0.2012689E-08
  2070.0 0.1654153E-08
  2071.0 0.1271062E-08
  2072.0 0.8684974E-09
  2073.0 0.4518509E-09
  2074.0 0.2673396E-10
  2075.0 -.4011058E-09
  2076.0 -.8258703E-09
  2077.0 -.1241800E-08
  2078.0 -.1643265E-08
  2079.0 -.2024842E-08
  2080.0 -.2381401E-08
  2081.0 -.2708180E-08
  2082.0 -.3000863E-08
  2083.0 -.3255615E-08
  2084.0 -.3469169E-08
  2085.0 -.3638851E-08
  2086.0 -.3762607E-08
  2087.0 -.3839068E-08
  2088.0 -.3867505E-08
  2089.0 -.3847888E-08
  2090.0 -.3780832E-08
  2091.0 -.3667626E-08
  2092.0 -.3510161E-08
  2093.0 -.3310934E-08
  2094.0 -.3072970E-08
  2095.0 -.2799804E-08
  2096.0 -.2495386E-08
  2097.0 -.2164052E-08
  2098.0 -.1810426E-08
  2099.0 -.1439377E-08
  2100.0 -.1055916E-08
  2101.0 -.6651484E-09
  2102.0 -.2721845E-09
  2103.0 0.1179294E-09
  2104.0 0.5002770E-09
  2105.0 0.8701442E-09
  2106.0 0.1223077E-08
  2107.0 0.1554933E-08
  2108.0 0.1861943E-08
  2109.0 0.2140740E-08
  2110.0 0.2388408E-08
  2111.0 0.2602500E-08
  2112.0 0.2781073E-08
  2113.0 0.2922680E-08
  2114.0 0.3026396E-08
  2115.0 0.3091804E-08
  2116.0 0.3118988E-08
  2117.0 0.3108515E-08
  2118.0 0.3061424E-08
  2119.0 0.2979178E-08
  2120.0 0.2863650E-08
  2121.0 0.2717061E-08
  2122.0 0.2541974E-08
  2123.0 0.2341217E-08
  2124.0 0.2117849E-08
  2125.0 0.1875115E-08
  2126.0 0.1616395E-08
  2127.0 0.1345148E-08
  2128.0 0.1064884E-08
  2129.0 0.7790933E-09
  2130.0 0.4912249E-09
  2131.0 0.2046315E-09
  2132.0 -.7746404E-10
  2133.0 -.3520037E-09
  2134.0 -.6161243E-09
  2135.0 -.8671855E-09
  2136.0 -.1102792E-08
  2137.0 -.1320814E-08
  2138.0 -.1519396E-08
  2139.0 -.1696974E-08
  2140.0 -.1852275E-08
  2141.0 -.1984319E-08
  2142.0 -.2092429E-08
  2143.0 -.2176209E-08
  2144.0 -.2235548E-08
  2145.0 -.2270600E-08
  2146.0 -.2281774E-08
  2147.0 -.2269729E-08
  2148.0 -.2235324E-08
  2149.0 -.2179639E-08
  2150.0 -.2103937E-08
  2151.0 -.2009626E-08
  2152.0 -.1898260E-08
  2153.0 -.1771517E-08
  2154.0 -.1631158E-08
  2155.0 -.1479024E-08
  2156.0 -.1317000E-08
  2157.0 -.1147009E-08
  2158.0 -.9709843E-09
  2159.0 -.7908434E-09
  2160.0 -.6084844E-09
  2161.0 -.4257625E-09
  2162.0 -.2444721E-09
  2163.0 -.6633837E-10
  2164.0 0.1069990E-09
  2165.0 0.2739968E-09
  2166.0 0.4332172E-09
  2167.0 0.5833375E-09
  2168.0 0.7231571E-09
  2169.0 0.8516035E-09
  2170.0 0.9677384E-09
  2171.0 0.1070753E-08
  2172.0 0.1159993E-08
  2173.0 0.1234927E-08
  2174.0 0.1295174E-08
  2175.0 0.1340489E-08
  2176.0 0.1370764E-08
  2177.0 0.1386029E-08
  2178.0 0.1386442E-08
  2179.0 0.1372286E-08
  2180.0 0.1343965E-08
  2181.0 0.1302002E-08
  2182.0 0.1247023E-08
  2183.0 0.1179750E-08
  2184.0 0.1101009E-08
  2185.0 0.1011698E-08
  2186.0 0.9127987E-09
  2187.0 0.8053505E-09
  2188.0 0.6904576E-09
  2189.0 0.5692646E-09
  2190.0 0.4429558E-09
  2191.0 0.3127441E-09
  2192.0 0.1798598E-09
  2193.0 0.4554273E-10
  2194.0 -.8896804E-10
  2195.0 -.2224426E-09
  2196.0 -.3536683E-09
  2197.0 -.4814586E-09
  2198.0 -.6046608E-09
  2199.0 -.7221643E-09
  2200.0 -.8329082E-09
  2201.0 -.9358818E-09
  2202.0 -.1030145E-08
  2203.0 -.1114815E-08
  2204.0 -.1189090E-08
  2205.0 -.1252245E-08
  2206.0 -.1303635E-08
  2207.0 -.1342712E-08
  2208.0 -.1369010E-08
  2209.0 -.1382165E-08
  2210.0 -.1381910E-08
  2211.0 -.1368091E-08
  2212.0 -.1340648E-08
  2213.0 -.1299645E-08
  2214.0 -.1245251E-08
  2215.0 -.1177752E-08
  2216.0 -.1097558E-08
  2217.0 -.1005190E-08
  2218.0 -.9012905E-09
  2219.0 -.7866317E-09
  2220.0 -.6620940E-09
  2221.0 -.5286842E-09
  2222.0 -.3875222E-09
  2223.0 -.2398394E-09
  2224.0 -.8697530E-10
  2225.0 0.6963081E-10
  2226.0 0.2284479E-09
  2227.0 0.3878622E-09
  2228.0 0.5461893E-09
  2229.0 0.7016913E-09
  2230.0 0.8525820E-09
  2231.0 0.9970595E-09
  2232.0 0.1133308E-08
  2233.0 0.1259533E-08
  2234.0 0.1373973E-08
  2235.0 0.1474932E-08
  2236.0 0.1560792E-08
  2237.0 0.1630049E-08
  2238.0 0.1681334E-08
  2239.0 0.1713445E-08
  2240.0 0.1725353E-08
  2241.0 0.1716252E-08
  2242.0 0.1685562E-08
  2243.0 0.1632962E-08
  2244.0 0.1558407E-08
  2245.0 0.1462136E-08
  2246.0 0.1344689E-08
  2247.0 0.1206922E-08
  2248.0 0.1050006E-08
  2249.0 0.8754281E-09
  2250.0 0.6849788E-09
  2251.0 0.4807563E-09
  2252.0 0.2651387E-09
  2253.0 0.4076976E-10
  2254.0 -.1894733E-09
  2255.0 -.4225079E-09
  2256.0 -.6550837E-09
  2257.0 -.8838262E-09
  2258.0 -.1105282E-08
  2259.0 -.1315976E-08
  2260.0 -.1512446E-08
  2261.0 -.1691324E-08
  2262.0 -.1849377E-08
  2263.0 -.1983564E-08
  2264.0 -.2091107E-08
  2265.0 -.2169525E-08
  2266.0 -.2216729E-08
  2267.0 -.2231021E-08
  2268.0 -.2211175E-08
  2269.0 -.2156468E-08
  2270.0 -.2066706E-08
  2271.0 -.1942263E-08
  2272.0 -.1784093E-08
  2273.0 -.1593731E-08
  2274.0 -.1373302E-08
  2275.0 -.1125504E-08
  2276.0 -.8535954E-09
  2277.0 -.5613437E-09
  2278.0 -.2530037E-09
  2279.0 0.6674896E-10
  2280.0 0.3928734E-09
  2281.0 0.7200422E-09
  2282.0 0.1042711E-08
  2283.0 0.1355214E-08
  2284.0 0.1651850E-08
  2285.0 0.1926980E-08
  2286.0 0.2175137E-08
  2287.0 0.2391112E-08
  2288.0 0.2570058E-08
  2289.0 0.2707591E-08
  2290.0 0.2799889E-08
  2291.0 0.2843765E-08
  2292.0 0.2836764E-08
  2293.0 0.2777224E-08
  2294.0 0.2664331E-08
  2295.0 0.2498181E-08
  2296.0 0.2279801E-08
  2297.0 0.2011167E-08
  2298.0 0.1695216E-08
  2299.0 0.1335828E-08
  2300.0 0.9377878E-09
  2301.0 0.5067501E-09
  2302.0 0.4917070E-10
  2303.0 -.4277765E-09
  2304.0 -.9162915E-09
  2305.0 -.1408058E-08
  2306.0 -.1894363E-08
  2307.0 -.2366230E-08
  2308.0 -.2814575E-08
  2309.0 -.3230321E-08
  2310.0 -.3604598E-08
  2311.0 -.3928850E-08
  2312.0 -.4195025E-08
  2313.0 -.4395721E-08
  2314.0 -.4524307E-08
  2315.0 -.4575109E-08
  2316.0 -.4543484E-08
  2317.0 -.4425967E-08
  2318.0 -.4220347E-08
  2319.0 -.3925780E-08
  2320.0 -.3542805E-08
  2321.0 -.3073413E-08
  2322.0 -.2521053E-08
  2323.0 -.1890628E-08
  2324.0 -.1188454E-08
  2325.0 -.4222162E-09
  2326.0 0.3991124E-09
  2327.0 0.1265382E-08
  2328.0 0.2165368E-08
  2329.0 0.3086954E-08
  2330.0 0.4017239E-08
  2331.0 0.4942768E-08
  2332.0 0.5849701E-08
  2333.0 0.6724021E-08
  2334.0 0.7551723E-08
  2335.0 0.8319065E-08
  2336.0 0.9012775E-08
  2337.0 0.9620257E-08
  2338.0 0.1012978E-07
  2339.0 0.1053073E-07
  2340.0 0.1081374E-07
  2341.0 0.1097092E-07
  2342.0 0.1099592E-07
  2343.0 0.1088417E-07
  2344.0 0.1063291E-07
  2345.0 0.1024126E-07
  2346.0 0.9710363E-08
  2347.0 0.9043307E-08
  2348.0 0.8245162E-08
  2349.0 0.7322944E-08
  2350.0 0.6285545E-08
  2351.0 0.5143608E-08
  2352.0 0.3909473E-08
  2353.0 0.2596919E-08
  2354.0 0.1221090E-08
  2355.0 -.2017705E-09
  2356.0 -.1654506E-08
  2357.0 -.3119300E-08
  2358.0 -.4577910E-08
  2359.0 -.6011925E-08
  2360.0 -.7403044E-08
  2361.0 -.8733297E-08
  2362.0 -.9985374E-08
  2363.0 -.1114279E-07
  2364.0 -.1219019E-07
  2365.0 -.1311358E-07
  2366.0 -.1390046E-07
  2367.0 -.1454011E-07
  2368.0 -.1502368E-07
  2369.0 -.1534436E-07
  2370.0 -.1549746E-07
  2371.0 -.1548051E-07
  2372.0 -.1529326E-07
  2373.0 -.1493776E-07
  2374.0 -.1441832E-07
  2375.0 -.1374134E-07
  2376.0 -.1291539E-07
  2377.0 -.1195095E-07
  2378.0 -.1086038E-07
  2379.0 -.9657605E-08
  2380.0 -.8358104E-08
  2381.0 -.6978484E-08
  2382.0 -.5536396E-08
  2383.0 -.4050229E-08
  2384.0 -.2538807E-08
  2385.0 -.1021211E-08
  2386.0 0.4835676E-09
  2387.0 0.1956843E-08
  2388.0 0.3380517E-08
  2389.0 0.4737348E-08
  2390.0 0.6011140E-08
  2391.0 0.7186991E-08
  2392.0 0.8251494E-08
  2393.0 0.9192926E-08
  2394.0 0.1000134E-07
  2395.0 0.1066874E-07
  2396.0 0.1118916E-07
  2397.0 0.1155867E-07
  2398.0 0.1177554E-07
  2399.0 0.1184007E-07
