     0.0 0.0000000E+00
     1.0 -.2795407E-16
     2.0 0.3862847E-15
     3.0 0.2715259E-14
     4.0 0.9372753E-14
     5.0 0.2363498E-13
     6.0 0.4951203E-13
     7.0 0.9158158E-13
     8.0 0.1547987E-12
     9.0 0.2442856E-12
    10.0 0.3651078E-12
    11.0 0.5220438E-12
    12.0 0.7193582E-12
    13.0 0.9605845E-12
    14.0 0.1248324E-11
    15.0 0.1584068E-11
    16.0 0.1968052E-11
    17.0 0.2399136E-11
    18.0 0.2874723E-11
    19.0 0.3390719E-11
    20.0 0.3941522E-11
    21.0 0.4520051E-11
    22.0 0.5117811E-11
    23.0 0.5724986E-11
    24.0 0.6330562E-11
    25.0 0.6922460E-11
    26.0 0.7487715E-11
    27.0 0.8012648E-11
    28.0 0.8483040E-11
    29.0 0.8884346E-11
    30.0 0.9201880E-11
    31.0 0.9421013E-11
    32.0 0.9527370E-11
    33.0 0.9507025E-11
    34.0 0.9346695E-11
    35.0 0.9033919E-11
    36.0 0.8557240E-11
    37.0 0.7906408E-11
    38.0 0.7072525E-11
    39.0 0.6048260E-11
    40.0 0.4827983E-11
    41.0 0.3407961E-11
    42.0 0.1786499E-11
    43.0 -.3589669E-13
    44.0 -.2056401E-11
    45.0 -.4269752E-11
    46.0 -.6668169E-11
    47.0 -.9241313E-11
    48.0 -.1197629E-10
    49.0 -.1485768E-10
    50.0 -.1786769E-10
    51.0 -.2098630E-10
    52.0 -.2419152E-10
    53.0 -.2745974E-10
    54.0 -.3076606E-10
    55.0 -.3408495E-10
    56.0 -.3739057E-10
    57.0 -.4065754E-10
    58.0 -.4386157E-10
    59.0 -.4698020E-10
    60.0 -.4999344E-10
    61.0 -.5288452E-10
    62.0 -.5564068E-10
    63.0 -.5825362E-10
    64.0 -.6072035E-10
    65.0 -.6304322E-10
    66.0 -.6523061E-10
    67.0 -.6729689E-10
    68.0 -.6926247E-10
    69.0 -.7115363E-10
    70.0 -.7300185E-10
    71.0 -.7484342E-10
    72.0 -.7671853E-10
    73.0 -.7867010E-10
    74.0 -.8074255E-10
    75.0 -.8298075E-10
    76.0 -.8542782E-10
    77.0 -.8812419E-10
    78.0 -.9110565E-10
    79.0 -.9440167E-10
    80.0 -.9803402E-10
    81.0 -.1020153E-09
    82.0 -.1063478E-09
    83.0 -.1110222E-09
    84.0 -.1160174E-09
    85.0 -.1213000E-09
    86.0 -.1268240E-09
    87.0 -.1325317E-09
    88.0 -.1383547E-09
    89.0 -.1442147E-09
    90.0 -.1500255E-09
    91.0 -.1556955E-09
    92.0 -.1611295E-09
    93.0 -.1662312E-09
    94.0 -.1709075E-09
    95.0 -.1750701E-09
    96.0 -.1786390E-09
    97.0 -.1815457E-09
    98.0 -.1837359E-09
    99.0 -.1851720E-09
   100.0 -.1858351E-09
   101.0 -.1857263E-09
   102.0 -.1848696E-09
   103.0 -.1833132E-09
   104.0 -.1811288E-09
   105.0 -.1784118E-09
   106.0 -.1752781E-09
   107.0 -.1718627E-09
   108.0 -.1683153E-09
   109.0 -.1647973E-09
   110.0 -.1614756E-09
   111.0 -.1585189E-09
   112.0 -.1560911E-09
   113.0 -.1543459E-09
   114.0 -.1534210E-09
   115.0 -.1534330E-09
   116.0 -.1544710E-09
   117.0 -.1565933E-09
   118.0 -.1598236E-09
   119.0 -.1641466E-09
   120.0 -.1695079E-09
   121.0 -.1758123E-09
   122.0 -.1829249E-09
   123.0 -.1906728E-09
   124.0 -.1988488E-09
   125.0 -.2072158E-09
   126.0 -.2155125E-09
   127.0 -.2234602E-09
   128.0 -.2307717E-09
   129.0 -.2371589E-09
   130.0 -.2423421E-09
   131.0 -.2460595E-09
   132.0 -.2480769E-09
   133.0 -.2481967E-09
   134.0 -.2462653E-09
   135.0 -.2421826E-09
   136.0 -.2359056E-09
   137.0 -.2274559E-09
   138.0 -.2169204E-09
   139.0 -.2044551E-09
   140.0 -.1902819E-09
   141.0 -.1746876E-09
   142.0 -.1580184E-09
   143.0 -.1406731E-09
   144.0 -.1230934E-09
   145.0 -.1057549E-09
   146.0 -.8915412E-10
   147.0 -.7379464E-10
   148.0 -.6017332E-10
   149.0 -.4876637E-10
   150.0 -.4001303E-10
   151.0 -.3430231E-10
   152.0 -.3195787E-10
   153.0 -.3322746E-10
   154.0 -.3827003E-10
   155.0 -.4714839E-10
   156.0 -.5982168E-10
   157.0 -.7614246E-10
   158.0 -.9585556E-10
   159.0 -.1185991E-09
   160.0 -.1439113E-09
   161.0 -.1712375E-09
   162.0 -.1999423E-09
   163.0 -.2293228E-09
   164.0 -.2586250E-09
   165.0 -.2870624E-09
   166.0 -.3138363E-09
   167.0 -.3381568E-09
   168.0 -.3592638E-09
   169.0 -.3764501E-09
   170.0 -.3890801E-09
   171.0 -.3966127E-09
   172.0 -.3986153E-09
   173.0 -.3947825E-09
   174.0 -.3849455E-09
   175.0 -.3690825E-09
   176.0 -.3473244E-09
   177.0 -.3199531E-09
   178.0 -.2874015E-09
   179.0 -.2502428E-09
   180.0 -.2091815E-09
   181.0 -.1650354E-09
   182.0 -.1187170E-09
   183.0 -.7121211E-10
   184.0 -.2355152E-10
   185.0 0.2321314E-10
   186.0 0.6804077E-10
   187.0 0.1099284E-09
   188.0 0.1479405E-09
   189.0 0.1812374E-09
   190.0 0.2091011E-09
   191.0 0.2309573E-09
   192.0 0.2463972E-09
   193.0 0.2551920E-09
   194.0 0.2573025E-09
   195.0 0.2528868E-09
   196.0 0.2422996E-09
   197.0 0.2260870E-09
   198.0 0.2049751E-09
   199.0 0.1798537E-09
   200.0 0.1517533E-09
   201.0 0.1218228E-09
   202.0 0.9129333E-10
   203.0 0.6144826E-10
   204.0 0.3358699E-10
   205.0 0.8984370E-11
   206.0 -.1114318E-10
   207.0 -.2567876E-10
   208.0 -.3363803E-10
   209.0 -.3420194E-10
   210.0 -.2674721E-10
   211.0 -.1086964E-10
   212.0 0.1360024E-10
   213.0 0.4658244E-10
   214.0 0.8774245E-10
   215.0 0.1364962E-09
   216.0 0.1920185E-09
   217.0 0.2532590E-09
   218.0 0.3189694E-09
   219.0 0.3877307E-09
   220.0 0.4579932E-09
   221.0 0.5281140E-09
   222.0 0.5964094E-09
   223.0 0.6611949E-09
   224.0 0.7208418E-09
   225.0 0.7738241E-09
   226.0 0.8187652E-09
   227.0 0.8544865E-09
   228.0 0.8800475E-09
   229.0 0.8947791E-09
   230.0 0.8983162E-09
   231.0 0.8906136E-09
   232.0 0.8719624E-09
   233.0 0.8429900E-09
   234.0 0.8046511E-09
   235.0 0.7582150E-09
   236.0 0.7052362E-09
   237.0 0.6475162E-09
   238.0 0.5870596E-09
   239.0 0.5260237E-09
   240.0 0.4666580E-09
   241.0 0.4112396E-09
   242.0 0.3620055E-09
   243.0 0.3210872E-09
   244.0 0.2904382E-09
   245.0 0.2717732E-09
   246.0 0.2665028E-09
   247.0 0.2756781E-09
   248.0 0.2999461E-09
   249.0 0.3395104E-09
   250.0 0.3941039E-09
   251.0 0.4629765E-09
   252.0 0.5448912E-09
   253.0 0.6381364E-09
   254.0 0.7405521E-09
   255.0 0.8495682E-09
   256.0 0.9622571E-09
   257.0 0.1075393E-08
   258.0 0.1185535E-08
   259.0 0.1289097E-08
   260.0 0.1382449E-08
   261.0 0.1462002E-08
   262.0 0.1524313E-08
   263.0 0.1566176E-08
   264.0 0.1584715E-08
   265.0 0.1577477E-08
   266.0 0.1542506E-08
   267.0 0.1478416E-08
   268.0 0.1384451E-08
   269.0 0.1260522E-08
   270.0 0.1107237E-08
   271.0 0.9259080E-09
   272.0 0.7185537E-09
   273.0 0.4878512E-09
   274.0 0.2371149E-09
   275.0 -.2978197E-10
   276.0 -.3084799E-09
   277.0 -.5942234E-09
   278.0 -.8819739E-09
   279.0 -.1166520E-08
   280.0 -.1442604E-08
   281.0 -.1705049E-08
   282.0 -.1948888E-08
   283.0 -.2169492E-08
   284.0 -.2362691E-08
   285.0 -.2524889E-08
   286.0 -.2653165E-08
   287.0 -.2745353E-08
   288.0 -.2800122E-08
   289.0 -.2817018E-08
   290.0 -.2796494E-08
   291.0 -.2739917E-08
   292.0 -.2649553E-08
   293.0 -.2528519E-08
   294.0 -.2380727E-08
   295.0 -.2210792E-08
   296.0 -.2023937E-08
   297.0 -.1825868E-08
   298.0 -.1622628E-08
   299.0 -.1420462E-08
   300.0 -.1225654E-08
   301.0 -.1044371E-08
   302.0 -.8824947E-09
   303.0 -.7454777E-09
   304.0 -.6381891E-09
   305.0 -.5647800E-09
   306.0 -.5285623E-09
   307.0 -.5319173E-09
   308.0 -.5762085E-09
   309.0 -.6617360E-09
   310.0 -.7877011E-09
   311.0 -.9522252E-09
   312.0 -.1152356E-08
   313.0 -.1384144E-08
   314.0 -.1642717E-08
   315.0 -.1922386E-08
   316.0 -.2216790E-08
   317.0 -.2519037E-08
   318.0 -.2821872E-08
   319.0 -.3117860E-08
   320.0 -.3399568E-08
   321.0 -.3659756E-08
   322.0 -.3891583E-08
   323.0 -.4088744E-08
   324.0 -.4245686E-08
   325.0 -.4357737E-08
   326.0 -.4421230E-08
   327.0 -.4433633E-08
   328.0 -.4393621E-08
   329.0 -.4301113E-08
   330.0 -.4157312E-08
   331.0 -.3964676E-08
   332.0 -.3726887E-08
   333.0 -.3448754E-08
   334.0 -.3136105E-08
   335.0 -.2795680E-08
   336.0 -.2434933E-08
   337.0 -.2061872E-08
   338.0 -.1684850E-08
   339.0 -.1312354E-08
   340.0 -.9527984E-09
   341.0 -.6142920E-09
   342.0 -.3044450E-09
   343.0 -.3015213E-10
   344.0 0.2025945E-09
   345.0 0.3888589E-09
   346.0 0.5249010E-09
   347.0 0.6082992E-09
   348.0 0.6380212E-09
   349.0 0.6144476E-09
   350.0 0.5394032E-09
   351.0 0.4161010E-09
   352.0 0.2490810E-09
   353.0 0.4410391E-10
   354.0 -.1919823E-09
   355.0 -.4514460E-09
   356.0 -.7258081E-09
   357.0 -.1006145E-08
   358.0 -.1283238E-08
   359.0 -.1547881E-08
   360.0 -.1791085E-08
   361.0 -.2004371E-08
   362.0 -.2179965E-08
   363.0 -.2311037E-08
   364.0 -.2391894E-08
   365.0 -.2418178E-08
   366.0 -.2386965E-08
   367.0 -.2296902E-08
   368.0 -.2148254E-08
   369.0 -.1942940E-08
   370.0 -.1684470E-08
   371.0 -.1377950E-08
   372.0 -.1029910E-08
   373.0 -.6481817E-09
   374.0 -.2417237E-09
   375.0 0.1796415E-09
   376.0 0.6054252E-09
   377.0 0.1024771E-08
   378.0 0.1426737E-08
   379.0 0.1800568E-08
   380.0 0.2136040E-08
   381.0 0.2423688E-08
   382.0 0.2655113E-08
   383.0 0.2823241E-08
   384.0 0.2922513E-08
   385.0 0.2949095E-08
   386.0 0.2901015E-08
   387.0 0.2778273E-08
   388.0 0.2582892E-08
   389.0 0.2318893E-08
   390.0 0.1992275E-08
   391.0 0.1610890E-08
   392.0 0.1184311E-08
   393.0 0.7235992E-09
   394.0 0.2410667E-09
   395.0 -.2499817E-09
   396.0 -.7356039E-09
   397.0 -.1201536E-08
   398.0 -.1633559E-08
   399.0 -.2017846E-08
   400.0 -.2341364E-08
   401.0 -.2592187E-08
   402.0 -.2759844E-08
   403.0 -.2835627E-08
   404.0 -.2812857E-08
   405.0 -.2687104E-08
   406.0 -.2456357E-08
   407.0 -.2121152E-08
   408.0 -.1684619E-08
   409.0 -.1152477E-08
   410.0 -.5329610E-09
   411.0 0.1632915E-09
   412.0 0.9234737E-09
   413.0 0.1732822E-08
   414.0 0.2574954E-08
   415.0 0.3432220E-08
   416.0 0.4286077E-08
   417.0 0.5117510E-08
   418.0 0.5907514E-08
   419.0 0.6637503E-08
   420.0 0.7289771E-08
   421.0 0.7847973E-08
   422.0 0.8297516E-08
   423.0 0.8625898E-08
   424.0 0.8823140E-08
   425.0 0.8882031E-08
   426.0 0.8798334E-08
   427.0 0.8571000E-08
   428.0 0.8202234E-08
   429.0 0.7697514E-08
   430.0 0.7065522E-08
   431.0 0.6318026E-08
   432.0 0.5469643E-08
   433.0 0.4537565E-08
   434.0 0.3541217E-08
   435.0 0.2501845E-08
   436.0 0.1442027E-08
   437.0 0.3852172E-09
   438.0 -.6448196E-09
   439.0 -.1624529E-08
   440.0 -.2531140E-08
   441.0 -.3343179E-08
   442.0 -.4040998E-08
   443.0 -.4607286E-08
   444.0 -.5027454E-08
   445.0 -.5290059E-08
   446.0 -.5387101E-08
   447.0 -.5314257E-08
   448.0 -.5071032E-08
   449.0 -.4660832E-08
   450.0 -.4090914E-08
   451.0 -.3372318E-08
   452.0 -.2519603E-08
   453.0 -.1550591E-08
   454.0 -.4859680E-09
   455.0 0.6511484E-09
   456.0 0.1835739E-08
   457.0 0.3041437E-08
   458.0 0.4241150E-08
   459.0 0.5407663E-08
   460.0 0.6514325E-08
   461.0 0.7535656E-08
   462.0 0.8447988E-08
   463.0 0.9230060E-08
   464.0 0.9863559E-08
   465.0 0.1033359E-07
   466.0 0.1062909E-07
   467.0 0.1074316E-07
   468.0 0.1067329E-07
   469.0 0.1042144E-07
   470.0 0.9994217E-08
   471.0 0.9402592E-08
   472.0 0.8661831E-08
   473.0 0.7791190E-08
   474.0 0.6813501E-08
   475.0 0.5754702E-08
   476.0 0.4643244E-08
   477.0 0.3509492E-08
   478.0 0.2385031E-08
   479.0 0.1301892E-08
   480.0 0.2918562E-09
   481.0 -.6143479E-09
   482.0 -.1387776E-08
   483.0 -.2001996E-08
   484.0 -.2433764E-08
   485.0 -.2663643E-08
   486.0 -.2676531E-08
   487.0 -.2462111E-08
   488.0 -.2015169E-08
   489.0 -.1335888E-08
   490.0 -.4298957E-09
   491.0 0.6917446E-09
   492.0 0.2012614E-08
   493.0 0.3511297E-08
   494.0 0.5161644E-08
   495.0 0.6933354E-08
   496.0 0.8792552E-08
   497.0 0.1070250E-07
   498.0 0.1262422E-07
   499.0 0.1451752E-07
   500.0 0.1634179E-07
   501.0 0.1805672E-07
   502.0 0.1962347E-07
   503.0 0.2100533E-07
   504.0 0.2216855E-07
   505.0 0.2308334E-07
   506.0 0.2372425E-07
   507.0 0.2407103E-07
   508.0 0.2410900E-07
   509.0 0.2382944E-07
   510.0 0.2322985E-07
   511.0 0.2231407E-07
   512.0 0.2109228E-07
   513.0 0.1958074E-07
   514.0 0.1780159E-07
   515.0 0.1578235E-07
   516.0 0.1355530E-07
   517.0 0.1115700E-07
   518.0 0.8627259E-08
   519.0 0.6008546E-08
   520.0 0.3344939E-08
   521.0 0.6811219E-09
   522.0 -.1938389E-08
   523.0 -.4470342E-08
   524.0 -.6873639E-08
   525.0 -.9110197E-08
   526.0 -.1114580E-07
   527.0 -.1295078E-07
   528.0 -.1450059E-07
   529.0 -.1577636E-07
   530.0 -.1676528E-07
   531.0 -.1746065E-07
   532.0 -.1786220E-07
   533.0 -.1797572E-07
   534.0 -.1781302E-07
   535.0 -.1739149E-07
   536.0 -.1673366E-07
   537.0 -.1586639E-07
   538.0 -.1482037E-07
   539.0 -.1362914E-07
   540.0 -.1232833E-07
   541.0 -.1095455E-07
   542.0 -.9544630E-08
   543.0 -.8134566E-08
   544.0 -.6758697E-08
   545.0 -.5448771E-08
   546.0 -.4233203E-08
   547.0 -.3136338E-08
   548.0 -.2178014E-08
   549.0 -.1372962E-08
   550.0 -.7306548E-09
   551.0 -.2550803E-09
   552.0 0.5518795E-10
   553.0 0.2067840E-09
   554.0 0.2113474E-09
   555.0 0.8484994E-10
   556.0 -.1529031E-09
   557.0 -.4790198E-09
   558.0 -.8684083E-09
   559.0 -.1294646E-08
   560.0 -.1730954E-08
   561.0 -.2151171E-08
   562.0 -.2530822E-08
   563.0 -.2847985E-08
   564.0 -.3084207E-08
   565.0 -.3225201E-08
   566.0 -.3261746E-08
   567.0 -.3190054E-08
   568.0 -.3012170E-08
   569.0 -.2736193E-08
   570.0 -.2376227E-08
   571.0 -.1952252E-08
   572.0 -.1489722E-08
   573.0 -.1018826E-08
   574.0 -.5738799E-09
   575.0 -.1922562E-09
   576.0 0.8672640E-10
   577.0 0.2230164E-09
   578.0 0.1772862E-09
   579.0 -.8774986E-10
   580.0 -.6058352E-09
   581.0 -.1405739E-08
   582.0 -.2509856E-08
   583.0 -.3932721E-08
   584.0 -.5680358E-08
   585.0 -.7748618E-08
   586.0 -.1012293E-07
   587.0 -.1277743E-07
   588.0 -.1567490E-07
   589.0 -.1876677E-07
   590.0 -.2199325E-07
   591.0 -.2528457E-07
   592.0 -.2856132E-07
   593.0 -.3173619E-07
   594.0 -.3471564E-07
   595.0 -.3740159E-07
   596.0 -.3969379E-07
   597.0 -.4149219E-07
   598.0 -.4269952E-07
   599.0 -.4322404E-07
   600.0 -.4298221E-07
   601.0 -.4190145E-07
   602.0 -.3992273E-07
   603.0 -.3700345E-07
   604.0 -.3311927E-07
   605.0 -.2826679E-07
   606.0 -.2246468E-07
   607.0 -.1575529E-07
   608.0 -.8205329E-08
   609.0 0.9331597E-10
   610.0 0.9024537E-08
   611.0 0.1844808E-07
   612.0 0.2820117E-07
   613.0 0.3810057E-07
   614.0 0.4794469E-07
   615.0 0.5751706E-07
   616.0 0.6658971E-07
   617.0 0.7492749E-07
   618.0 0.8229212E-07
   619.0 0.8844727E-07
   620.0 0.9316390E-07
   621.0 0.9622483E-07
   622.0 0.9743059E-07
   623.0 0.9660450E-07
   624.0 0.9359769E-07
   625.0 0.8829393E-07
   626.0 0.8061383E-07
   627.0 0.7051944E-07
   628.0 0.5801646E-07
   629.0 0.4315751E-07
   630.0 0.2604404E-07
   631.0 0.6826643E-08
   632.0 -.1429467E-07
   633.0 -.3707141E-07
   634.0 -.6120882E-07
   635.0 -.8636883E-07
   636.0 -.1121743E-06
   637.0 -.1382137E-06
   638.0 -.1640475E-06
   639.0 -.1892147E-06
   640.0 -.2132399E-06
   641.0 -.2356432E-06
   642.0 -.2559465E-06
   643.0 -.2736846E-06
   644.0 -.2884119E-06
   645.0 -.2997164E-06
   646.0 -.3072223E-06
   647.0 -.3106049E-06
   648.0 -.3095947E-06
   649.0 -.3039867E-06
   650.0 -.2936470E-06
   651.0 -.2785187E-06
   652.0 -.2586259E-06
   653.0 -.2340763E-06
   654.0 -.2050639E-06
   655.0 -.1718698E-06
   656.0 -.1348590E-06
   657.0 -.9447939E-07
   658.0 -.5125577E-07
   659.0 -.5784183E-08
   660.0 0.4127557E-07
   661.0 0.8920929E-07
   662.0 0.1372592E-06
   663.0 0.1846351E-06
   664.0 0.2305272E-06
   665.0 0.2741203E-06
   666.0 0.3146077E-06
   667.0 0.3512040E-06
   668.0 0.3831632E-06
   669.0 0.4097899E-06
   670.0 0.4304553E-06
   671.0 0.4446098E-06
   672.0 0.4517962E-06
   673.0 0.4516597E-06
   674.0 0.4439592E-06
   675.0 0.4285746E-06
   676.0 0.4055123E-06
   677.0 0.3749113E-06
   678.0 0.3370445E-06
   679.0 0.2923175E-06
   680.0 0.2412678E-06
   681.0 0.1845574E-06
   682.0 0.1229694E-06
   683.0 0.5739430E-07
   684.0 -.1117867E-07
   685.0 -.8167704E-07
   686.0 -.1529598E-06
   687.0 -.2238350E-06
   688.0 -.2930782E-06
   689.0 -.3594535E-06
   690.0 -.4217297E-06
   691.0 -.4787079E-06
   692.0 -.5292367E-06
   693.0 -.5722347E-06
   694.0 -.6067125E-06
   695.0 -.6317898E-06
   696.0 -.6467116E-06
   697.0 -.6508668E-06
   698.0 -.6438046E-06
   699.0 -.6252364E-06
   700.0 -.5950581E-06
   701.0 -.5533452E-06
   702.0 -.5003645E-06
   703.0 -.4365664E-06
   704.0 -.3625912E-06
   705.0 -.2792551E-06
   706.0 -.1875480E-06
   707.0 -.8861568E-07
   708.0 0.1625153E-07
   709.0 0.1256368E-06
   710.0 0.2380172E-06
   711.0 0.3517863E-06
   712.0 0.4652773E-06
   713.0 0.5767876E-06
   714.0 0.6846057E-06
   715.0 0.7870416E-06
   716.0 0.8824483E-06
   717.0 0.9692502E-06
   718.0 0.1045971E-05
   719.0 0.1111260E-05
   720.0 0.1163912E-05
   721.0 0.1202885E-05
   722.0 0.1227332E-05
   723.0 0.1236601E-05
   724.0 0.1230263E-05
   725.0 0.1208112E-05
   726.0 0.1170172E-05
   727.0 0.1116702E-05
   728.0 0.1048200E-05
   729.0 0.9653836E-06
   730.0 0.8691971E-06
   731.0 0.7607932E-06
   732.0 0.6415129E-06
   733.0 0.5128730E-06
   734.0 0.3765415E-06
   735.0 0.2343131E-06
   736.0 0.8808385E-07
   737.0 -.6017790E-07
   738.0 -.2084623E-06
   739.0 -.3547464E-06
   740.0 -.4970273E-06
   741.0 -.6333505E-06
   742.0 -.7618432E-06
   743.0 -.8807412E-06
   744.0 -.9884144E-06
   745.0 -.1083402E-05
   746.0 -.1164417E-05
   747.0 -.1230388E-05
   748.0 -.1280456E-05
   749.0 -.1313999E-05
   750.0 -.1330647E-05
   751.0 -.1330266E-05
   752.0 -.1312985E-05
   753.0 -.1279178E-05
   754.0 -.1229457E-05
   755.0 -.1164674E-05
   756.0 -.1085897E-05
   757.0 -.9943911E-06
   758.0 -.8916101E-06
   759.0 -.7791558E-06
   760.0 -.6587690E-06
   761.0 -.5322895E-06
   762.0 -.4016351E-06
   763.0 -.2687630E-06
   764.0 -.1356472E-06
   765.0 -.4241846E-08
   766.0 0.1235476E-06
   767.0 0.2458939E-06
   768.0 0.3610751E-06
   769.0 0.4675026E-06
   770.0 0.5637435E-06
   771.0 0.6485428E-06
   772.0 0.7208391E-06
   773.0 0.7797833E-06
   774.0 0.8247459E-06
   775.0 0.8553257E-06
   776.0 0.8713536E-06
   777.0 0.8728949E-06
   778.0 0.8602381E-06
   779.0 0.8338943E-06
   780.0 0.7945833E-06
   781.0 0.7432183E-06
   782.0 0.6808897E-06
   783.0 0.6088431E-06
   784.0 0.5284583E-06
   785.0 0.4412254E-06
   786.0 0.3487130E-06
   787.0 0.2525501E-06
   788.0 0.1543908E-06
   789.0 0.5589069E-07
   790.0 -.4132239E-07
   791.0 -.1356734E-06
   792.0 -.2256671E-06
   793.0 -.3099090E-06
   794.0 -.3871303E-06
   795.0 -.4562033E-06
   796.0 -.5161594E-06
   797.0 -.5662034E-06
   798.0 -.6057217E-06
   799.0 -.6342879E-06
   800.0 -.6516730E-06
   801.0 -.6578366E-06
   802.0 -.6529318E-06
   803.0 -.6372920E-06
   804.0 -.6114275E-06
   805.0 -.5760068E-06
   806.0 -.5318518E-06
   807.0 -.4799089E-06
   808.0 -.4212382E-06
   809.0 -.3569899E-06
   810.0 -.2883837E-06
   811.0 -.2166855E-06
   812.0 -.1431848E-06
   813.0 -.6917139E-07
   814.0 0.4085072E-08
   815.0 0.7535968E-07
   816.0 0.1434907E-06
   817.0 0.2073978E-06
   818.0 0.2661015E-06
   819.0 0.3187356E-06
   820.0 0.3645621E-06
   821.0 0.4029772E-06
   822.0 0.4335245E-06
   823.0 0.4558949E-06
   824.0 0.4699301E-06
   825.0 0.4756242E-06
   826.0 0.4731146E-06
   827.0 0.4626822E-06
   828.0 0.4447386E-06
   829.0 0.4198196E-06
   830.0 0.3885675E-06
   831.0 0.3517210E-06
   832.0 0.3101000E-06
   833.0 0.2645834E-06
   834.0 0.2160995E-06
   835.0 0.1656022E-06
   836.0 0.1140564E-06
   837.0 0.6241775E-07
   838.0 0.1161835E-07
   839.0 -.3745147E-07
   840.0 -.8395767E-07
   841.0 -.1271356E-06
   842.0 -.1663034E-06
   843.0 -.2008708E-06
   844.0 -.2303483E-06
   845.0 -.2543534E-06
   846.0 -.2726142E-06
   847.0 -.2849730E-06
   848.0 -.2913835E-06
   849.0 -.2919111E-06
   850.0 -.2867267E-06
   851.0 -.2761025E-06
   852.0 -.2604033E-06
   853.0 -.2400762E-06
   854.0 -.2156422E-06
   855.0 -.1876827E-06
   856.0 -.1568275E-06
   857.0 -.1237411E-06
   858.0 -.8911148E-07
   859.0 -.5363353E-07
   860.0 -.1799833E-07
   861.0 0.1712124E-07
   862.0 0.5108191E-07
   863.0 0.8328176E-07
   864.0 0.1131696E-06
   865.0 0.1402548E-06
   866.0 0.1641148E-06
   867.0 0.1843998E-06
   868.0 0.2008388E-06
   869.0 0.2132426E-06
   870.0 0.2215030E-06
   871.0 0.2255948E-06
   872.0 0.2255722E-06
   873.0 0.2215666E-06
   874.0 0.2137810E-06
   875.0 0.2024837E-06
   876.0 0.1880025E-06
   877.0 0.1707158E-06
   878.0 0.1510429E-06
   879.0 0.1294368E-06
   880.0 0.1063724E-06
   881.0 0.8233813E-07
   882.0 0.5782452E-07
   883.0 0.3331657E-07
   884.0 0.9283040E-08
   885.0 -.1383164E-07
   886.0 -.3561550E-07
   887.0 -.5569560E-07
   888.0 -.7374465E-07
   889.0 -.8948546E-07
   890.0 -.1026953E-06
   891.0 -.1132082E-06
   892.0 -.1209168E-06
   893.0 -.1257717E-06
   894.0 -.1277816E-06
   895.0 -.1270114E-06
   896.0 -.1235785E-06
   897.0 -.1176480E-06
   898.0 -.1094298E-06
   899.0 -.9917208E-07
   900.0 -.8715447E-07
   901.0 -.7368254E-07
   902.0 -.5908029E-07
   903.0 -.4368335E-07
   904.0 -.2783149E-07
   905.0 -.1186211E-07
   906.0 0.3896742E-08
   907.0 0.1913245E-07
   908.0 0.3355378E-07
   909.0 0.4689585E-07
   910.0 0.5892495E-07
   911.0 0.6944174E-07
   912.0 0.7828472E-07
   913.0 0.8533164E-07
   914.0 0.9050126E-07
   915.0 0.9375304E-07
   916.0 0.9508710E-07
   917.0 0.9454269E-07
   918.0 0.9219589E-07
   919.0 0.8815697E-07
   920.0 0.8256698E-07
   921.0 0.7559394E-07
   922.0 0.6742795E-07
   923.0 0.5827718E-07
   924.0 0.4836249E-07
   925.0 0.3791274E-07
   926.0 0.2715950E-07
   927.0 0.1633236E-07
   928.0 0.5654063E-08
   929.0 -.4663669E-08
   930.0 -.1442436E-07
   931.0 -.2345020E-07
   932.0 -.3158527E-07
   933.0 -.3869794E-07
   934.0 -.4468280E-07
   935.0 -.4946192E-07
   936.0 -.5298554E-07
   937.0 -.5523234E-07
   938.0 -.5620839E-07
   939.0 -.5594647E-07
   940.0 -.5450452E-07
   941.0 -.5196294E-07
   942.0 -.4842276E-07
   943.0 -.4400216E-07
   944.0 -.3883390E-07
   945.0 -.3306140E-07
   946.0 -.2683559E-07
   947.0 -.2031141E-07
   948.0 -.1364426E-07
   949.0 -.6986545E-08
   950.0 -.4846195E-09
   951.0 0.5724272E-08
   952.0 0.1151455E-07
   953.0 0.1677472E-07
   954.0 0.2140919E-07
   955.0 0.2533994E-07
   956.0 0.2850734E-07
   957.0 0.3087113E-07
   958.0 0.3241025E-07
   959.0 0.3312309E-07
   960.0 0.3302614E-07
   961.0 0.3215363E-07
   962.0 0.3055560E-07
   963.0 0.2829675E-07
   964.0 0.2545408E-07
   965.0 0.2211464E-07
   966.0 0.1837360E-07
   967.0 0.1433149E-07
   968.0 0.1009189E-07
   969.0 0.5758921E-08
   970.0 0.1434940E-08
   971.0 -.2781874E-08
   972.0 -.6799452E-08
   973.0 -.1053387E-07
   974.0 -.1391082E-07
   975.0 -.1686716E-07
   976.0 -.1935182E-07
   977.0 -.2132665E-07
   978.0 -.2276691E-07
   979.0 -.2366125E-07
   980.0 -.2401161E-07
   981.0 -.2383271E-07
   982.0 -.2315122E-07
   983.0 -.2200491E-07
   984.0 -.2044120E-07
   985.0 -.1851584E-07
   986.0 -.1629126E-07
   987.0 -.1383503E-07
   988.0 -.1121787E-07
   989.0 -.8512146E-08
   990.0 -.5789862E-08
   991.0 -.3121172E-08
   992.0 -.5725764E-09
   993.0 0.1794392E-08
   994.0 0.3924545E-08
   995.0 0.5770211E-08
   996.0 0.7292054E-08
   997.0 0.8459861E-08
   998.0 0.9252948E-08
   999.0 0.9660428E-08
  1000.0 0.9681168E-08
  1001.0 0.9323564E-08
  1002.0 0.8605120E-08
  1003.0 0.7551655E-08
  1004.0 0.6196646E-08
  1005.0 0.4580134E-08
  1006.0 0.2747577E-08
  1007.0 0.7486514E-09
  1008.0 -.1364023E-08
  1009.0 -.3536231E-08
  1010.0 -.5713498E-08
  1011.0 -.7842404E-08
  1012.0 -.9871796E-08
  1013.0 -.1175403E-07
  1014.0 -.1344593E-07
  1015.0 -.1490981E-07
  1016.0 -.1611413E-07
  1017.0 -.1703427E-07
  1018.0 -.1765275E-07
  1019.0 -.1795966E-07
  1020.0 -.1795267E-07
  1021.0 -.1763690E-07
  1022.0 -.1702457E-07
  1023.0 -.1613471E-07
  1024.0 -.1499249E-07
  1025.0 -.1362841E-07
  1026.0 -.1207758E-07
  1027.0 -.1037869E-07
  1028.0 -.8573184E-08
  1029.0 -.6704017E-08
  1030.0 -.4814764E-08
  1031.0 -.2948509E-08
  1032.0 -.1146872E-08
  1033.0 0.5509243E-09
  1034.0 0.2108973E-08
  1035.0 0.3495381E-08
  1036.0 0.4682986E-08
  1037.0 0.5649876E-08
  1038.0 0.6379731E-08
  1039.0 0.6862170E-08
  1040.0 0.7092820E-08
  1041.0 0.7073233E-08
  1042.0 0.6810792E-08
  1043.0 0.6318364E-08
  1044.0 0.5613884E-08
  1045.0 0.4719816E-08
  1046.0 0.3662480E-08
  1047.0 0.2471427E-08
  1048.0 0.1178570E-08
  1049.0 -.1825489E-09
  1050.0 -.1577633E-08
  1051.0 -.2972440E-08
  1052.0 -.4333621E-08
  1053.0 -.5629431E-08
  1054.0 -.6830524E-08
  1055.0 -.7910530E-08
  1056.0 -.8846670E-08
  1057.0 -.9620162E-08
  1058.0 -.1021657E-07
  1059.0 -.1062614E-07
  1060.0 -.1084383E-07
  1061.0 -.1086932E-07
  1062.0 -.1070702E-07
  1063.0 -.1036573E-07
  1064.0 -.9858310E-08
  1065.0 -.9201454E-08
  1066.0 -.8414982E-08
  1067.0 -.7521451E-08
  1068.0 -.6545406E-08
  1069.0 -.5512871E-08
  1070.0 -.4450552E-08
  1071.0 -.3385257E-08
  1072.0 -.2343200E-08
  1073.0 -.1349357E-08
  1074.0 -.4268892E-09
  1075.0 0.4033970E-09
  1076.0 0.1123515E-08
  1077.0 0.1718715E-08
  1078.0 0.2177747E-08
  1079.0 0.2493126E-08
  1080.0 0.2661195E-08
  1081.0 0.2682228E-08
  1082.0 0.2560275E-08
  1083.0 0.2303047E-08
  1084.0 0.1921663E-08
  1085.0 0.1430341E-08
  1086.0 0.8459174E-09
  1087.0 0.1874955E-09
  1088.0 -.5241231E-09
  1089.0 -.1266967E-08
  1090.0 -.2018440E-08
  1091.0 -.2755902E-08
  1092.0 -.3457236E-08
  1093.0 -.4101376E-08
  1094.0 -.4668828E-08
  1095.0 -.5142117E-08
  1096.0 -.5506227E-08
  1097.0 -.5748932E-08
  1098.0 -.5861066E-08
  1099.0 -.5836727E-08
  1100.0 -.5673397E-08
  1101.0 -.5372031E-08
  1102.0 -.4936879E-08
  1103.0 -.4375494E-08
  1104.0 -.3698500E-08
  1105.0 -.2919269E-08
  1106.0 -.2053633E-08
  1107.0 -.1119515E-08
  1108.0 -.1364369E-09
  1109.0 0.8749080E-09
  1110.0 0.1893139E-08
  1111.0 0.2896700E-08
  1112.0 0.3864371E-08
  1113.0 0.4775706E-08
  1114.0 0.5611571E-08
  1115.0 0.6354492E-08
  1116.0 0.6989096E-08
  1117.0 0.7502401E-08
  1118.0 0.7884159E-08
  1119.0 0.8126977E-08
  1120.0 0.8226493E-08
  1121.0 0.8181511E-08
  1122.0 0.7993910E-08
  1123.0 0.7668581E-08
  1124.0 0.7213341E-08
  1125.0 0.6638721E-08
  1126.0 0.5957652E-08
  1127.0 0.5185230E-08
  1128.0 0.4338290E-08
  1129.0 0.3435060E-08
  1130.0 0.2494746E-08
  1131.0 0.1537084E-08
  1132.0 0.5819005E-09
  1133.0 -.3512739E-09
  1134.0 -.1243686E-08
  1135.0 -.2077692E-08
  1136.0 -.2837162E-08
  1137.0 -.3507774E-08
  1138.0 -.4077315E-08
  1139.0 -.4535858E-08
  1140.0 -.4875988E-08
  1141.0 -.5092891E-08
  1142.0 -.5184349E-08
  1143.0 -.5150827E-08
  1144.0 -.4995342E-08
  1145.0 -.4723349E-08
  1146.0 -.4342538E-08
  1147.0 -.3862697E-08
  1148.0 -.3295360E-08
  1149.0 -.2653553E-08
  1150.0 -.1951469E-08
  1151.0 -.1204123E-08
  1152.0 -.4270007E-09
  1153.0 0.3642990E-09
  1154.0 0.1154386E-08
  1155.0 0.1928432E-08
  1156.0 0.2672474E-08
  1157.0 0.3373703E-08
  1158.0 0.4020697E-08
  1159.0 0.4603613E-08
  1160.0 0.5114386E-08
  1161.0 0.5546873E-08
  1162.0 0.5896823E-08
  1163.0 0.6162014E-08
  1164.0 0.6342149E-08
  1165.0 0.6438844E-08
  1166.0 0.6455482E-08
  1167.0 0.6397062E-08
  1168.0 0.6270041E-08
  1169.0 0.6082120E-08
  1170.0 0.5841955E-08
  1171.0 0.5558983E-08
  1172.0 0.5243108E-08
  1173.0 0.4904444E-08
  1174.0 0.4553055E-08
  1175.0 0.4198732E-08
  1176.0 0.3850673E-08
  1177.0 0.3517377E-08
  1178.0 0.3206378E-08
  1179.0 0.2924099E-08
  1180.0 0.2675746E-08
  1181.0 0.2465194E-08
  1182.0 0.2294946E-08
  1183.0 0.2166124E-08
  1184.0 0.2078459E-08
  1185.0 0.2030393E-08
  1186.0 0.2019137E-08
  1187.0 0.2040810E-08
  1188.0 0.2090567E-08
  1189.0 0.2162771E-08
  1190.0 0.2251220E-08
  1191.0 0.2349287E-08
  1192.0 0.2450173E-08
  1193.0 0.2547084E-08
  1194.0 0.2633468E-08
  1195.0 0.2703154E-08
  1196.0 0.2750594E-08
  1197.0 0.2770990E-08
  1198.0 0.2760418E-08
  1199.0 0.2715957E-08
  1200.0 0.2635802E-08
  1201.0 0.2519233E-08
  1202.0 0.2366730E-08
  1203.0 0.2179882E-08
  1204.0 0.1961396E-08
  1205.0 0.1714995E-08
  1206.0 0.1445327E-08
  1207.0 0.1157847E-08
  1208.0 0.8586464E-09
  1209.0 0.5543092E-09
  1210.0 0.2517387E-09
  1211.0 -.4205943E-10
  1212.0 -.3201225E-09
  1213.0 -.5757542E-09
  1214.0 -.8026860E-09
  1215.0 -.9952530E-09
  1216.0 -.1148553E-08
  1217.0 -.1258566E-08
  1218.0 -.1322285E-08
  1219.0 -.1337786E-08
  1220.0 -.1304298E-08
  1221.0 -.1222233E-08
  1222.0 -.1093168E-08
  1223.0 -.9198400E-09
  1224.0 -.7060636E-09
  1225.0 -.4566570E-09
  1226.0 -.1773228E-09
  1227.0 0.1254870E-09
  1228.0 0.4447205E-09
  1229.0 0.7729031E-09
  1230.0 0.1102312E-08
  1231.0 0.1425171E-08
  1232.0 0.1733842E-08
  1233.0 0.2020986E-08
  1234.0 0.2279785E-08
  1235.0 0.2504075E-08
  1236.0 0.2688505E-08
  1237.0 0.2828677E-08
  1238.0 0.2921256E-08
  1239.0 0.2964029E-08
  1240.0 0.2955980E-08
  1241.0 0.2897325E-08
  1242.0 0.2789478E-08
  1243.0 0.2635026E-08
  1244.0 0.2437690E-08
  1245.0 0.2202199E-08
  1246.0 0.1934192E-08
  1247.0 0.1640078E-08
  1248.0 0.1326869E-08
  1249.0 0.1002025E-08
  1250.0 0.6732439E-09
  1251.0 0.3482884E-09
  1252.0 0.3478422E-10
  1253.0 -.2599623E-09
  1254.0 -.5291584E-09
  1255.0 -.7666887E-09
  1256.0 -.9672751E-09
  1257.0 -.1126604E-08
  1258.0 -.1241457E-08
  1259.0 -.1309763E-08
  1260.0 -.1330703E-08
  1261.0 -.1304688E-08
  1262.0 -.1233398E-08
  1263.0 -.1119715E-08
  1264.0 -.9676786E-09
  1265.0 -.7823864E-09
  1266.0 -.5698779E-09
  1267.0 -.3369835E-09
  1268.0 -.9116619E-10
  1269.0 0.1596719E-09
  1270.0 0.4073584E-09
  1271.0 0.6436906E-09
  1272.0 0.8606001E-09
  1273.0 0.1050397E-08
  1274.0 0.1205944E-08
  1275.0 0.1320852E-08
  1276.0 0.1389642E-08
  1277.0 0.1407913E-08
  1278.0 0.1372460E-08
  1279.0 0.1281373E-08
  1280.0 0.1134116E-08
  1281.0 0.9315623E-09
  1282.0 0.6759986E-09
  1283.0 0.3711049E-09
  1284.0 0.2189021E-10
  1285.0 -.3654027E-09
  1286.0 -.7834159E-09
  1287.0 -.1223816E-08
  1288.0 -.1677497E-08
  1289.0 -.2134754E-08
  1290.0 -.2585503E-08
  1291.0 -.3019520E-08
  1292.0 -.3426647E-08
  1293.0 -.3797063E-08
  1294.0 -.4121485E-08
  1295.0 -.4391410E-08
  1296.0 -.4599330E-08
  1297.0 -.4738904E-08
  1298.0 -.4805143E-08
  1299.0 -.4794548E-08
  1300.0 -.4705219E-08
  1301.0 -.4536948E-08
  1302.0 -.4291225E-08
  1303.0 -.3971272E-08
  1304.0 -.3582025E-08
  1305.0 -.3130005E-08
  1306.0 -.2623266E-08
  1307.0 -.2071235E-08
  1308.0 -.1484515E-08
  1309.0 -.8747190E-09
  1310.0 -.2542037E-09
  1311.0 0.3641509E-09
  1312.0 0.9672174E-09
  1313.0 0.1541903E-08
  1314.0 0.2075420E-08
  1315.0 0.2555567E-08
  1316.0 0.2971000E-08
  1317.0 0.3311480E-08
  1318.0 0.3568125E-08
  1319.0 0.3733605E-08
  1320.0 0.3802363E-08
  1321.0 0.3770705E-08
  1322.0 0.3636972E-08
  1323.0 0.3401588E-08
  1324.0 0.3067087E-08
  1325.0 0.2638110E-08
  1326.0 0.2121348E-08
  1327.0 0.1525439E-08
  1328.0 0.8608382E-09
  1329.0 0.1396226E-09
  1330.0 -.6247231E-09
  1331.0 -.1417547E-08
  1332.0 -.2223322E-08
  1333.0 -.3025929E-08
  1334.0 -.3809010E-08
  1335.0 -.4556224E-08
  1336.0 -.5251689E-08
  1337.0 -.5880218E-08
  1338.0 -.6427677E-08
  1339.0 -.6881297E-08
  1340.0 -.7229950E-08
  1341.0 -.7464415E-08
  1342.0 -.7577595E-08
  1343.0 -.7564688E-08
  1344.0 -.7423335E-08
  1345.0 -.7153733E-08
  1346.0 -.6758683E-08
  1347.0 -.6243543E-08
  1348.0 -.5616215E-08
  1349.0 -.4887016E-08
  1350.0 -.4068533E-08
  1351.0 -.3175421E-08
  1352.0 -.2224122E-08
  1353.0 -.1232630E-08
  1354.0 -.2201153E-09
  1355.0 0.7934064E-09
  1356.0 0.1787449E-08
  1357.0 0.2741463E-08
  1358.0 0.3635227E-08
  1359.0 0.4449275E-08
  1360.0 0.5165258E-08
  1361.0 0.5766369E-08
  1362.0 0.6237693E-08
  1363.0 0.6566514E-08
  1364.0 0.6742687E-08
  1365.0 0.6758793E-08
  1366.0 0.6610458E-08
  1367.0 0.6296428E-08
  1368.0 0.5818732E-08
  1369.0 0.5182657E-08
  1370.0 0.4396822E-08
  1371.0 0.3473012E-08
  1372.0 0.2426076E-08
  1373.0 0.1273740E-08
  1374.0 0.3631928E-10
  1375.0 -.1263585E-08
  1376.0 -.2601436E-08
  1377.0 -.3951172E-08
  1378.0 -.5285651E-08
  1379.0 -.6577123E-08
  1380.0 -.7797722E-08
  1381.0 -.8919958E-08
  1382.0 -.9917247E-08
  1383.0 -.1076440E-07
  1384.0 -.1143815E-07
  1385.0 -.1191757E-07
  1386.0 -.1218454E-07
  1387.0 -.1222418E-07
  1388.0 -.1202510E-07
  1389.0 -.1157979E-07
  1390.0 -.1088484E-07
  1391.0 -.9941087E-08
  1392.0 -.8753696E-08
  1393.0 -.7332266E-08
  1394.0 -.5690678E-08
  1395.0 -.3847077E-08
  1396.0 -.1823581E-08
  1397.0 0.3539289E-09
  1398.0 0.2656168E-08
  1399.0 0.5050843E-08
  1400.0 0.7503124E-08
  1401.0 0.9976148E-08
  1402.0 0.1243160E-07
  1403.0 0.1483025E-07
  1404.0 0.1713267E-07
  1405.0 0.1929972E-07
  1406.0 0.2129339E-07
  1407.0 0.2307724E-07
  1408.0 0.2461712E-07
  1409.0 0.2588178E-07
  1410.0 0.2684333E-07
  1411.0 0.2747796E-07
  1412.0 0.2776607E-07
  1413.0 0.2769298E-07
  1414.0 0.2724907E-07
  1415.0 0.2643011E-07
  1416.0 0.2523736E-07
  1417.0 0.2367766E-07
  1418.0 0.2176352E-07
  1419.0 0.1951285E-07
  1420.0 0.1694889E-07
  1421.0 0.1409999E-07
  1422.0 0.1099906E-07
  1423.0 0.7683277E-08
  1424.0 0.4193564E-08
  1425.0 0.5739906E-09
  1426.0 -.3128824E-08
  1427.0 -.6866431E-08
  1428.0 -.1058924E-07
  1429.0 -.1424720E-07
  1430.0 -.1779069E-07
  1431.0 -.2117104E-07
  1432.0 -.2434159E-07
  1433.0 -.2725802E-07
  1434.0 -.2987939E-07
  1435.0 -.3216856E-07
  1436.0 -.3409281E-07
  1437.0 -.3562447E-07
  1438.0 -.3674110E-07
  1439.0 -.3742631E-07
  1440.0 -.3766934E-07
  1441.0 -.3746603E-07
  1442.0 -.3681831E-07
  1443.0 -.3573440E-07
  1444.0 -.3422889E-07
  1445.0 -.3232201E-07
  1446.0 -.3003995E-07
  1447.0 -.2741403E-07
  1448.0 -.2448047E-07
  1449.0 -.2127967E-07
  1450.0 -.1785577E-07
  1451.0 -.1425582E-07
  1452.0 -.1052920E-07
  1453.0 -.6726785E-08
  1454.0 -.2900229E-08
  1455.0 0.8988499E-09
  1456.0 0.4619646E-08
  1457.0 0.8212917E-08
  1458.0 0.1163168E-07
  1459.0 0.1483202E-07
  1460.0 0.1777361E-07
  1461.0 0.2042038E-07
  1462.0 0.2274100E-07
  1463.0 0.2470926E-07
  1464.0 0.2630454E-07
  1465.0 0.2751200E-07
  1466.0 0.2832272E-07
  1467.0 0.2873385E-07
  1468.0 0.2874854E-07
  1469.0 0.2837577E-07
  1470.0 0.2763020E-07
  1471.0 0.2653190E-07
  1472.0 0.2510590E-07
  1473.0 0.2338164E-07
  1474.0 0.2139263E-07
  1475.0 0.1917577E-07
  1476.0 0.1677068E-07
  1477.0 0.1421903E-07
  1478.0 0.1156387E-07
  1479.0 0.8848986E-08
  1480.0 0.6117963E-08
  1481.0 0.3413723E-08
  1482.0 0.7776955E-09
  1483.0 -.1750759E-08
  1484.0 -.4135011E-08
  1485.0 -.6341673E-08
  1486.0 -.8341069E-08
  1487.0 -.1010774E-07
  1488.0 -.1162066E-07
  1489.0 -.1286357E-07
  1490.0 -.1382514E-07
  1491.0 -.1449910E-07
  1492.0 -.1488409E-07
  1493.0 -.1498372E-07
  1494.0 -.1480639E-07
  1495.0 -.1436490E-07
  1496.0 -.1367631E-07
  1497.0 -.1276145E-07
  1498.0 -.1164441E-07
  1499.0 -.1035219E-07
  1500.0 -.8914043E-08
  1501.0 -.7360953E-08
  1502.0 -.5725042E-08
  1503.0 -.4038927E-08
  1504.0 -.2335180E-08
  1505.0 -.6457263E-09
  1506.0 0.9987384E-09
  1507.0 0.2569255E-08
  1508.0 0.4039082E-08
  1509.0 0.5384143E-08
  1510.0 0.6583417E-08
  1511.0 0.7619208E-08
  1512.0 0.8477435E-08
  1513.0 0.9147815E-08
  1514.0 0.9623891E-08
  1515.0 0.9903123E-08
  1516.0 0.9986850E-08
  1517.0 0.9880128E-08
  1518.0 0.9591571E-08
  1519.0 0.9133067E-08
  1520.0 0.8519546E-08
  1521.0 0.7768500E-08
  1522.0 0.6899736E-08
  1523.0 0.5934817E-08
  1524.0 0.4896623E-08
  1525.0 0.3808946E-08
  1526.0 0.2695894E-08
  1527.0 0.1581506E-08
  1528.0 0.4891991E-09
  1529.0 -.5586211E-09
  1530.0 -.1541019E-08
  1531.0 -.2438910E-08
  1532.0 -.3235400E-08
  1533.0 -.3916083E-08
  1534.0 -.4469278E-08
  1535.0 -.4886241E-08
  1536.0 -.5161224E-08
  1537.0 -.5291610E-08
  1538.0 -.5277854E-08
  1539.0 -.5123459E-08
  1540.0 -.4834835E-08
  1541.0 -.4421128E-08
  1542.0 -.3893982E-08
  1543.0 -.3267270E-08
  1544.0 -.2556781E-08
  1545.0 -.1779873E-08
  1546.0 -.9550911E-09
  1547.0 -.1017785E-09
  1548.0 0.7603219E-09
  1549.0 0.1611488E-08
  1550.0 0.2432408E-08
  1551.0 0.3204564E-08
  1552.0 0.3910607E-08
  1553.0 0.4534694E-08
  1554.0 0.5062777E-08
  1555.0 0.5482890E-08
  1556.0 0.5785375E-08
  1557.0 0.5963011E-08
  1558.0 0.6011165E-08
  1559.0 0.5927912E-08
  1560.0 0.5713917E-08
  1561.0 0.5372566E-08
  1562.0 0.4909744E-08
  1563.0 0.4333786E-08
  1564.0 0.3655240E-08
  1565.0 0.2886681E-08
  1566.0 0.2042417E-08
  1567.0 0.1138250E-08
  1568.0 0.1911011E-09
  1569.0 -.7812777E-09
  1570.0 -.1760676E-08
  1571.0 -.2728768E-08
  1572.0 -.3667457E-08
  1573.0 -.4559217E-08
  1574.0 -.5387441E-08
  1575.0 -.6136703E-08
  1576.0 -.6793082E-08
  1577.0 -.7344391E-08
  1578.0 -.7780365E-08
  1579.0 -.8092901E-08
  1580.0 -.8276122E-08
  1581.0 -.8326477E-08
  1582.0 -.8242806E-08
  1583.0 -.8026363E-08
  1584.0 -.7680689E-08
  1585.0 -.7211616E-08
  1586.0 -.6627076E-08
  1587.0 -.5936962E-08
  1588.0 -.5152927E-08
  1589.0 -.4288144E-08
  1590.0 -.3357102E-08
  1591.0 -.2375258E-08
  1592.0 -.1358830E-08
  1593.0 -.3244499E-09
  1594.0 0.7111090E-09
  1595.0 0.1731216E-08
  1596.0 0.2719685E-08
  1597.0 0.3661046E-08
  1598.0 0.4540783E-08
  1599.0 0.5345589E-08
  1600.0 0.6063523E-08
  1601.0 0.6684276E-08
  1602.0 0.7199226E-08
  1603.0 0.7601592E-08
  1604.0 0.7886557E-08
  1605.0 0.8051181E-08
  1606.0 0.8094561E-08
  1607.0 0.8017725E-08
  1608.0 0.7823544E-08
  1609.0 0.7516717E-08
  1610.0 0.7103641E-08
  1611.0 0.6592223E-08
  1612.0 0.5991735E-08
  1613.0 0.5312661E-08
  1614.0 0.4566433E-08
  1615.0 0.3765311E-08
  1616.0 0.2922091E-08
  1617.0 0.2049924E-08
  1618.0 0.1162090E-08
  1619.0 0.2717799E-09
  1620.0 -.6080952E-09
  1621.0 -.1465108E-08
  1622.0 -.2287490E-08
  1623.0 -.3064281E-08
  1624.0 -.3785492E-08
  1625.0 -.4442206E-08
  1626.0 -.5026694E-08
  1627.0 -.5532478E-08
  1628.0 -.5954371E-08
  1629.0 -.6288572E-08
  1630.0 -.6532579E-08
  1631.0 -.6685259E-08
  1632.0 -.6746768E-08
  1633.0 -.6718524E-08
  1634.0 -.6603107E-08
  1635.0 -.6404233E-08
  1636.0 -.6126601E-08
  1637.0 -.5775820E-08
  1638.0 -.5358302E-08
  1639.0 -.4881106E-08
  1640.0 -.4351870E-08
  1641.0 -.3778644E-08
  1642.0 -.3169788E-08
  1643.0 -.2533851E-08
  1644.0 -.1879455E-08
  1645.0 -.1215194E-08
  1646.0 -.5495107E-09
  1647.0 0.1093777E-09
  1648.0 0.7535729E-09
  1649.0 0.1375573E-08
  1650.0 0.1968328E-08
  1651.0 0.2525327E-08
  1652.0 0.3040607E-08
  1653.0 0.3508827E-08
  1654.0 0.3925284E-08
  1655.0 0.4285923E-08
  1656.0 0.4587386E-08
  1657.0 0.4826995E-08
  1658.0 0.5002767E-08
  1659.0 0.5113391E-08
  1660.0 0.5158258E-08
  1661.0 0.5137410E-08
  1662.0 0.5051553E-08
  1663.0 0.4902040E-08
  1664.0 0.4690826E-08
  1665.0 0.4420468E-08
  1666.0 0.4094078E-08
  1667.0 0.3715324E-08
  1668.0 0.3288380E-08
  1669.0 0.2817893E-08
  1670.0 0.2308955E-08
  1671.0 0.1767063E-08
  1672.0 0.1198072E-08
  1673.0 0.6081636E-09
  1674.0 0.3782147E-11
  1675.0 -.6084068E-09
  1676.0 -.1221575E-08
  1677.0 -.1828792E-08
  1678.0 -.2423086E-08
  1679.0 -.2997514E-08
  1680.0 -.3545229E-08
  1681.0 -.4059548E-08
  1682.0 -.4534059E-08
  1683.0 -.4962635E-08
  1684.0 -.5339573E-08
  1685.0 -.5659641E-08
  1686.0 -.5918160E-08
  1687.0 -.6111069E-08
  1688.0 -.6234995E-08
  1689.0 -.6287338E-08
  1690.0 -.6266298E-08
  1691.0 -.6170932E-08
  1692.0 -.6001199E-08
  1693.0 -.5757997E-08
  1694.0 -.5443141E-08
  1695.0 -.5059420E-08
  1696.0 -.4610548E-08
  1697.0 -.4101156E-08
  1698.0 -.3536754E-08
  1699.0 -.2923683E-08
  1700.0 -.2269045E-08
  1701.0 -.1580621E-08
  1702.0 -.8667836E-09
  1703.0 -.1363901E-09
  1704.0 0.6013301E-09
  1705.0 0.1336896E-08
  1706.0 0.2060722E-08
  1707.0 0.2763230E-08
  1708.0 0.3435015E-08
  1709.0 0.4066968E-08
  1710.0 0.4650426E-08
  1711.0 0.5177303E-08
  1712.0 0.5640231E-08
  1713.0 0.6032665E-08
  1714.0 0.6349004E-08
  1715.0 0.6584692E-08
  1716.0 0.6736303E-08
  1717.0 0.6801598E-08
  1718.0 0.6779592E-08
  1719.0 0.6670554E-08
  1720.0 0.6476044E-08
  1721.0 0.6198897E-08
  1722.0 0.5843171E-08
  1723.0 0.5414138E-08
  1724.0 0.4918157E-08
  1725.0 0.4362611E-08
  1726.0 0.3755797E-08
  1727.0 0.3106819E-08
  1728.0 0.2425389E-08
  1729.0 0.1721743E-08
  1730.0 0.1006426E-08
  1731.0 0.2901593E-09
  1732.0 -.4163477E-09
  1733.0 -.1102568E-08
  1734.0 -.1758331E-08
  1735.0 -.2373982E-08
  1736.0 -.2940538E-08
  1737.0 -.3449858E-08
  1738.0 -.3894731E-08
  1739.0 -.4269062E-08
  1740.0 -.4567887E-08
  1741.0 -.4787529E-08
  1742.0 -.4925607E-08
  1743.0 -.4981104E-08
  1744.0 -.4954372E-08
  1745.0 -.4847090E-08
  1746.0 -.4662280E-08
  1747.0 -.4404214E-08
  1748.0 -.4078374E-08
  1749.0 -.3691300E-08
  1750.0 -.3250519E-08
  1751.0 -.2764393E-08
  1752.0 -.2241969E-08
  1753.0 -.1692831E-08
  1754.0 -.1126921E-08
  1755.0 -.5543673E-09
  1756.0 0.1468032E-10
  1757.0 0.5702476E-09
  1758.0 0.1102688E-08
  1759.0 0.1602859E-08
  1760.0 0.2062276E-08
  1761.0 0.2473252E-08
  1762.0 0.2829029E-08
  1763.0 0.3123900E-08
  1764.0 0.3353280E-08
  1765.0 0.3513790E-08
  1766.0 0.3603309E-08
  1767.0 0.3621002E-08
  1768.0 0.3567320E-08
  1769.0 0.3443989E-08
  1770.0 0.3253950E-08
  1771.0 0.3001321E-08
  1772.0 0.2691310E-08
  1773.0 0.2330102E-08
  1774.0 0.1924752E-08
  1775.0 0.1483045E-08
  1776.0 0.1013364E-08
  1777.0 0.5245187E-09
  1778.0 0.2560569E-10
  1779.0 -.4741733E-09
  1780.0 -.9656647E-09
  1781.0 -.1439927E-08
  1782.0 -.1888396E-08
  1783.0 -.2303018E-08
  1784.0 -.2676411E-08
  1785.0 -.3001965E-08
  1786.0 -.3273968E-08
  1787.0 -.3487699E-08
  1788.0 -.3639499E-08
  1789.0 -.3726835E-08
  1790.0 -.3748326E-08
  1791.0 -.3703749E-08
  1792.0 -.3594071E-08
  1793.0 -.3421381E-08
  1794.0 -.3188862E-08
  1795.0 -.2900731E-08
  1796.0 -.2562137E-08
  1797.0 -.2179090E-08
  1798.0 -.1758325E-08
  1799.0 -.1307194E-08
  1800.0 -.8335236E-09
  1801.0 -.3454793E-09
  1802.0 0.1485828E-09
  1803.0 0.6402535E-09
  1804.0 0.1121229E-08
  1805.0 0.1583434E-08
  1806.0 0.2019189E-08
  1807.0 0.2421297E-08
  1808.0 0.2783205E-08
  1809.0 0.3099068E-08
  1810.0 0.3363873E-08
  1811.0 0.3573505E-08
  1812.0 0.3724803E-08
  1813.0 0.3815610E-08
  1814.0 0.3844781E-08
  1815.0 0.3812216E-08
  1816.0 0.3718844E-08
  1817.0 0.3566568E-08
  1818.0 0.3358268E-08
  1819.0 0.3097690E-08
  1820.0 0.2789414E-08
  1821.0 0.2438745E-08
  1822.0 0.2051621E-08
  1823.0 0.1634508E-08
  1824.0 0.1194276E-08
  1825.0 0.7380970E-09
  1826.0 0.2733044E-09
  1827.0 -.1927173E-09
  1828.0 -.6526603E-09
  1829.0 -.1099413E-08
  1830.0 -.1526172E-08
  1831.0 -.1926544E-08
  1832.0 -.2294653E-08
  1833.0 -.2625219E-08
  1834.0 -.2913634E-08
  1835.0 -.3156037E-08
  1836.0 -.3349344E-08
  1837.0 -.3491301E-08
  1838.0 -.3580497E-08
  1839.0 -.3616381E-08
  1840.0 -.3599225E-08
  1841.0 -.3530152E-08
  1842.0 -.3411050E-08
  1843.0 -.3244559E-08
  1844.0 -.3034019E-08
  1845.0 -.2783363E-08
  1846.0 -.2497078E-08
  1847.0 -.2180104E-08
  1848.0 -.1837756E-08
  1849.0 -.1475614E-08
  1850.0 -.1099448E-08
  1851.0 -.7151062E-09
  1852.0 -.3284209E-09
  1853.0 0.5487222E-10
  1854.0 0.4292359E-09
  1855.0 0.7894088E-09
  1856.0 0.1130477E-08
  1857.0 0.1447962E-08
  1858.0 0.1737851E-08
  1859.0 0.1996673E-08
  1860.0 0.2221525E-08
  1861.0 0.2410121E-08
  1862.0 0.2560773E-08
  1863.0 0.2672441E-08
  1864.0 0.2744709E-08
  1865.0 0.2777771E-08
  1866.0 0.2772416E-08
  1867.0 0.2729997E-08
  1868.0 0.2652386E-08
  1869.0 0.2541924E-08
  1870.0 0.2401380E-08
  1871.0 0.2233871E-08
  1872.0 0.2042824E-08
  1873.0 0.1831889E-08
  1874.0 0.1604877E-08
  1875.0 0.1365693E-08
  1876.0 0.1118271E-08
  1877.0 0.8665009E-09
  1878.0 0.6141725E-09
  1879.0 0.3649118E-09
  1880.0 0.1221263E-09
  1881.0 -.1110402E-09
  1882.0 -.3317519E-09
  1883.0 -.5375148E-09
  1884.0 -.7262062E-09
  1885.0 -.8960931E-09
  1886.0 -.1045845E-08
  1887.0 -.1174545E-08
  1888.0 -.1281669E-08
  1889.0 -.1367099E-08
  1890.0 -.1431088E-08
  1891.0 -.1474247E-08
  1892.0 -.1497505E-08
  1893.0 -.1502086E-08
  1894.0 -.1489468E-08
  1895.0 -.1461330E-08
  1896.0 -.1419523E-08
  1897.0 -.1366014E-08
  1898.0 -.1302844E-08
  1899.0 -.1232077E-08
  1900.0 -.1155757E-08
  1901.0 -.1075871E-08
  1902.0 -.9942938E-09
  1903.0 -.9127658E-09
  1904.0 -.8328574E-09
  1905.0 -.7559333E-09
  1906.0 -.6831373E-09
  1907.0 -.6153739E-09
  1908.0 -.5532970E-09
  1909.0 -.4973044E-09
  1910.0 -.4475392E-09
  1911.0 -.4038961E-09
  1912.0 -.3660333E-09
  1913.0 -.3333905E-09
  1914.0 -.3052106E-09
  1915.0 -.2805688E-09
  1916.0 -.2583960E-09
  1917.0 -.2375241E-09
  1918.0 -.2167078E-09
  1919.0 -.1946718E-09
  1920.0 -.1701421E-09
  1921.0 -.1418889E-09
  1922.0 -.1087562E-09
  1923.0 -.6970683E-10
  1924.0 -.2384288E-10
  1925.0 0.2955450E-10
  1926.0 0.9100726E-10
  1927.0 0.1608139E-09
  1928.0 0.2390377E-09
  1929.0 0.3254906E-09
  1930.0 0.4197325E-09
  1931.0 0.5210680E-09
  1932.0 0.6285538E-09
  1933.0 0.7410085E-09
  1934.0 0.8570308E-09
  1935.0 0.9750162E-09
  1936.0 0.1093196E-08
  1937.0 0.1209651E-08
  1938.0 0.1322359E-08
  1939.0 0.1429231E-08
  1940.0 0.1528142E-08
  1941.0 0.1616984E-08
  1942.0 0.1693701E-08
  1943.0 0.1756333E-08
  1944.0 0.1803058E-08
  1945.0 0.1832236E-08
  1946.0 0.1842435E-08
  1947.0 0.1832470E-08
  1948.0 0.1801444E-08
  1949.0 0.1748755E-08
  1950.0 0.1674133E-08
  1951.0 0.1577640E-08
  1952.0 0.1459686E-08
  1953.0 0.1321038E-08
  1954.0 0.1162806E-08
  1955.0 0.9864354E-09
  1956.0 0.7936962E-09
  1957.0 0.5866568E-09
  1958.0 0.3676574E-09
  1959.0 0.1392774E-09
  1960.0 -.9570263E-10
  1961.0 -.3343395E-09
  1962.0 -.5735766E-09
  1963.0 -.8102842E-09
  1964.0 -.1041316E-08
  1965.0 -.1263552E-08
  1966.0 -.1473952E-08
  1967.0 -.1669601E-08
  1968.0 -.1847756E-08
  1969.0 -.2005894E-08
  1970.0 -.2141749E-08
  1971.0 -.2253342E-08
  1972.0 -.2339036E-08
  1973.0 -.2397526E-08
  1974.0 -.2427890E-08
  1975.0 -.2429601E-08
  1976.0 -.2402506E-08
  1977.0 -.2346868E-08
  1978.0 -.2263330E-08
  1979.0 -.2152921E-08
  1980.0 -.2017031E-08
  1981.0 -.1857392E-08
  1982.0 -.1676051E-08
  1983.0 -.1475330E-08
  1984.0 -.1257796E-08
  1985.0 -.1026216E-08
  1986.0 -.7835170E-09
  1987.0 -.5327411E-09
  1988.0 -.2769993E-09
  1989.0 -.1942267E-10
  1990.0 0.2368782E-09
  1991.0 0.4888626E-09
  1992.0 0.7335973E-09
  1993.0 0.9682981E-09
  1994.0 0.1190369E-08
  1995.0 0.1397423E-08
  1996.0 0.1587323E-08
  1997.0 0.1758194E-08
  1998.0 0.1908452E-08
  1999.0 0.2036800E-08
  2000.0 0.2142252E-08
  2001.0 0.2224127E-08
  2002.0 0.2282050E-08
  2003.0 0.2315929E-08
  2004.0 0.2325978E-08
  2005.0 0.2312667E-08
  2006.0 0.2276713E-08
  2007.0 0.2219067E-08
  2008.0 0.2140884E-08
  2009.0 0.2043492E-08
  2010.0 0.1928379E-08
  2011.0 0.1797144E-08
  2012.0 0.1651493E-08
  2013.0 0.1493194E-08
  2014.0 0.1324065E-08
  2015.0 0.1145940E-08
  2016.0 0.9606550E-09
  2017.0 0.7700209E-09
  2018.0 0.5758153E-09
  2019.0 0.3797632E-09
  2020.0 0.1835265E-09
  2021.0 -.1130303E-10
  2022.0 -.2032122E-09
  2023.0 -.3907667E-09
  2024.0 -.5726130E-09
  2025.0 -.7474787E-09
  2026.0 -.9141687E-09
  2027.0 -.1071558E-08
  2028.0 -.1218603E-08
  2029.0 -.1354309E-08
  2030.0 -.1477755E-08
  2031.0 -.1588067E-08
  2032.0 -.1684431E-08
  2033.0 -.1766082E-08
  2034.0 -.1832308E-08
  2035.0 -.1882449E-08
  2036.0 -.1915904E-08
  2037.0 -.1932133E-08
  2038.0 -.1930670E-08
  2039.0 -.1911127E-08
  2040.0 -.1873214E-08
  2041.0 -.1816748E-08
  2042.0 -.1741658E-08
  2043.0 -.1648027E-08
  2044.0 -.1536074E-08
  2045.0 -.1406194E-08
  2046.0 -.1258969E-08
  2047.0 -.1095174E-08
  2048.0 -.9157969E-09
  2049.0 -.7220385E-09
  2050.0 -.5153306E-09
  2051.0 -.2973297E-09
  2052.0 -.6991668E-10
  2053.0 0.1648059E-09
  2054.0 0.4045262E-09
  2055.0 0.6467379E-09
  2056.0 0.8887655E-09
  2057.0 0.1127783E-08
  2058.0 0.1360848E-08
  2059.0 0.1584942E-08
  2060.0 0.1796998E-08
  2061.0 0.1993957E-08
  2062.0 0.2172807E-08
  2063.0 0.2330631E-08
  2064.0 0.2464660E-08
  2065.0 0.2572324E-08
  2066.0 0.2651308E-08
  2067.0 0.2699586E-08
  2068.0 0.2715480E-08
  2069.0 0.2697702E-08
  2070.0 0.2645387E-08
  2071.0 0.2558137E-08
  2072.0 0.2436038E-08
  2073.0 0.2279668E-08
  2074.0 0.2090152E-08
  2075.0 0.1869112E-08
  2076.0 0.1618700E-08
  2077.0 0.1341557E-08
  2078.0 0.1040814E-08
  2079.0 0.7200395E-09
  2080.0 0.3831999E-09
  2081.0 0.3461941E-10
  2082.0 -.3210899E-09
  2083.0 -.6790872E-09
  2084.0 -.1034376E-08
  2085.0 -.1381883E-08
  2086.0 -.1716532E-08
  2087.0 -.2033333E-08
  2088.0 -.2327469E-08
  2089.0 -.2594355E-08
  2090.0 -.2829750E-08
  2091.0 -.3029814E-08
  2092.0 -.3191189E-08
  2093.0 -.3311054E-08
  2094.0 -.3387189E-08
  2095.0 -.3418024E-08
  2096.0 -.3402674E-08
  2097.0 -.3340960E-08
  2098.0 -.3233435E-08
  2099.0 -.3081378E-08
  2100.0 -.2886774E-08
  2101.0 -.2652328E-08
  2102.0 -.2381380E-08
  2103.0 -.2077895E-08
  2104.0 -.1746375E-08
  2105.0 -.1391827E-08
  2106.0 -.1019642E-08
  2107.0 -.6355430E-09
  2108.0 -.2454675E-09
  2109.0 0.1445156E-09
  2110.0 0.5283166E-09
  2111.0 0.8999190E-09
  2112.0 0.1253496E-08
  2113.0 0.1583489E-08
  2114.0 0.1884726E-08
  2115.0 0.2152502E-08
  2116.0 0.2382658E-08
  2117.0 0.2571652E-08
  2118.0 0.2716635E-08
  2119.0 0.2815491E-08
  2120.0 0.2866877E-08
  2121.0 0.2870244E-08
  2122.0 0.2825850E-08
  2123.0 0.2734764E-08
  2124.0 0.2598821E-08
  2125.0 0.2420630E-08
  2126.0 0.2203487E-08
  2127.0 0.1951341E-08
  2128.0 0.1668713E-08
  2129.0 0.1360620E-08
  2130.0 0.1032481E-08
  2131.0 0.6900163E-09
  2132.0 0.3391623E-09
  2133.0 -.1405724E-10
  2134.0 -.3636213E-09
  2135.0 -.7036289E-09
  2136.0 -.1028399E-08
  2137.0 -.1332572E-08
  2138.0 -.1611200E-08
  2139.0 -.1859832E-08
  2140.0 -.2074604E-08
  2141.0 -.2252283E-08
  2142.0 -.2390327E-08
  2143.0 -.2486931E-08
  2144.0 -.2541049E-08
  2145.0 -.2552393E-08
  2146.0 -.2521447E-08
  2147.0 -.2449440E-08
  2148.0 -.2338318E-08
  2149.0 -.2190689E-08
  2150.0 -.2009786E-08
  2151.0 -.1799369E-08
  2152.0 -.1563689E-08
  2153.0 -.1307354E-08
  2154.0 -.1035276E-08
  2155.0 -.7525549E-09
  2156.0 -.4643843E-09
  2157.0 -.1759502E-09
  2158.0 0.1076633E-09
  2159.0 0.3815719E-09
  2160.0 0.6411781E-09
  2161.0 0.8822582E-09
  2162.0 0.1101030E-08
  2163.0 0.1294218E-08
  2164.0 0.1459114E-08
  2165.0 0.1593605E-08
  2166.0 0.1696212E-08
  2167.0 0.1766099E-08
  2168.0 0.1803081E-08
  2169.0 0.1807596E-08
  2170.0 0.1780703E-08
  2171.0 0.1724030E-08
  2172.0 0.1639732E-08
  2173.0 0.1530430E-08
  2174.0 0.1399144E-08
  2175.0 0.1249226E-08
  2176.0 0.1084276E-08
  2177.0 0.9080584E-09
  2178.0 0.7244171E-09
  2179.0 0.5371935E-09
  2180.0 0.3501433E-09
  2181.0 0.1668541E-09
  2182.0 -.9324581E-11
  2183.0 -.1753517E-09
  2184.0 -.3285514E-09
  2185.0 -.4666608E-09
  2186.0 -.5878750E-09
  2187.0 -.6908641E-09
  2188.0 -.7747983E-09
  2189.0 -.8393471E-09
  2190.0 -.8846719E-09
  2191.0 -.9114031E-09
  2192.0 -.9206137E-09
  2193.0 -.9137723E-09
  2194.0 -.8927006E-09
  2195.0 -.8595049E-09
  2196.0 -.8165154E-09
  2197.0 -.7662214E-09
  2198.0 -.7111917E-09
  2199.0 -.6539980E-09
  2200.0 -.5971501E-09
  2201.0 -.5430134E-09
  2202.0 -.4937519E-09
  2203.0 -.4512553E-09
  2204.0 -.4170932E-09
  2205.0 -.3924648E-09
  2206.0 -.3781597E-09
  2207.0 -.3745367E-09
  2208.0 -.3815102E-09
  2209.0 -.3985436E-09
  2210.0 -.4246625E-09
  2211.0 -.4584755E-09
  2212.0 -.4982088E-09
  2213.0 -.5417492E-09
  2214.0 -.5866986E-09
  2215.0 -.6304415E-09
  2216.0 -.6702077E-09
  2217.0 -.7031563E-09
  2218.0 -.7264547E-09
  2219.0 -.7373562E-09
  2220.0 -.7332889E-09
  2221.0 -.7119348E-09
  2222.0 -.6713048E-09
  2223.0 -.6098126E-09
  2224.0 -.5263360E-09
  2225.0 -.4202744E-09
  2226.0 -.2915868E-09
  2227.0 -.1408287E-09
  2228.0 0.3083700E-10
  2229.0 0.2216288E-09
  2230.0 0.4291646E-09
  2231.0 0.6504846E-09
  2232.0 0.8820909E-09
  2233.0 0.1120003E-08
  2234.0 0.1359829E-08
  2235.0 0.1596841E-08
  2236.0 0.1826067E-08
  2237.0 0.2042393E-08
  2238.0 0.2240668E-08
  2239.0 0.2415818E-08
  2240.0 0.2562956E-08
  2241.0 0.2677507E-08
  2242.0 0.2755303E-08
  2243.0 0.2792710E-08
  2244.0 0.2786716E-08
  2245.0 0.2735022E-08
  2246.0 0.2636126E-08
  2247.0 0.2489392E-08
  2248.0 0.2295085E-08
  2249.0 0.2054409E-08
  2250.0 0.1769533E-08
  2251.0 0.1443564E-08
  2252.0 0.1080536E-08
  2253.0 0.6853629E-09
  2254.0 0.2637682E-09
  2255.0 -.1777929E-09
  2256.0 -.6322385E-09
  2257.0 -.1091972E-08
  2258.0 -.1549018E-08
  2259.0 -.1995158E-08
  2260.0 -.2422099E-08
  2261.0 -.2821602E-08
  2262.0 -.3185680E-08
  2263.0 -.3506729E-08
  2264.0 -.3777698E-08
  2265.0 -.3992259E-08
  2266.0 -.4144930E-08
  2267.0 -.4231195E-08
  2268.0 -.4247652E-08
  2269.0 -.4192098E-08
  2270.0 -.4063603E-08
  2271.0 -.3862553E-08
  2272.0 -.3590702E-08
  2273.0 -.3251173E-08
  2274.0 -.2848432E-08
  2275.0 -.2388225E-08
  2276.0 -.1877546E-08
  2277.0 -.1324490E-08
  2278.0 -.7381698E-09
  2279.0 -.1285493E-09
  2280.0 0.4937181E-09
  2281.0 0.1117469E-08
  2282.0 0.1731231E-08
  2283.0 0.2323425E-08
  2284.0 0.2882590E-08
  2285.0 0.3397590E-08
  2286.0 0.3857840E-08
  2287.0 0.4253522E-08
  2288.0 0.4575790E-08
  2289.0 0.4816925E-08
  2290.0 0.4970577E-08
  2291.0 0.5031861E-08
  2292.0 0.4997517E-08
  2293.0 0.4866005E-08
  2294.0 0.4637555E-08
  2295.0 0.4314260E-08
  2296.0 0.3900041E-08
  2297.0 0.3400638E-08
  2298.0 0.2823557E-08
  2299.0 0.2177964E-08
  2300.0 0.1474562E-08
  2301.0 0.7254579E-09
  2302.0 -.5606455E-10
  2303.0 -.8557126E-09
  2304.0 -.1658462E-08
  2305.0 -.2448777E-08
  2306.0 -.3210889E-08
  2307.0 -.3929093E-08
  2308.0 -.4588005E-08
  2309.0 -.5172880E-08
  2310.0 -.5669846E-08
  2311.0 -.6066232E-08
  2312.0 -.6350775E-08
  2313.0 -.6513893E-08
  2314.0 -.6547880E-08
  2315.0 -.6447085E-08
  2316.0 -.6208071E-08
  2317.0 -.5829762E-08
  2318.0 -.5313467E-08
  2319.0 -.4662948E-08
  2320.0 -.3884414E-08
  2321.0 -.2986474E-08
  2322.0 -.1980045E-08
  2323.0 -.8782434E-09
  2324.0 0.3038229E-09
  2325.0 0.1549235E-08
  2326.0 0.2839513E-08
  2327.0 0.4154881E-08
  2328.0 0.5474599E-08
  2329.0 0.6777227E-08
  2330.0 0.8041018E-08
  2331.0 0.9244270E-08
  2332.0 0.1036564E-07
  2333.0 0.1138456E-07
  2334.0 0.1228149E-07
  2335.0 0.1303838E-07
  2336.0 0.1363894E-07
  2337.0 0.1406887E-07
  2338.0 0.1431623E-07
  2339.0 0.1437164E-07
  2340.0 0.1422845E-07
  2341.0 0.1388287E-07
  2342.0 0.1333421E-07
  2343.0 0.1258476E-07
  2344.0 0.1163996E-07
  2345.0 0.1050828E-07
  2346.0 0.9201143E-08
  2347.0 0.7732764E-08
  2348.0 0.6120086E-08
  2349.0 0.4382399E-08
  2350.0 0.2541188E-08
  2351.0 0.6197781E-09
  2352.0 -.1357001E-08
  2353.0 -.3363151E-08
  2354.0 -.5371901E-08
  2355.0 -.7356126E-08
  2356.0 -.9288721E-08
  2357.0 -.1114302E-07
  2358.0 -.1289323E-07
  2359.0 -.1451482E-07
  2360.0 -.1598480E-07
  2361.0 -.1728221E-07
  2362.0 -.1838842E-07
  2363.0 -.1928739E-07
  2364.0 -.1996583E-07
  2365.0 -.2041357E-07
  2366.0 -.2062371E-07
  2367.0 -.2059254E-07
  2368.0 -.2031987E-07
  2369.0 -.1980871E-07
  2370.0 -.1906570E-07
  2371.0 -.1810045E-07
  2372.0 -.1692589E-07
  2373.0 -.1555770E-07
  2374.0 -.1401437E-07
  2375.0 -.1231674E-07
  2376.0 -.1048772E-07
  2377.0 -.8551956E-08
  2378.0 -.6535498E-08
  2379.0 -.4465363E-08
  2380.0 -.2369133E-08
  2381.0 -.2745711E-09
  2382.0 0.1790817E-08
  2383.0 0.3800151E-08
  2384.0 0.5727590E-08
  2385.0 0.7548730E-08
  2386.0 0.9240891E-08
  2387.0 0.1078351E-07
  2388.0 0.1215831E-07
  2389.0 0.1334974E-07
  2390.0 0.1434492E-07
  2391.0 0.1513402E-07
  2392.0 0.1571028E-07
  2393.0 0.1607002E-07
  2394.0 0.1621280E-07
  2395.0 0.1614120E-07
  2396.0 0.1586095E-07
  2397.0 0.1538053E-07
  2398.0 0.1471126E-07
  2399.0 0.1386696E-07
