     0.0 0.0000000E+00
     1.0 -.3573275E-17
     2.0 0.4121912E-16
     3.0 0.2993199E-15
     4.0 0.1043524E-14
     5.0 0.2648154E-14
     6.0 0.5577038E-14
     7.0 0.1036720E-13
     8.0 0.1760991E-13
     9.0 0.2792935E-13
    10.0 0.4195939E-13
    11.0 0.6031928E-13
    12.0 0.8358905E-13
    13.0 0.1122854E-12
    14.0 0.1468387E-12
    15.0 0.1875714E-12
    16.0 0.2346794E-12
    17.0 0.2882153E-12
    18.0 0.3480748E-12
    19.0 0.4139867E-12
    20.0 0.4855055E-12
    21.0 0.5620075E-12
    22.0 0.6426901E-12
    23.0 0.7265733E-12
    24.0 0.8125047E-12
    25.0 0.8991670E-12
    26.0 0.9850858E-12
    27.0 0.1068642E-11
    28.0 0.1148085E-11
    29.0 0.1221544E-11
    30.0 0.1287046E-11
    31.0 0.1342535E-11
    32.0 0.1385887E-11
    33.0 0.1414932E-11
    34.0 0.1427476E-11
    35.0 0.1421325E-11
    36.0 0.1394312E-11
    37.0 0.1344323E-11
    38.0 0.1269332E-11
    39.0 0.1167430E-11
    40.0 0.1036863E-11
    41.0 0.8760677E-12
    42.0 0.6837105E-12
    43.0 0.4587301E-12
    44.0 0.2003718E-12
    45.0 -.9177051E-13
    46.0 -.4177189E-12
    47.0 -.7770795E-12
    48.0 -.1169014E-11
    49.0 -.1592219E-11
    50.0 -.2044914E-11
    51.0 -.2524836E-11
    52.0 -.3029250E-11
    53.0 -.3554965E-11
    54.0 -.4098372E-11
    55.0 -.4655478E-11
    56.0 -.5221985E-11
    57.0 -.5793339E-11
    58.0 -.6364834E-11
    59.0 -.6931696E-11
    60.0 -.7489202E-11
    61.0 -.8032772E-11
    62.0 -.8558100E-11
    63.0 -.9061271E-11
    64.0 -.9538870E-11
    65.0 -.9988101E-11
    66.0 -.1040687E-10
    67.0 -.1079389E-10
    68.0 -.1114873E-10
    69.0 -.1147189E-10
    70.0 -.1176480E-10
    71.0 -.1202981E-10
    72.0 -.1227022E-10
    73.0 -.1249014E-10
    74.0 -.1269448E-10
    75.0 -.1288877E-10
    76.0 -.1307908E-10
    77.0 -.1327183E-10
    78.0 -.1347361E-10
    79.0 -.1369098E-10
    80.0 -.1393026E-10
    81.0 -.1419739E-10
    82.0 -.1449759E-10
    83.0 -.1483530E-10
    84.0 -.1521392E-10
    85.0 -.1563568E-10
    86.0 -.1610151E-10
    87.0 -.1661094E-10
    88.0 -.1716205E-10
    89.0 -.1775147E-10
    90.0 -.1837432E-10
    91.0 -.1902446E-10
    92.0 -.1969446E-10
    93.0 -.2037579E-10
    94.0 -.2105909E-10
    95.0 -.2173433E-10
    96.0 -.2239112E-10
    97.0 -.2301904E-10
    98.0 -.2360776E-10
    99.0 -.2414762E-10
   100.0 -.2462967E-10
   101.0 -.2504607E-10
   102.0 -.2539053E-10
   103.0 -.2565848E-10
   104.0 -.2584748E-10
   105.0 -.2595724E-10
   106.0 -.2598970E-10
   107.0 -.2594908E-10
   108.0 -.2584178E-10
   109.0 -.2567627E-10
   110.0 -.2546283E-10
   111.0 -.2521332E-10
   112.0 -.2494082E-10
   113.0 -.2465924E-10
   114.0 -.2438296E-10
   115.0 -.2412622E-10
   116.0 -.2390283E-10
   117.0 -.2372555E-10
   118.0 -.2360579E-10
   119.0 -.2355299E-10
   120.0 -.2357445E-10
   121.0 -.2367483E-10
   122.0 -.2385600E-10
   123.0 -.2411683E-10
   124.0 -.2445319E-10
   125.0 -.2485774E-10
   126.0 -.2532028E-10
   127.0 -.2582784E-10
   128.0 -.2636495E-10
   129.0 -.2691406E-10
   130.0 -.2745604E-10
   131.0 -.2797055E-10
   132.0 -.2843686E-10
   133.0 -.2883422E-10
   134.0 -.2914263E-10
   135.0 -.2934352E-10
   136.0 -.2942022E-10
   137.0 -.2935862E-10
   138.0 -.2914771E-10
   139.0 -.2878004E-10
   140.0 -.2825198E-10
   141.0 -.2756409E-10
   142.0 -.2672123E-10
   143.0 -.2573265E-10
   144.0 -.2461172E-10
   145.0 -.2337587E-10
   146.0 -.2204622E-10
   147.0 -.2064708E-10
   148.0 -.1920537E-10
   149.0 -.1775000E-10
   150.0 -.1631107E-10
   151.0 -.1491922E-10
   152.0 -.1360458E-10
   153.0 -.1239606E-10
   154.0 -.1132056E-10
   155.0 -.1040196E-10
   156.0 -.9660554E-11
   157.0 -.9112318E-11
   158.0 -.8768258E-11
   159.0 -.8634067E-11
   160.0 -.8709711E-11
   161.0 -.8989321E-11
   162.0 -.9461020E-11
   163.0 -.1010725E-10
   164.0 -.1090489E-10
   165.0 -.1182578E-10
   166.0 -.1283729E-10
   167.0 -.1390298E-10
   168.0 -.1498359E-10
   169.0 -.1603778E-10
   170.0 -.1702330E-10
   171.0 -.1789796E-10
   172.0 -.1862078E-10
   173.0 -.1915298E-10
   174.0 -.1945915E-10
   175.0 -.1950816E-10
   176.0 -.1927401E-10
   177.0 -.1873684E-10
   178.0 -.1788332E-10
   179.0 -.1670730E-10
   180.0 -.1521009E-10
   181.0 -.1340068E-10
   182.0 -.1129562E-10
   183.0 -.8918838E-11
   184.0 -.6301189E-11
   185.0 -.3479867E-11
   186.0 -.4976553E-12
   187.0 0.2598038E-11
   188.0 0.5756171E-11
   189.0 0.8923320E-11
   190.0 0.1204483E-10
   191.0 0.1506618E-10
   192.0 0.1793428E-10
   193.0 0.2059870E-10
   194.0 0.2301308E-10
   195.0 0.2513618E-10
   196.0 0.2693291E-10
   197.0 0.2837548E-10
   198.0 0.2944391E-10
   199.0 0.3012682E-10
   200.0 0.3042169E-10
   201.0 0.3033514E-10
   202.0 0.2988286E-10
   203.0 0.2908928E-10
   204.0 0.2798720E-10
   205.0 0.2661711E-10
   206.0 0.2502621E-10
   207.0 0.2326747E-10
   208.0 0.2139836E-10
   209.0 0.1947957E-10
   210.0 0.1757359E-10
   211.0 0.1574323E-10
   212.0 0.1405019E-10
   213.0 0.1255346E-10
   214.0 0.1130800E-10
   215.0 0.1036335E-10
   216.0 0.9762418E-11
   217.0 0.9540444E-11
   218.0 0.9724045E-11
   219.0 0.1033056E-10
   220.0 0.1136756E-10
   221.0 0.1283266E-10
   222.0 0.1471342E-10
   223.0 0.1698771E-10
   224.0 0.1962410E-10
   225.0 0.2258262E-10
   226.0 0.2581565E-10
   227.0 0.2926905E-10
   228.0 0.3288348E-10
   229.0 0.3659574E-10
   230.0 0.4034030E-10
   231.0 0.4405090E-10
   232.0 0.4766215E-10
   233.0 0.5111102E-10
   234.0 0.5433851E-10
   235.0 0.5729102E-10
   236.0 0.5992153E-10
   237.0 0.6219088E-10
   238.0 0.6406880E-10
   239.0 0.6553432E-10
   240.0 0.6657648E-10
   241.0 0.6719458E-10
   242.0 0.6739814E-10
   243.0 0.6720652E-10
   244.0 0.6664848E-10
   245.0 0.6576133E-10
   246.0 0.6459004E-10
   247.0 0.6318591E-10
   248.0 0.6160548E-10
   249.0 0.5990862E-10
   250.0 0.5815727E-10
   251.0 0.5641371E-10
   252.0 0.5473897E-10
   253.0 0.5319088E-10
   254.0 0.5182321E-10
   255.0 0.5068337E-10
   256.0 0.4981175E-10
   257.0 0.4924044E-10
   258.0 0.4899237E-10
   259.0 0.4908062E-10
   260.0 0.4950810E-10
   261.0 0.5026733E-10
   262.0 0.5134094E-10
   263.0 0.5270177E-10
   264.0 0.5431368E-10
   265.0 0.5613271E-10
   266.0 0.5810804E-10
   267.0 0.6018345E-10
   268.0 0.6229902E-10
   269.0 0.6439260E-10
   270.0 0.6640162E-10
   271.0 0.6826503E-10
   272.0 0.6992491E-10
   273.0 0.7132832E-10
   274.0 0.7242858E-10
   275.0 0.7318727E-10
   276.0 0.7357507E-10
   277.0 0.7357291E-10
   278.0 0.7317280E-10
   279.0 0.7237823E-10
   280.0 0.7120441E-10
   281.0 0.6967810E-10
   282.0 0.6783711E-10
   283.0 0.6572957E-10
   284.0 0.6341320E-10
   285.0 0.6095295E-10
   286.0 0.5842091E-10
   287.0 0.5589300E-10
   288.0 0.5344810E-10
   289.0 0.5116538E-10
   290.0 0.4912221E-10
   291.0 0.4739210E-10
   292.0 0.4604227E-10
   293.0 0.4513202E-10
   294.0 0.4471024E-10
   295.0 0.4481419E-10
   296.0 0.4546761E-10
   297.0 0.4667986E-10
   298.0 0.4844466E-10
   299.0 0.5074011E-10
   300.0 0.5352809E-10
   301.0 0.5675468E-10
   302.0 0.6035096E-10
   303.0 0.6423399E-10
   304.0 0.6830814E-10
   305.0 0.7246709E-10
   306.0 0.7659601E-10
   307.0 0.8057371E-10
   308.0 0.8427536E-10
   309.0 0.8757584E-10
   310.0 0.9035216E-10
   311.0 0.9248657E-10
   312.0 0.9386980E-10
   313.0 0.9440415E-10
   314.0 0.9400560E-10
   315.0 0.9260732E-10
   316.0 0.9016139E-10
   317.0 0.8664078E-10
   318.0 0.8204101E-10
   319.0 0.7638157E-10
   320.0 0.6970593E-10
   321.0 0.6208216E-10
   322.0 0.5360223E-10
   323.0 0.4438111E-10
   324.0 0.3455520E-10
   325.0 0.2428035E-10
   326.0 0.1372917E-10
   327.0 0.3088133E-11
   328.0 -.7446056E-11
   329.0 -.1767009E-10
   330.0 -.2737838E-10
   331.0 -.3636708E-10
   332.0 -.4443895E-10
   333.0 -.5140742E-10
   334.0 -.5710149E-10
   335.0 -.6136966E-10
   336.0 -.6408392E-10
   337.0 -.6514412E-10
   338.0 -.6448047E-10
   339.0 -.6205659E-10
   340.0 -.5787215E-10
   341.0 -.5196360E-10
   342.0 -.4440578E-10
   343.0 -.3531131E-10
   344.0 -.2483034E-10
   345.0 -.1314901E-10
   346.0 -.4865970E-12
   347.0 0.1290682E-10
   348.0 0.2675487E-10
   349.0 0.4075888E-10
   350.0 0.5460368E-10
   351.0 0.6796298E-10
   352.0 0.8050531E-10
   353.0 0.9190135E-10
   354.0 0.1018299E-09
   355.0 0.1099852E-09
   356.0 0.1160839E-09
   357.0 0.1198713E-09
   358.0 0.1211278E-09
   359.0 0.1196753E-09
   360.0 0.1153822E-09
   361.0 0.1081672E-09
   362.0 0.9800447E-10
   363.0 0.8492582E-10
   364.0 0.6902180E-10
   365.0 0.5044324E-10
   366.0 0.2940014E-10
   367.0 0.6160199E-11
   368.0 -.1895443E-10
   369.0 -.4557127E-10
   370.0 -.7327277E-10
   371.0 -.1016030E-09
   372.0 -.1300754E-09
   373.0 -.1581808E-09
   374.0 -.1853964E-09
   375.0 -.2111971E-09
   376.0 -.2350639E-09
   377.0 -.2564961E-09
   378.0 -.2750216E-09
   379.0 -.2902060E-09
   380.0 -.3016649E-09
   381.0 -.3090725E-09
   382.0 -.3121693E-09
   383.0 -.3107733E-09
   384.0 -.3047826E-09
   385.0 -.2941824E-09
   386.0 -.2790498E-09
   387.0 -.2595544E-09
   388.0 -.2359584E-09
   389.0 -.2086168E-09
   390.0 -.1779719E-09
   391.0 -.1445498E-09
   392.0 -.1089518E-09
   393.0 -.7184629E-10
   394.0 -.3395781E-10
   395.0 0.3944726E-11
   396.0 0.4106194E-10
   397.0 0.7657841E-10
   398.0 0.1096780E-09
   399.0 0.1395604E-09
   400.0 0.1654567E-09
   401.0 0.1866474E-09
   402.0 0.2024766E-09
   403.0 0.2123685E-09
   404.0 0.2158417E-09
   405.0 0.2125225E-09
   406.0 0.2021567E-09
   407.0 0.1846180E-09
   408.0 0.1599170E-09
   409.0 0.1282054E-09
   410.0 0.8977951E-10
   411.0 0.4507907E-10
   412.0 -.5315835E-11
   413.0 -.6068952E-10
   414.0 -.1202003E-09
   415.0 -.1828914E-09
   416.0 -.2477063E-09
   417.0 -.3135035E-09
   418.0 -.3790767E-09
   419.0 -.4431764E-09
   420.0 -.5045309E-09
   421.0 -.5618689E-09
   422.0 -.6139503E-09
   423.0 -.6595829E-09
   424.0 -.6976526E-09
   425.0 -.7271484E-09
   426.0 -.7471830E-09
   427.0 -.7570151E-09
   428.0 -.7560707E-09
   429.0 -.7439592E-09
   430.0 -.7204911E-09
   431.0 -.6856846E-09
   432.0 -.6397759E-09
   433.0 -.5832237E-09
   434.0 -.5167078E-09
   435.0 -.4411224E-09
   436.0 -.3575748E-09
   437.0 -.2673625E-09
   438.0 -.1719642E-09
   439.0 -.7301315E-10
   440.0 0.2772494E-10
   441.0 0.1283807E-09
   442.0 0.2270133E-09
   443.0 0.3216443E-09
   444.0 0.4102920E-09
   445.0 0.4910109E-09
   446.0 0.5619288E-09
   447.0 0.6212840E-09
   448.0 0.6674641E-09
   449.0 0.6990400E-09
   450.0 0.7148026E-09
   451.0 0.7137915E-09
   452.0 0.6953257E-09
   453.0 0.6590225E-09
   454.0 0.6048205E-09
   455.0 0.5329924E-09
   456.0 0.4441532E-09
   457.0 0.3392611E-09
   458.0 0.2196170E-09
   459.0 0.8685110E-10
   460.0 -.5709209E-10
   461.0 -.2099762E-09
   462.0 -.3693017E-09
   463.0 -.5323413E-09
   464.0 -.6961778E-09
   465.0 -.8577488E-09
   466.0 -.1013897E-08
   467.0 -.1161418E-08
   468.0 -.1297121E-08
   469.0 -.1417879E-08
   470.0 -.1520681E-08
   471.0 -.1602707E-08
   472.0 -.1661361E-08
   473.0 -.1694339E-08
   474.0 -.1699663E-08
   475.0 -.1675750E-08
   476.0 -.1621429E-08
   477.0 -.1535989E-08
   478.0 -.1419200E-08
   479.0 -.1271333E-08
   480.0 -.1093177E-08
   481.0 -.8860390E-09
   482.0 -.6517370E-09
   483.0 -.3925905E-09
   484.0 -.1113931E-09
   485.0 0.1886137E-09
   486.0 0.5037848E-09
   487.0 0.8301185E-09
   488.0 0.1163308E-08
   489.0 0.1498806E-08
   490.0 0.1831893E-08
   491.0 0.2157744E-08
   492.0 0.2471501E-08
   493.0 0.2768373E-08
   494.0 0.3043666E-08
   495.0 0.3292927E-08
   496.0 0.3511955E-08
   497.0 0.3696918E-08
   498.0 0.3844404E-08
   499.0 0.3951477E-08
   500.0 0.4015777E-08
   501.0 0.4035497E-08
   502.0 0.4009483E-08
   503.0 0.3937242E-08
   504.0 0.3818957E-08
   505.0 0.3655503E-08
   506.0 0.3448455E-08
   507.0 0.3200058E-08
   508.0 0.2913205E-08
   509.0 0.2591409E-08
   510.0 0.2238754E-08
   511.0 0.1859835E-08
   512.0 0.1459698E-08
   513.0 0.1043759E-08
   514.0 0.6177340E-09
   515.0 0.1875373E-09
   516.0 -.2407919E-09
   517.0 -.6611996E-09
   518.0 -.1067700E-08
   519.0 -.1454481E-08
   520.0 -.1815990E-08
   521.0 -.2147025E-08
   522.0 -.2442825E-08
   523.0 -.2699146E-08
   524.0 -.2912317E-08
   525.0 -.3079341E-08
   526.0 -.3197893E-08
   527.0 -.3266401E-08
   528.0 -.3284075E-08
   529.0 -.3250879E-08
   530.0 -.3167578E-08
   531.0 -.3035727E-08
   532.0 -.2857611E-08
   533.0 -.2636245E-08
   534.0 -.2375323E-08
   535.0 -.2079132E-08
   536.0 -.1752510E-08
   537.0 -.1400759E-08
   538.0 -.1029558E-08
   539.0 -.6448722E-09
   540.0 -.2528511E-09
   541.0 0.1402660E-09
   542.0 0.5282587E-09
   543.0 0.9050200E-09
   544.0 0.1264663E-08
   545.0 0.1601611E-08
   546.0 0.1910693E-08
   547.0 0.2187219E-08
   548.0 0.2427071E-08
   549.0 0.2626741E-08
   550.0 0.2783418E-08
   551.0 0.2895004E-08
   552.0 0.2960152E-08
   553.0 0.2978296E-08
   554.0 0.2949631E-08
   555.0 0.2875113E-08
   556.0 0.2756453E-08
   557.0 0.2596048E-08
   558.0 0.2396965E-08
   559.0 0.2162861E-08
   560.0 0.1897927E-08
   561.0 0.1606803E-08
   562.0 0.1294495E-08
   563.0 0.9662845E-09
   564.0 0.6276423E-09
   565.0 0.2841153E-09
   566.0 -.5875711E-10
   567.0 -.3955452E-09
   568.0 -.7210195E-09
   569.0 -.1030242E-08
   570.0 -.1318649E-08
   571.0 -.1582120E-08
   572.0 -.1817054E-08
   573.0 -.2020416E-08
   574.0 -.2189783E-08
   575.0 -.2323384E-08
   576.0 -.2420112E-08
   577.0 -.2479541E-08
   578.0 -.2501903E-08
   579.0 -.2488091E-08
   580.0 -.2439635E-08
   581.0 -.2358631E-08
   582.0 -.2247714E-08
   583.0 -.2109992E-08
   584.0 -.1948979E-08
   585.0 -.1768518E-08
   586.0 -.1572701E-08
   587.0 -.1365779E-08
   588.0 -.1152088E-08
   589.0 -.9359484E-09
   590.0 -.7215960E-09
   591.0 -.5130790E-09
   592.0 -.3142029E-09
   593.0 -.1284413E-09
   594.0 0.4111700E-10
   595.0 0.1918275E-09
   596.0 0.3215345E-09
   597.0 0.4286060E-09
   598.0 0.5119583E-09
   599.0 0.5710650E-09
   600.0 0.6059609E-09
   601.0 0.6172286E-09
   602.0 0.6059718E-09
   603.0 0.5737920E-09
   604.0 0.5227335E-09
   605.0 0.4552369E-09
   606.0 0.3740760E-09
   607.0 0.2822918E-09
   608.0 0.1831178E-09
   609.0 0.7990333E-10
   610.0 -.2396221E-10
   611.0 -.1251329E-09
   612.0 -.2203779E-09
   613.0 -.3066645E-09
   614.0 -.3812203E-09
   615.0 -.4416054E-09
   616.0 -.4857639E-09
   617.0 -.5120754E-09
   618.0 -.5193953E-09
   619.0 -.5070790E-09
   620.0 -.4750053E-09
   621.0 -.4235790E-09
   622.0 -.3537260E-09
   623.0 -.2668781E-09
   624.0 -.1649416E-09
   625.0 -.5026201E-10
   626.0 0.7442763E-10
   627.0 0.2060636E-09
   628.0 0.3413172E-09
   629.0 0.4766657E-09
   630.0 0.6084734E-09
   631.0 0.7330677E-09
   632.0 0.8468219E-09
   633.0 0.9462435E-09
   634.0 0.1028045E-08
   635.0 0.1089228E-08
   636.0 0.1127154E-08
   637.0 0.1139611E-08
   638.0 0.1124867E-08
   639.0 0.1081722E-08
   640.0 0.1009546E-08
   641.0 0.9082992E-09
   642.0 0.7785568E-09
   643.0 0.6215068E-09
   644.0 0.4389369E-09
   645.0 0.2332142E-09
   646.0 0.7253420E-11
   647.0 -.2355346E-09
   648.0 -.4912941E-09
   649.0 -.7557956E-09
   650.0 -.1024511E-08
   651.0 -.1292690E-08
   652.0 -.1555456E-08
   653.0 -.1807887E-08
   654.0 -.2045123E-08
   655.0 -.2262444E-08
   656.0 -.2455373E-08
   657.0 -.2619765E-08
   658.0 -.2751877E-08
   659.0 -.2848459E-08
   660.0 -.2906826E-08
   661.0 -.2924897E-08
   662.0 -.2901252E-08
   663.0 -.2835182E-08
   664.0 -.2726692E-08
   665.0 -.2576522E-08
   666.0 -.2386140E-08
   667.0 -.2157726E-08
   668.0 -.1894150E-08
   669.0 -.1598914E-08
   670.0 -.1276109E-08
   671.0 -.9303540E-09
   672.0 -.5667042E-09
   673.0 -.1905885E-09
   674.0 0.1922960E-09
   675.0 0.5760712E-09
   676.0 0.9547829E-09
   677.0 0.1322494E-08
   678.0 0.1673390E-08
   679.0 0.2001872E-08
   680.0 0.2302664E-08
   681.0 0.2570885E-08
   682.0 0.2802143E-08
   683.0 0.2992608E-08
   684.0 0.3139073E-08
   685.0 0.3239012E-08
   686.0 0.3290617E-08
   687.0 0.3292823E-08
   688.0 0.3245348E-08
   689.0 0.3148670E-08
   690.0 0.3004029E-08
   691.0 0.2813425E-08
   692.0 0.2579532E-08
   693.0 0.2305712E-08
   694.0 0.1995935E-08
   695.0 0.1654688E-08
   696.0 0.1286953E-08
   697.0 0.8980852E-09
   698.0 0.4937410E-09
   699.0 0.7978751E-10
   700.0 -.3377886E-09
   701.0 -.7529821E-09
   702.0 -.1159847E-08
   703.0 -.1552612E-08
   704.0 -.1925745E-08
   705.0 -.2274046E-08
   706.0 -.2592728E-08
   707.0 -.2877467E-08
   708.0 -.3124496E-08
   709.0 -.3330614E-08
   710.0 -.3493262E-08
   711.0 -.3610544E-08
   712.0 -.3681232E-08
   713.0 -.3704809E-08
   714.0 -.3681434E-08
   715.0 -.3611953E-08
   716.0 -.3497869E-08
   717.0 -.3341308E-08
   718.0 -.3144988E-08
   719.0 -.2912173E-08
   720.0 -.2646607E-08
   721.0 -.2352455E-08
   722.0 -.2034249E-08
   723.0 -.1696804E-08
   724.0 -.1345150E-08
   725.0 -.9844597E-09
   726.0 -.6199680E-09
   727.0 -.2569038E-09
   728.0 0.9959127E-10
   729.0 0.4445304E-09
   730.0 0.7731455E-09
   731.0 0.1080955E-08
   732.0 0.1363816E-08
   733.0 0.1617987E-08
   734.0 0.1840158E-08
   735.0 0.2027495E-08
   736.0 0.2177672E-08
   737.0 0.2288900E-08
   738.0 0.2359925E-08
   739.0 0.2390056E-08
   740.0 0.2379146E-08
   741.0 0.2327602E-08
   742.0 0.2236352E-08
   743.0 0.2106839E-08
   744.0 0.1940984E-08
   745.0 0.1741160E-08
   746.0 0.1510133E-08
   747.0 0.1251049E-08
   748.0 0.9673612E-09
   749.0 0.6627843E-09
   750.0 0.3412613E-09
   751.0 0.6876884E-11
   752.0 -.3361714E-09
   753.0 -.6836415E-09
   754.0 -.1031295E-08
   755.0 -.1374955E-08
   756.0 -.1710557E-08
   757.0 -.2034191E-08
   758.0 -.2342149E-08
   759.0 -.2630971E-08
   760.0 -.2897472E-08
   761.0 -.3138786E-08
   762.0 -.3352387E-08
   763.0 -.3536114E-08
   764.0 -.3688178E-08
   765.0 -.3807201E-08
   766.0 -.3892185E-08
   767.0 -.3942561E-08
   768.0 -.3958150E-08
   769.0 -.3939163E-08
   770.0 -.3886217E-08
   771.0 -.3800291E-08
   772.0 -.3682726E-08
   773.0 -.3535195E-08
   774.0 -.3359691E-08
   775.0 -.3158492E-08
   776.0 -.2934140E-08
   777.0 -.2689421E-08
   778.0 -.2427311E-08
   779.0 -.2150979E-08
   780.0 -.1863728E-08
   781.0 -.1568985E-08
   782.0 -.1270255E-08
   783.0 -.9710986E-09
   784.0 -.6750933E-09
   785.0 -.3858088E-09
   786.0 -.1067708E-09
   787.0 0.1585715E-09
   788.0 0.4068842E-09
   789.0 0.6349558E-09
   790.0 0.8397649E-09
   791.0 0.1018507E-08
   792.0 0.1168593E-08
   793.0 0.1287741E-08
   794.0 0.1373962E-08
   795.0 0.1425633E-08
   796.0 0.1441495E-08
   797.0 0.1420716E-08
   798.0 0.1362921E-08
   799.0 0.1268194E-08
   800.0 0.1137156E-08
   801.0 0.9709368E-09
   802.0 0.7712375E-09
   803.0 0.5403298E-09
   804.0 0.2810559E-09
   805.0 -.3147058E-11
   806.0 -.3082626E-09
   807.0 -.6297177E-09
   808.0 -.9623869E-09
   809.0 -.1300645E-08
   810.0 -.1638396E-08
   811.0 -.1969148E-08
   812.0 -.2286064E-08
   813.0 -.2582048E-08
   814.0 -.2849842E-08
   815.0 -.3082132E-08
   816.0 -.3271637E-08
   817.0 -.3411270E-08
   818.0 -.3494217E-08
   819.0 -.3514117E-08
   820.0 -.3465173E-08
   821.0 -.3342312E-08
   822.0 -.3141292E-08
   823.0 -.2858874E-08
   824.0 -.2492915E-08
   825.0 -.2042516E-08
   826.0 -.1508086E-08
   827.0 -.8914731E-09
   828.0 -.1959968E-09
   829.0 0.5734831E-09
   830.0 0.1410563E-08
   831.0 0.2307279E-08
   832.0 0.3254171E-08
   833.0 0.4240313E-08
   834.0 0.5253436E-08
   835.0 0.6280037E-08
   836.0 0.7305541E-08
   837.0 0.8314475E-08
   838.0 0.9290708E-08
   839.0 0.1021767E-07
   840.0 0.1107862E-07
   841.0 0.1185687E-07
   842.0 0.1253622E-07
   843.0 0.1310106E-07
   844.0 0.1353692E-07
   845.0 0.1383054E-07
   846.0 0.1397028E-07
   847.0 0.1394643E-07
   848.0 0.1375142E-07
   849.0 0.1338004E-07
   850.0 0.1282978E-07
   851.0 0.1210082E-07
   852.0 0.1119621E-07
   853.0 0.1012207E-07
   854.0 0.8887455E-08
   855.0 0.7504420E-08
   856.0 0.5987930E-08
   857.0 0.4355707E-08
   858.0 0.2628054E-08
   859.0 0.8276005E-09
   860.0 -.1020994E-08
   861.0 -.2891381E-08
   862.0 -.4755916E-08
   863.0 -.6586063E-08
   864.0 -.8352927E-08
   865.0 -.1002762E-07
   866.0 -.1158187E-07
   867.0 -.1298843E-07
   868.0 -.1422169E-07
   869.0 -.1525797E-07
   870.0 -.1607629E-07
   871.0 -.1665841E-07
   872.0 -.1698968E-07
   873.0 -.1705892E-07
   874.0 -.1685902E-07
   875.0 -.1638709E-07
   876.0 -.1564456E-07
   877.0 -.1463720E-07
   878.0 -.1337540E-07
   879.0 -.1187369E-07
   880.0 -.1015086E-07
   881.0 -.8229661E-08
   882.0 -.6136422E-08
   883.0 -.3900733E-08
   884.0 -.1554928E-08
   885.0 0.8663261E-09
   886.0 0.3326708E-08
   887.0 0.5788759E-08
   888.0 0.8214564E-08
   889.0 0.1056637E-07
   890.0 0.1280724E-07
   891.0 0.1490169E-07
   892.0 0.1681639E-07
   893.0 0.1852063E-07
   894.0 0.1998698E-07
   895.0 0.2119180E-07
   896.0 0.2211556E-07
   897.0 0.2274327E-07
   898.0 0.2306489E-07
   899.0 0.2307524E-07
   900.0 0.2277441E-07
   901.0 0.2216759E-07
   902.0 0.2126493E-07
   903.0 0.2008167E-07
   904.0 0.1863756E-07
   905.0 0.1695657E-07
   906.0 0.1506667E-07
   907.0 0.1299911E-07
   908.0 0.1078792E-07
   909.0 0.8469303E-08
   910.0 0.6081087E-08
   911.0 0.3661882E-08
   912.0 0.1250505E-08
   913.0 -.1114724E-08
   914.0 -.3396689E-08
   915.0 -.5560085E-08
   916.0 -.7572027E-08
   917.0 -.9402652E-08
   918.0 -.1102555E-07
   919.0 -.1241819E-07
   920.0 -.1356239E-07
   921.0 -.1444436E-07
   922.0 -.1505507E-07
   923.0 -.1539022E-07
   924.0 -.1545025E-07
   925.0 -.1524027E-07
   926.0 -.1476992E-07
   927.0 -.1405292E-07
   928.0 -.1310694E-07
   929.0 -.1195298E-07
   930.0 -.1061510E-07
   931.0 -.9119777E-08
   932.0 -.7495370E-08
   933.0 -.5771602E-08
   934.0 -.3978901E-08
   935.0 -.2147842E-08
   936.0 -.3086093E-09
   937.0 0.1509604E-08
   938.0 0.3279094E-08
   939.0 0.4974080E-08
   940.0 0.6571136E-08
   941.0 0.8049543E-08
   942.0 0.9391582E-08
   943.0 0.1058267E-07
   944.0 0.1161159E-07
   945.0 0.1247052E-07
   946.0 0.1315493E-07
   947.0 0.1366365E-07
   948.0 0.1399858E-07
   949.0 0.1416452E-07
   950.0 0.1416900E-07
   951.0 0.1402171E-07
   952.0 0.1373443E-07
   953.0 0.1332057E-07
   954.0 0.1279456E-07
   955.0 0.1217181E-07
   956.0 0.1146804E-07
   957.0 0.1069893E-07
   958.0 0.9879951E-08
   959.0 0.9025733E-08
   960.0 0.8150066E-08
   961.0 0.7265438E-08
   962.0 0.6383003E-08
   963.0 0.5512259E-08
   964.0 0.4661135E-08
   965.0 0.3835865E-08
   966.0 0.3041020E-08
   967.0 0.2279568E-08
   968.0 0.1553057E-08
   969.0 0.8616863E-09
   970.0 0.2045620E-09
   971.0 -.4200879E-09
   972.0 -.1014682E-08
   973.0 -.1582033E-08
   974.0 -.2125077E-08
   975.0 -.2646661E-08
   976.0 -.3149218E-08
   977.0 -.3634690E-08
   978.0 -.4104233E-08
   979.0 -.4558126E-08
   980.0 -.4995674E-08
   981.0 -.5415112E-08
   982.0 -.5813646E-08
   983.0 -.6187452E-08
   984.0 -.6531804E-08
   985.0 -.6841181E-08
   986.0 -.7109434E-08
   987.0 -.7330051E-08
   988.0 -.7496348E-08
   989.0 -.7601808E-08
   990.0 -.7640275E-08
   991.0 -.7606327E-08
   992.0 -.7495537E-08
   993.0 -.7304721E-08
   994.0 -.7032251E-08
   995.0 -.6678211E-08
   996.0 -.6244649E-08
   997.0 -.5735636E-08
   998.0 -.5157430E-08
   999.0 -.4518396E-08
  1000.0 -.3829055E-08
  1001.0 -.3101904E-08
  1002.0 -.2351322E-08
  1003.0 -.1593230E-08
  1004.0 -.8448799E-09
  1005.0 -.1244675E-09
  1006.0 0.5492879E-09
  1007.0 0.1157530E-08
  1008.0 0.1681784E-08
  1009.0 0.2104403E-08
  1010.0 0.2409102E-08
  1011.0 0.2581377E-08
  1012.0 0.2609003E-08
  1013.0 0.2482478E-08
  1014.0 0.2195346E-08
  1015.0 0.1744583E-08
  1016.0 0.1130765E-08
  1017.0 0.3583043E-09
  1018.0 -.5644812E-09
  1019.0 -.1625441E-08
  1020.0 -.2808622E-08
  1021.0 -.4094544E-08
  1022.0 -.5460474E-08
  1023.0 -.6880850E-08
  1024.0 -.8327763E-08
  1025.0 -.9771554E-08
  1026.0 -.1118142E-07
  1027.0 -.1252616E-07
  1028.0 -.1377487E-07
  1029.0 -.1489773E-07
  1030.0 -.1586681E-07
  1031.0 -.1665680E-07
  1032.0 -.1724569E-07
  1033.0 -.1761557E-07
  1034.0 -.1775313E-07
  1035.0 -.1765017E-07
  1036.0 -.1730422E-07
  1037.0 -.1671861E-07
  1038.0 -.1590270E-07
  1039.0 -.1487202E-07
  1040.0 -.1364808E-07
  1041.0 -.1225807E-07
  1042.0 -.1073455E-07
  1043.0 -.9114840E-08
  1044.0 -.7440284E-08
  1045.0 -.5755551E-08
  1046.0 -.4107621E-08
  1047.0 -.2544750E-08
  1048.0 -.1115388E-08
  1049.0 0.1329108E-09
  1050.0 0.1154788E-08
  1051.0 0.1908152E-08
  1052.0 0.2355408E-08
  1053.0 0.2464505E-08
  1054.0 0.2209972E-08
  1055.0 0.1573815E-08
  1056.0 0.5463099E-09
  1057.0 -.8734405E-09
  1058.0 -.2676996E-08
  1059.0 -.4846419E-08
  1060.0 -.7354191E-08
  1061.0 -.1016345E-07
  1062.0 -.1322833E-07
  1063.0 -.1649467E-07
  1064.0 -.1990085E-07
  1065.0 -.2337878E-07
  1066.0 -.2685519E-07
  1067.0 -.3025310E-07
  1068.0 -.3349325E-07
  1069.0 -.3649585E-07
  1070.0 -.3918237E-07
  1071.0 -.4147720E-07
  1072.0 -.4330967E-07
  1073.0 -.4461550E-07
  1074.0 -.4533888E-07
  1075.0 -.4543372E-07
  1076.0 -.4486539E-07
  1077.0 -.4361167E-07
  1078.0 -.4166405E-07
  1079.0 -.3902823E-07
  1080.0 -.3572493E-07
  1081.0 -.3178979E-07
  1082.0 -.2727336E-07
  1083.0 -.2224071E-07
  1084.0 -.1677059E-07
  1085.0 -.1095435E-07
  1086.0 -.4894523E-08
  1087.0 0.1296889E-08
  1088.0 0.7500258E-08
  1089.0 0.1359067E-07
  1090.0 0.1944024E-07
  1091.0 0.2492064E-07
  1092.0 0.2990570E-07
  1093.0 0.3427424E-07
  1094.0 0.3791259E-07
  1095.0 0.4071720E-07
  1096.0 0.4259726E-07
  1097.0 0.4347701E-07
  1098.0 0.4329768E-07
  1099.0 0.4201946E-07
  1100.0 0.3962305E-07
  1101.0 0.3611052E-07
  1102.0 0.3150625E-07
  1103.0 0.2585725E-07
  1104.0 0.1923284E-07
  1105.0 0.1172418E-07
  1106.0 0.3443121E-08
  1107.0 -.5479232E-08
  1108.0 -.1489452E-07
  1109.0 -.2463947E-07
  1110.0 -.3453867E-07
  1111.0 -.4440738E-07
  1112.0 -.5405525E-07
  1113.0 -.6328931E-07
  1114.0 -.7191834E-07
  1115.0 -.7975546E-07
  1116.0 -.8662340E-07
  1117.0 -.9235671E-07
  1118.0 -.9680610E-07
  1119.0 -.9984149E-07
  1120.0 -.1013549E-06
  1121.0 -.1012632E-06
  1122.0 -.9950995E-07
  1123.0 -.9606779E-07
  1124.0 -.9093867E-07
  1125.0 -.8415516E-07
  1126.0 -.7578047E-07
  1127.0 -.6590731E-07
  1128.0 -.5465685E-07
  1129.0 -.4217763E-07
  1130.0 -.2864241E-07
  1131.0 -.1424557E-07
  1132.0 0.8002643E-09
  1133.0 0.1626783E-07
  1134.0 0.3191959E-07
  1135.0 0.4751216E-07
  1136.0 0.6280074E-07
  1137.0 0.7754413E-07
  1138.0 0.9150904E-07
  1139.0 0.1044749E-06
  1140.0 0.1162384E-06
  1141.0 0.1266178E-06
  1142.0 0.1354562E-06
  1143.0 0.1426257E-06
  1144.0 0.1480293E-06
  1145.0 0.1516033E-06
  1146.0 0.1533203E-06
  1147.0 0.1531872E-06
  1148.0 0.1512480E-06
  1149.0 0.1475817E-06
  1150.0 0.1423017E-06
  1151.0 0.1355529E-06
  1152.0 0.1275093E-06
  1153.0 0.1183711E-06
  1154.0 0.1083593E-06
  1155.0 0.9771200E-07
  1156.0 0.8667983E-07
  1157.0 0.7551949E-07
  1158.0 0.6448897E-07
  1159.0 0.5384118E-07
  1160.0 0.4381909E-07
  1161.0 0.3464970E-07
  1162.0 0.2653893E-07
  1163.0 0.1966629E-07
  1164.0 0.1418096E-07
  1165.0 0.1019761E-07
  1166.0 0.7793319E-08
  1167.0 0.7005317E-08
  1168.0 0.7829139E-08
  1169.0 0.1021814E-07
  1170.0 0.1408387E-07
  1171.0 0.1929683E-07
  1172.0 0.2568924E-07
  1173.0 0.3305761E-07
  1174.0 0.4116691E-07
  1175.0 0.4975515E-07
  1176.0 0.5853916E-07
  1177.0 0.6722028E-07
  1178.0 0.7549144E-07
  1179.0 0.8304391E-07
  1180.0 0.8957469E-07
  1181.0 0.9479373E-07
  1182.0 0.9843158E-07
  1183.0 0.1002464E-06
  1184.0 0.1000305E-06
  1185.0 0.9761663E-07
  1186.0 0.9288402E-07
  1187.0 0.8576229E-07
  1188.0 0.7623608E-07
  1189.0 0.6434753E-07
  1190.0 0.5019768E-07
  1191.0 0.3394716E-07
  1192.0 0.1581568E-07
  1193.0 -.3920842E-08
  1194.0 -.2493310E-07
  1195.0 -.4684281E-07
  1196.0 -.6922925E-07
  1197.0 -.9163541E-07
  1198.0 -.1135770E-06
  1199.0 -.1345498E-06
  1200.0 -.1540406E-06
  1201.0 -.1715365E-06
  1202.0 -.1865361E-06
  1203.0 -.1985599E-06
  1204.0 -.2071609E-06
  1205.0 -.2119355E-06
  1206.0 -.2125332E-06
  1207.0 -.2086665E-06
  1208.0 -.2001187E-06
  1209.0 -.1867529E-06
  1210.0 -.1685164E-06
  1211.0 -.1454472E-06
  1212.0 -.1176766E-06
  1213.0 -.8543154E-07
  1214.0 -.4903425E-07
  1215.0 -.8900541E-08
  1216.0 0.3446343E-07
  1217.0 0.8046673E-07
  1218.0 0.1284405E-06
  1219.0 0.1776467E-06
  1220.0 0.2272889E-06
  1221.0 0.2765225E-06
  1222.0 0.3244706E-06
  1223.0 0.3702339E-06
  1224.0 0.4129099E-06
  1225.0 0.4516050E-06
  1226.0 0.4854514E-06
  1227.0 0.5136242E-06
  1228.0 0.5353539E-06
  1229.0 0.5499455E-06
  1230.0 0.5567886E-06
  1231.0 0.5553746E-06
  1232.0 0.5453059E-06
  1233.0 0.5263069E-06
  1234.0 0.4982329E-06
  1235.0 0.4610765E-06
  1236.0 0.4149719E-06
  1237.0 0.3601987E-06
  1238.0 0.2971794E-06
  1239.0 0.2264784E-06
  1240.0 0.1487962E-06
  1241.0 0.6496348E-07
  1242.0 -.2407013E-07
  1243.0 -.1172465E-06
  1244.0 -.2134138E-06
  1245.0 -.3113410E-06
  1246.0 -.4097362E-06
  1247.0 -.5072650E-06
  1248.0 -.6025701E-06
  1249.0 -.6942902E-06
  1250.0 -.7810847E-06
  1251.0 -.8616498E-06
  1252.0 -.9347435E-06
  1253.0 -.9992028E-06
  1254.0 -.1053963E-05
  1255.0 -.1098079E-05
  1256.0 -.1130736E-05
  1257.0 -.1151271E-05
  1258.0 -.1159177E-05
  1259.0 -.1154121E-05
  1260.0 -.1135945E-05
  1261.0 -.1104675E-05
  1262.0 -.1060521E-05
  1263.0 -.1003875E-05
  1264.0 -.9353117E-06
  1265.0 -.8555768E-06
  1266.0 -.7655815E-06
  1267.0 -.6663869E-06
  1268.0 -.5591914E-06
  1269.0 -.4453178E-06
  1270.0 -.3261874E-06
  1271.0 -.2033042E-06
  1272.0 -.7823237E-07
  1273.0 0.4742700E-07
  1274.0 0.1720583E-06
  1275.0 0.2940571E-06
  1276.0 0.4118511E-06
  1277.0 0.5239271E-06
  1278.0 0.6288490E-06
  1279.0 0.7252839E-06
  1280.0 0.8120167E-06
  1281.0 0.8879734E-06
  1282.0 0.9522311E-06
  1283.0 0.1004037E-05
  1284.0 0.1042814E-05
  1285.0 0.1068175E-05
  1286.0 0.1079921E-05
  1287.0 0.1078045E-05
  1288.0 0.1062742E-05
  1289.0 0.1034383E-05
  1290.0 0.9935329E-06
  1291.0 0.9409222E-06
  1292.0 0.8774451E-06
  1293.0 0.8041417E-06
  1294.0 0.7221835E-06
  1295.0 0.6328490E-06
  1296.0 0.5375112E-06
  1297.0 0.4376138E-06
  1298.0 0.3346423E-06
  1299.0 0.2301100E-06
  1300.0 0.1255319E-06
  1301.0 0.2240066E-07
  1302.0 -.7783517E-07
  1303.0 -.1737919E-06
  1304.0 -.2641717E-06
  1305.0 -.3477792E-06
  1306.0 -.4235416E-06
  1307.0 -.4905193E-06
  1308.0 -.5479226E-06
  1309.0 -.5951169E-06
  1310.0 -.6316320E-06
  1311.0 -.6571703E-06
  1312.0 -.6716008E-06
  1313.0 -.6749662E-06
  1314.0 -.6674716E-06
  1315.0 -.6494862E-06
  1316.0 -.6215304E-06
  1317.0 -.5842641E-06
  1318.0 -.5384747E-06
  1319.0 -.4850631E-06
  1320.0 -.4250298E-06
  1321.0 -.3594517E-06
  1322.0 -.2894679E-06
  1323.0 -.2162581E-06
  1324.0 -.1410264E-06
  1325.0 -.6497891E-07
  1326.0 0.1069432E-07
  1327.0 0.8483709E-07
  1328.0 0.1563459E-06
  1329.0 0.2241843E-06
  1330.0 0.2873991E-06
  1331.0 0.3451335E-06
  1332.0 0.3966379E-06
  1333.0 0.4412791E-06
  1334.0 0.4785487E-06
  1335.0 0.5080646E-06
  1336.0 0.5295793E-06
  1337.0 0.5429765E-06
  1338.0 0.5482708E-06
  1339.0 0.5456012E-06
  1340.0 0.5352330E-06
  1341.0 0.5175378E-06
  1342.0 0.4930018E-06
  1343.0 0.4621940E-06
  1344.0 0.4257721E-06
  1345.0 0.3844612E-06
  1346.0 0.3390405E-06
  1347.0 0.2903313E-06
  1348.0 0.2391789E-06
  1349.0 0.1864421E-06
  1350.0 0.1329759E-06
  1351.0 0.7961845E-07
  1352.0 0.2717814E-07
  1353.0 -.2357892E-07
  1354.0 -.7194032E-07
  1355.0 -.1172574E-06
  1356.0 -.1589530E-06
  1357.0 -.1965306E-06
  1358.0 -.2295769E-06
  1359.0 -.2577682E-06
  1360.0 -.2808730E-06
  1361.0 -.2987482E-06
  1362.0 -.3113454E-06
  1363.0 -.3187022E-06
  1364.0 -.3209412E-06
  1365.0 -.3182643E-06
  1366.0 -.3109464E-06
  1367.0 -.2993272E-06
  1368.0 -.2838045E-06
  1369.0 -.2648235E-06
  1370.0 -.2428683E-06
  1371.0 -.2184512E-06
  1372.0 -.1921039E-06
  1373.0 -.1643668E-06
  1374.0 -.1357792E-06
  1375.0 -.1068703E-06
  1376.0 -.7814990E-07
  1377.0 -.5010103E-07
  1378.0 -.2317200E-07
  1379.0 0.2229951E-08
  1380.0 0.2574397E-07
  1381.0 0.4706000E-07
  1382.0 0.6592205E-07
  1383.0 0.8213056E-07
  1384.0 0.9554331E-07
  1385.0 0.1060758E-06
  1386.0 0.1136994E-06
  1387.0 0.1184405E-06
  1388.0 0.1203764E-06
  1389.0 0.1196318E-06
  1390.0 0.1163753E-06
  1391.0 0.1108135E-06
  1392.0 0.1031848E-06
  1393.0 0.9375501E-07
  1394.0 0.8280971E-07
  1395.0 0.7064862E-07
  1396.0 0.5757967E-07
  1397.0 0.4391228E-07
  1398.0 0.2995105E-07
  1399.0 0.1599156E-07
  1400.0 0.2313414E-08
  1401.0 -.1082251E-07
  1402.0 -.2317978E-07
  1403.0 -.3454860E-07
  1404.0 -.4474931E-07
  1405.0 -.5363389E-07
  1406.0 -.6108793E-07
  1407.0 -.6703072E-07
  1408.0 -.7141558E-07
  1409.0 -.7422859E-07
  1410.0 -.7548785E-07
  1411.0 -.7524127E-07
  1412.0 -.7356503E-07
  1413.0 -.7055898E-07
  1414.0 -.6634542E-07
  1415.0 -.6106453E-07
  1416.0 -.5487092E-07
  1417.0 -.4792999E-07
  1418.0 -.4041434E-07
  1419.0 -.3249967E-07
  1420.0 -.2436102E-07
  1421.0 -.1617014E-07
  1422.0 -.8091082E-08
  1423.0 -.2783195E-09
  1424.0 0.7126536E-08
  1425.0 0.1399648E-07
  1426.0 0.2022134E-07
  1427.0 0.2570875E-07
  1428.0 0.3038530E-07
  1429.0 0.3419726E-07
  1430.0 0.3711034E-07
  1431.0 0.3910960E-07
  1432.0 0.4019872E-07
  1433.0 0.4039918E-07
  1434.0 0.3974861E-07
  1435.0 0.3829964E-07
  1436.0 0.3611766E-07
  1437.0 0.3327922E-07
  1438.0 0.2986995E-07
  1439.0 0.2598196E-07
  1440.0 0.2171227E-07
  1441.0 0.1716037E-07
  1442.0 0.1242585E-07
  1443.0 0.7607073E-08
  1444.0 0.2798760E-08
  1445.0 -.1909461E-08
  1446.0 -.6434421E-08
  1447.0 -.1070085E-07
  1448.0 -.1464235E-07
  1449.0 -.1820196E-07
  1450.0 -.2133321E-07
  1451.0 -.2399969E-07
  1452.0 -.2617584E-07
  1453.0 -.2784638E-07
  1454.0 -.2900590E-07
  1455.0 -.2965871E-07
  1456.0 -.2981780E-07
  1457.0 -.2950416E-07
  1458.0 -.2874580E-07
  1459.0 -.2757665E-07
  1460.0 -.2603586E-07
  1461.0 -.2416622E-07
  1462.0 -.2201333E-07
  1463.0 -.1962472E-07
  1464.0 -.1704840E-07
  1465.0 -.1433228E-07
  1466.0 -.1152320E-07
  1467.0 -.8666136E-08
  1468.0 -.5803608E-08
  1469.0 -.2975072E-08
  1470.0 -.2165741E-09
  1471.0 0.2439529E-08
  1472.0 0.4964928E-08
  1473.0 0.7335204E-08
  1474.0 0.9529903E-08
  1475.0 0.1153250E-07
  1476.0 0.1333016E-07
  1477.0 0.1491338E-07
  1478.0 0.1627582E-07
  1479.0 0.1741393E-07
  1480.0 0.1832656E-07
  1481.0 0.1901466E-07
  1482.0 0.1948078E-07
  1483.0 0.1972893E-07
  1484.0 0.1976419E-07
  1485.0 0.1959240E-07
  1486.0 0.1921997E-07
  1487.0 0.1865370E-07
  1488.0 0.1790079E-07
  1489.0 0.1696853E-07
  1490.0 0.1586457E-07
  1491.0 0.1459665E-07
  1492.0 0.1317306E-07
  1493.0 0.1160238E-07
  1494.0 0.9893861E-08
  1495.0 0.8057526E-08
  1496.0 0.6104371E-08
  1497.0 0.4046416E-08
  1498.0 0.1897002E-08
  1499.0 -.3291225E-09
  1500.0 -.2615748E-08
  1501.0 -.4945058E-08
  1502.0 -.7297694E-08
  1503.0 -.9652702E-08
  1504.0 -.1198773E-07
  1505.0 -.1427910E-07
  1506.0 -.1650211E-07
  1507.0 -.1863119E-07
  1508.0 -.2064027E-07
  1509.0 -.2250323E-07
  1510.0 -.2419429E-07
  1511.0 -.2568838E-07
  1512.0 -.2696164E-07
  1513.0 -.2799200E-07
  1514.0 -.2875963E-07
  1515.0 -.2924730E-07
  1516.0 -.2944096E-07
  1517.0 -.2933017E-07
  1518.0 -.2890842E-07
  1519.0 -.2817339E-07
  1520.0 -.2712729E-07
  1521.0 -.2577695E-07
  1522.0 -.2413391E-07
  1523.0 -.2221458E-07
  1524.0 -.2003972E-07
  1525.0 -.1763472E-07
  1526.0 -.1502906E-07
  1527.0 -.1225586E-07
  1528.0 -.9351607E-08
  1529.0 -.6355515E-08
  1530.0 -.3308922E-08
  1531.0 -.2545898E-09
  1532.0 0.2763892E-08
  1533.0 0.5703004E-08
  1534.0 0.8519927E-08
  1535.0 0.1117337E-07
  1536.0 0.1362429E-07
  1537.0 0.1583658E-07
  1538.0 0.1777782E-07
  1539.0 0.1941976E-07
  1540.0 0.2073903E-07
  1541.0 0.2171736E-07
  1542.0 0.2234225E-07
  1543.0 0.2260691E-07
  1544.0 0.2251058E-07
  1545.0 0.2205861E-07
  1546.0 0.2126224E-07
  1547.0 0.2013859E-07
  1548.0 0.1871018E-07
  1549.0 0.1700465E-07
  1550.0 0.1505423E-07
  1551.0 0.1289519E-07
  1552.0 0.1056708E-07
  1553.0 0.8112157E-08
  1554.0 0.5574433E-08
  1555.0 0.2999050E-08
  1556.0 0.4313425E-09
  1557.0 -.2083925E-08
  1558.0 -.4503432E-08
  1559.0 -.6785986E-08
  1560.0 -.8893347E-08
  1561.0 -.1079084E-07
  1562.0 -.1244797E-07
  1563.0 -.1383894E-07
  1564.0 -.1494306E-07
  1565.0 -.1574507E-07
  1566.0 -.1623539E-07
  1567.0 -.1641010E-07
  1568.0 -.1627122E-07
  1569.0 -.1582612E-07
  1570.0 -.1508776E-07
  1571.0 -.1407412E-07
  1572.0 -.1280786E-07
  1573.0 -.1131573E-07
  1574.0 -.9628137E-08
  1575.0 -.7778438E-08
  1576.0 -.5802222E-08
  1577.0 -.3736661E-08
  1578.0 -.1619779E-08
  1579.0 0.5103321E-09
  1580.0 0.2616152E-08
  1581.0 0.4661517E-08
  1582.0 0.6612215E-08
  1583.0 0.8436598E-08
  1584.0 0.1010611E-07
  1585.0 0.1159584E-07
  1586.0 0.1288480E-07
  1587.0 0.1395621E-07
  1588.0 0.1479789E-07
  1589.0 0.1540221E-07
  1590.0 0.1576616E-07
  1591.0 0.1589124E-07
  1592.0 0.1578337E-07
  1593.0 0.1545276E-07
  1594.0 0.1491325E-07
  1595.0 0.1418229E-07
  1596.0 0.1328034E-07
  1597.0 0.1223031E-07
  1598.0 0.1105718E-07
  1599.0 0.9787377E-08
  1600.0 0.8448199E-08
  1601.0 0.7067296E-08
  1602.0 0.5672045E-08
  1603.0 0.4289110E-08
  1604.0 0.2943865E-08
  1605.0 0.1659956E-08
  1606.0 0.4589248E-09
  1607.0 -.6401819E-09
  1608.0 -.1621088E-08
  1609.0 -.2470489E-08
  1610.0 -.3178231E-08
  1611.0 -.3737400E-08
  1612.0 -.4144273E-08
  1613.0 -.4398338E-08
  1614.0 -.4502132E-08
  1615.0 -.4461056E-08
  1616.0 -.4283174E-08
  1617.0 -.3978896E-08
  1618.0 -.3560692E-08
  1619.0 -.3042706E-08
  1620.0 -.2440418E-08
  1621.0 -.1770257E-08
  1622.0 -.1049183E-08
  1623.0 -.2943365E-09
  1624.0 0.4773523E-09
  1625.0 0.1249495E-08
  1626.0 0.2006589E-08
  1627.0 0.2734272E-08
  1628.0 0.3419621E-08
  1629.0 0.4051299E-08
  1630.0 0.4619744E-08
  1631.0 0.5117293E-08
  1632.0 0.5538213E-08
  1633.0 0.5878740E-08
  1634.0 0.6137060E-08
  1635.0 0.6313169E-08
  1636.0 0.6408837E-08
  1637.0 0.6427417E-08
  1638.0 0.6373705E-08
  1639.0 0.6253641E-08
  1640.0 0.6074240E-08
  1641.0 0.5843192E-08
  1642.0 0.5568759E-08
  1643.0 0.5259456E-08
  1644.0 0.4923859E-08
  1645.0 0.4570360E-08
  1646.0 0.4206976E-08
  1647.0 0.3841204E-08
  1648.0 0.3479797E-08
  1649.0 0.3128690E-08
  1650.0 0.2792889E-08
  1651.0 0.2476414E-08
  1652.0 0.2182254E-08
  1653.0 0.1912390E-08
  1654.0 0.1667816E-08
  1655.0 0.1448569E-08
  1656.0 0.1253861E-08
  1657.0 0.1082170E-08
  1658.0 0.9313306E-09
  1659.0 0.7987178E-09
  1660.0 0.6813655E-09
  1661.0 0.5761238E-09
  1662.0 0.4798024E-09
  1663.0 0.3893222E-09
  1664.0 0.3018660E-09
  1665.0 0.2149466E-09
  1666.0 0.1265900E-09
  1667.0 0.3535007E-10
  1668.0 -.5958198E-10
  1669.0 -.1583734E-09
  1670.0 -.2605049E-09
  1671.0 -.3647749E-09
  1672.0 -.4693967E-09
  1673.0 -.5719657E-09
  1674.0 -.6696148E-09
  1675.0 -.7590682E-09
  1676.0 -.8367695E-09
  1677.0 -.8990050E-09
  1678.0 -.9420422E-09
  1679.0 -.9622669E-09
  1680.0 -.9563315E-09
  1681.0 -.9212688E-09
  1682.0 -.8546392E-09
  1683.0 -.7546516E-09
  1684.0 -.6202391E-09
  1685.0 -.4511780E-09
  1686.0 -.2481136E-09
  1687.0 -.1262068E-10
  1688.0 0.2527869E-09
  1689.0 0.5446722E-09
  1690.0 0.8587080E-09
  1691.0 0.1189748E-08
  1692.0 0.1531908E-08
  1693.0 0.1878676E-08
  1694.0 0.2223046E-08
  1695.0 0.2557660E-08
  1696.0 0.2874981E-08
  1697.0 0.3167446E-08
  1698.0 0.3427643E-08
  1699.0 0.3648514E-08
  1700.0 0.3823498E-08
  1701.0 0.3946721E-08
  1702.0 0.4013119E-08
  1703.0 0.4018622E-08
  1704.0 0.3960259E-08
  1705.0 0.3836216E-08
  1706.0 0.3645964E-08
  1707.0 0.3390291E-08
  1708.0 0.3071286E-08
  1709.0 0.2692374E-08
  1710.0 0.2258237E-08
  1711.0 0.1774752E-08
  1712.0 0.1248909E-08
  1713.0 0.6886601E-09
  1714.0 0.1027810E-09
  1715.0 -.4992841E-09
  1716.0 -.1107636E-08
  1717.0 -.1712094E-08
  1718.0 -.2302416E-08
  1719.0 -.2868498E-08
  1720.0 -.3400601E-08
  1721.0 -.3889520E-08
  1722.0 -.4326835E-08
  1723.0 -.4705032E-08
  1724.0 -.5017686E-08
  1725.0 -.5259606E-08
  1726.0 -.5426933E-08
  1727.0 -.5517252E-08
  1728.0 -.5529622E-08
  1729.0 -.5464590E-08
  1730.0 -.5324211E-08
  1731.0 -.5112022E-08
  1732.0 -.4832911E-08
  1733.0 -.4493083E-08
  1734.0 -.4099880E-08
  1735.0 -.3661686E-08
  1736.0 -.3187714E-08
  1737.0 -.2687814E-08
  1738.0 -.2172309E-08
  1739.0 -.1651748E-08
  1740.0 -.1136698E-08
  1741.0 -.6375494E-09
  1742.0 -.1642685E-09
  1743.0 0.2737616E-09
  1744.0 0.6679635E-09
  1745.0 0.1010712E-08
  1746.0 0.1295496E-08
  1747.0 0.1517031E-08
  1748.0 0.1671368E-08
  1749.0 0.1755946E-08
  1750.0 0.1769654E-08
  1751.0 0.1712822E-08
  1752.0 0.1587202E-08
  1753.0 0.1395923E-08
  1754.0 0.1143403E-08
  1755.0 0.8352501E-09
  1756.0 0.4781316E-09
  1757.0 0.7961963E-10
  1758.0 -.3519665E-09
  1759.0 -.8077469E-09
  1760.0 -.1278478E-08
  1761.0 -.1754725E-08
  1762.0 -.2227075E-08
  1763.0 -.2686329E-08
  1764.0 -.3123680E-08
  1765.0 -.3530880E-08
  1766.0 -.3900420E-08
  1767.0 -.4225637E-08
  1768.0 -.4500864E-08
  1769.0 -.4721505E-08
  1770.0 -.4884127E-08
  1771.0 -.4986473E-08
  1772.0 -.5027514E-08
  1773.0 -.5007419E-08
  1774.0 -.4927539E-08
  1775.0 -.4790338E-08
  1776.0 -.4599322E-08
  1777.0 -.4358919E-08
  1778.0 -.4074383E-08
  1779.0 -.3751677E-08
  1780.0 -.3397282E-08
  1781.0 -.3018067E-08
  1782.0 -.2621161E-08
  1783.0 -.2213764E-08
  1784.0 -.1802988E-08
  1785.0 -.1395746E-08
  1786.0 -.9985787E-09
  1787.0 -.6175625E-09
  1788.0 -.2581600E-09
  1789.0 0.7483082E-10
  1790.0 0.3773849E-09
  1791.0 0.6462812E-09
  1792.0 0.8791484E-09
  1793.0 0.1074464E-08
  1794.0 0.1231564E-08
  1795.0 0.1350595E-08
  1796.0 0.1432481E-08
  1797.0 0.1478857E-08
  1798.0 0.1491970E-08
  1799.0 0.1474628E-08
  1800.0 0.1430058E-08
  1801.0 0.1361823E-08
  1802.0 0.1273699E-08
  1803.0 0.1169565E-08
  1804.0 0.1053289E-08
  1805.0 0.9286346E-09
  1806.0 0.7991368E-09
  1807.0 0.6680320E-09
  1808.0 0.5381888E-09
  1809.0 0.4120207E-09
  1810.0 0.2914493E-09
  1811.0 0.1778858E-09
  1812.0 0.7219442E-10
  1813.0 -.2528621E-10
  1814.0 -.1147424E-09
  1815.0 -.1968298E-09
  1816.0 -.2726357E-09
  1817.0 -.3436282E-09
  1818.0 -.4115569E-09
  1819.0 -.4783871E-09
  1820.0 -.5462140E-09
  1821.0 -.6171527E-09
  1822.0 -.6932587E-09
  1823.0 -.7764346E-09
  1824.0 -.8683314E-09
  1825.0 -.9702718E-09
  1826.0 -.1083181E-08
  1827.0 -.1207520E-08
  1828.0 -.1343230E-08
  1829.0 -.1489718E-08
  1830.0 -.1645808E-08
  1831.0 -.1809773E-08
  1832.0 -.1979323E-08
  1833.0 -.2151642E-08
  1834.0 -.2323452E-08
  1835.0 -.2491050E-08
  1836.0 -.2650406E-08
  1837.0 -.2797237E-08
  1838.0 -.2927123E-08
  1839.0 -.3035593E-08
  1840.0 -.3118258E-08
  1841.0 -.3170906E-08
  1842.0 -.3189649E-08
  1843.0 -.3170991E-08
  1844.0 -.3111974E-08
  1845.0 -.3010254E-08
  1846.0 -.2864190E-08
  1847.0 -.2672935E-08
  1848.0 -.2436464E-08
  1849.0 -.2155643E-08
  1850.0 -.1832237E-08
  1851.0 -.1468921E-08
  1852.0 -.1069254E-08
  1853.0 -.6376550E-09
  1854.0 -.1793368E-09
  1855.0 0.2997625E-09
  1856.0 0.7930751E-09
  1857.0 0.1293506E-08
  1858.0 0.1793561E-08
  1859.0 0.2285472E-08
  1860.0 0.2761348E-08
  1861.0 0.3213311E-08
  1862.0 0.3633655E-08
  1863.0 0.4014992E-08
  1864.0 0.4350396E-08
  1865.0 0.4633561E-08
  1866.0 0.4858900E-08
  1867.0 0.5021696E-08
  1868.0 0.5118180E-08
  1869.0 0.5145634E-08
  1870.0 0.5102480E-08
  1871.0 0.4988258E-08
  1872.0 0.4803720E-08
  1873.0 0.4550836E-08
  1874.0 0.4232705E-08
  1875.0 0.3853596E-08
  1876.0 0.3418835E-08
  1877.0 0.2934736E-08
  1878.0 0.2408507E-08
  1879.0 0.1848113E-08
  1880.0 0.1262165E-08
  1881.0 0.6597538E-09
  1882.0 0.5030389E-10
  1883.0 -.5565945E-09
  1884.0 -.1151347E-08
  1885.0 -.1724520E-08
  1886.0 -.2267008E-08
  1887.0 -.2770198E-08
  1888.0 -.3226094E-08
  1889.0 -.3627483E-08
  1890.0 -.3968040E-08
  1891.0 -.4242446E-08
  1892.0 -.4446448E-08
  1893.0 -.4576977E-08
  1894.0 -.4632146E-08
  1895.0 -.4611318E-08
  1896.0 -.4515051E-08
  1897.0 -.4345149E-08
  1898.0 -.4104576E-08
  1899.0 -.3797411E-08
  1900.0 -.3428774E-08
  1901.0 -.3004710E-08
  1902.0 -.2532099E-08
  1903.0 -.2018520E-08
  1904.0 -.1472115E-08
  1905.0 -.9014526E-09
  1906.0 -.3153672E-09
  1907.0 0.2771790E-09
  1908.0 0.8672551E-09
  1909.0 0.1446114E-08
  1910.0 0.2005318E-08
  1911.0 0.2536893E-08
  1912.0 0.3033440E-08
  1913.0 0.3488248E-08
  1914.0 0.3895388E-08
  1915.0 0.4249816E-08
  1916.0 0.4547390E-08
  1917.0 0.4784981E-08
  1918.0 0.4960441E-08
  1919.0 0.5072649E-08
  1920.0 0.5121496E-08
  1921.0 0.5107870E-08
  1922.0 0.5033593E-08
  1923.0 0.4901383E-08
  1924.0 0.4714778E-08
  1925.0 0.4478059E-08
  1926.0 0.4196164E-08
  1927.0 0.3874555E-08
  1928.0 0.3519171E-08
  1929.0 0.3136255E-08
  1930.0 0.2732283E-08
  1931.0 0.2313831E-08
  1932.0 0.1887484E-08
  1933.0 0.1459706E-08
  1934.0 0.1036755E-08
  1935.0 0.6245882E-09
  1936.0 0.2287699E-09
  1937.0 -.1455968E-09
  1938.0 -.4939392E-09
  1939.0 -.8122612E-09
  1940.0 -.1097194E-08
  1941.0 -.1346015E-08
  1942.0 -.1556671E-08
  1943.0 -.1727786E-08
  1944.0 -.1858637E-08
  1945.0 -.1949174E-08
  1946.0 -.1999927E-08
  1947.0 -.2012066E-08
  1948.0 -.1987257E-08
  1949.0 -.1927675E-08
  1950.0 -.1835934E-08
  1951.0 -.1715014E-08
  1952.0 -.1568204E-08
  1953.0 -.1399040E-08
  1954.0 -.1211229E-08
  1955.0 -.1008610E-08
  1956.0 -.7950490E-09
  1957.0 -.5744122E-09
  1958.0 -.3504903E-09
  1959.0 -.1269556E-09
  1960.0 0.9269435E-10
  1961.0 0.3051744E-09
  1962.0 0.5074585E-09
  1963.0 0.6967979E-09
  1964.0 0.8707582E-09
  1965.0 0.1027236E-08
  1966.0 0.1164468E-08
  1967.0 0.1281048E-08
  1968.0 0.1375926E-08
  1969.0 0.1448400E-08
  1970.0 0.1498119E-08
  1971.0 0.1525070E-08
  1972.0 0.1529563E-08
  1973.0 0.1512205E-08
  1974.0 0.1473893E-08
  1975.0 0.1415787E-08
  1976.0 0.1339279E-08
  1977.0 0.1245973E-08
  1978.0 0.1137659E-08
  1979.0 0.1016283E-08
  1980.0 0.8839166E-09
  1981.0 0.7427289E-09
  1982.0 0.5949674E-09
  1983.0 0.4429154E-09
  1984.0 0.2888751E-09
  1985.0 0.1351362E-09
  1986.0 -.1604862E-10
  1987.0 -.1624931E-09
  1988.0 -.3020947E-09
  1989.0 -.4328666E-09
  1990.0 -.5529556E-09
  1991.0 -.6606654E-09
  1992.0 -.7544730E-09
  1993.0 -.8330541E-09
  1994.0 -.8952896E-09
  1995.0 -.9402938E-09
  1996.0 -.9674183E-09
  1997.0 -.9762581E-09
  1998.0 -.9666797E-09
  1999.0 -.9388011E-09
  2000.0 -.8930170E-09
  2001.0 -.8299838E-09
  2002.0 -.7506211E-09
  2003.0 -.6561064E-09
  2004.0 -.5478620E-09
  2005.0 -.4275412E-09
  2006.0 -.2970144E-09
  2007.0 -.1583396E-09
  2008.0 -.1374458E-10
  2009.0 0.1344032E-09
  2010.0 0.2836269E-09
  2011.0 0.4313815E-09
  2012.0 0.5750761E-09
  2013.0 0.7121267E-09
  2014.0 0.8399901E-09
  2015.0 0.9561991E-09
  2016.0 0.1058416E-08
  2017.0 0.1144457E-08
  2018.0 0.1212346E-08
  2019.0 0.1260344E-08
  2020.0 0.1286983E-08
  2021.0 0.1291104E-08
  2022.0 0.1271872E-08
  2023.0 0.1228814E-08
  2024.0 0.1161822E-08
  2025.0 0.1071175E-08
  2026.0 0.9575397E-09
  2027.0 0.8219688E-09
  2028.0 0.6658976E-09
  2029.0 0.4911266E-09
  2030.0 0.2998007E-09
  2031.0 0.9438248E-10
  2032.0 -.1223798E-09
  2033.0 -.3474922E-09
  2034.0 -.5777605E-09
  2035.0 -.8098346E-09
  2036.0 -.1040269E-08
  2037.0 -.1265568E-08
  2038.0 -.1482250E-08
  2039.0 -.1686903E-08
  2040.0 -.1876236E-08
  2041.0 -.2047154E-08
  2042.0 -.2196791E-08
  2043.0 -.2322569E-08
  2044.0 -.2422245E-08
  2045.0 -.2493960E-08
  2046.0 -.2536255E-08
  2047.0 -.2548119E-08
  2048.0 -.2529003E-08
  2049.0 -.2478827E-08
  2050.0 -.2397994E-08
  2051.0 -.2287383E-08
  2052.0 -.2148335E-08
  2053.0 -.1982643E-08
  2054.0 -.1792509E-08
  2055.0 -.1580519E-08
  2056.0 -.1349602E-08
  2057.0 -.1102976E-08
  2058.0 -.8440962E-09
  2059.0 -.5766048E-09
  2060.0 -.3042585E-09
  2061.0 -.3087587E-10
  2062.0 0.2397312E-09
  2063.0 0.5038200E-09
  2064.0 0.7577749E-09
  2065.0 0.9981728E-09
  2066.0 0.1221830E-08
  2067.0 0.1425858E-08
  2068.0 0.1607710E-08
  2069.0 0.1765210E-08
  2070.0 0.1896589E-08
  2071.0 0.2000515E-08
  2072.0 0.2076088E-08
  2073.0 0.2122872E-08
  2074.0 0.2140871E-08
  2075.0 0.2130531E-08
  2076.0 0.2092717E-08
  2077.0 0.2028697E-08
  2078.0 0.1940089E-08
  2079.0 0.1828846E-08
  2080.0 0.1697203E-08
  2081.0 0.1547627E-08
  2082.0 0.1382759E-08
  2083.0 0.1205387E-08
  2084.0 0.1018359E-08
  2085.0 0.8245535E-09
  2086.0 0.6268117E-09
  2087.0 0.4278977E-09
  2088.0 0.2304468E-09
  2089.0 0.3692335E-10
  2090.0 -.1504204E-09
  2091.0 -.3295683E-09
  2092.0 -.4987741E-09
  2093.0 -.6565750E-09
  2094.0 -.8018046E-09
  2095.0 -.9335972E-09
  2096.0 -.1051390E-08
  2097.0 -.1154907E-08
  2098.0 -.1244150E-08
  2099.0 -.1319370E-08
  2100.0 -.1381049E-08
  2101.0 -.1429864E-08
  2102.0 -.1466659E-08
  2103.0 -.1492388E-08
  2104.0 -.1508110E-08
  2105.0 -.1514916E-08
  2106.0 -.1513913E-08
  2107.0 -.1506175E-08
  2108.0 -.1492710E-08
  2109.0 -.1474430E-08
  2110.0 -.1452121E-08
  2111.0 -.1426425E-08
  2112.0 -.1397810E-08
  2113.0 -.1366572E-08
  2114.0 -.1332819E-08
  2115.0 -.1296478E-08
  2116.0 -.1257297E-08
  2117.0 -.1214859E-08
  2118.0 -.1168595E-08
  2119.0 -.1117820E-08
  2120.0 -.1061752E-08
  2121.0 -.9995423E-09
  2122.0 -.9303125E-09
  2123.0 -.8531992E-09
  2124.0 -.7673850E-09
  2125.0 -.6721365E-09
  2126.0 -.5668482E-09
  2127.0 -.4510739E-09
  2128.0 -.3245638E-09
  2129.0 -.1872915E-09
  2130.0 -.3948164E-10
  2131.0 0.1183736E-09
  2132.0 0.2854985E-09
  2133.0 0.4608259E-09
  2134.0 0.6430005E-09
  2135.0 0.8303834E-09
  2136.0 0.1021065E-08
  2137.0 0.1212892E-08
  2138.0 0.1403488E-08
  2139.0 0.1590295E-08
  2140.0 0.1770611E-08
  2141.0 0.1941632E-08
  2142.0 0.2100515E-08
  2143.0 0.2244410E-08
  2144.0 0.2370531E-08
  2145.0 0.2476225E-08
  2146.0 0.2558985E-08
  2147.0 0.2616549E-08
  2148.0 0.2646936E-08
  2149.0 0.2648488E-08
  2150.0 0.2619925E-08
  2151.0 0.2560379E-08
  2152.0 0.2469435E-08
  2153.0 0.2347130E-08
  2154.0 0.2193998E-08
  2155.0 0.2011059E-08
  2156.0 0.1799831E-08
  2157.0 0.1562302E-08
  2158.0 0.1300925E-08
  2159.0 0.1018585E-08
  2160.0 0.7185597E-09
  2161.0 0.4044725E-09
  2162.0 0.8024364E-10
  2163.0 -.2499683E-09
  2164.0 -.5818357E-09
  2165.0 -.9109261E-09
  2166.0 -.1232774E-08
  2167.0 -.1542957E-08
  2168.0 -.1837165E-08
  2169.0 -.2111278E-08
  2170.0 -.2361431E-08
  2171.0 -.2584081E-08
  2172.0 -.2776072E-08
  2173.0 -.2934688E-08
  2174.0 -.3057699E-08
  2175.0 -.3143401E-08
  2176.0 -.3190655E-08
  2177.0 -.3198888E-08
  2178.0 -.3168131E-08
  2179.0 -.3098994E-08
  2180.0 -.2992677E-08
  2181.0 -.2850938E-08
  2182.0 -.2676062E-08
  2183.0 -.2470835E-08
  2184.0 -.2238479E-08
  2185.0 -.1982615E-08
  2186.0 -.1707186E-08
  2187.0 -.1416400E-08
  2188.0 -.1114643E-08
  2189.0 -.8064222E-09
  2190.0 -.4962776E-09
  2191.0 -.1887066E-09
  2192.0 0.1119086E-09
  2193.0 0.4013771E-09
  2194.0 0.6757671E-09
  2195.0 0.9314721E-09
  2196.0 0.1165264E-08
  2197.0 0.1374354E-08
  2198.0 0.1556416E-08
  2199.0 0.1709635E-08
  2200.0 0.1832731E-08
  2201.0 0.1924960E-08
  2202.0 0.1986127E-08
  2203.0 0.2016574E-08
  2204.0 0.2017168E-08
  2205.0 0.1989259E-08
  2206.0 0.1934673E-08
  2207.0 0.1855642E-08
  2208.0 0.1754764E-08
  2209.0 0.1634937E-08
  2210.0 0.1499312E-08
  2211.0 0.1351212E-08
  2212.0 0.1194069E-08
  2213.0 0.1031352E-08
  2214.0 0.8664993E-09
  2215.0 0.7028512E-09
  2216.0 0.5435739E-09
  2217.0 0.3916196E-09
  2218.0 0.2496508E-09
  2219.0 0.1199990E-09
  2220.0 0.4625555E-11
  2221.0 -.9491451E-10
  2222.0 -.1774972E-09
  2223.0 -.2424435E-09
  2224.0 -.2895243E-09
  2225.0 -.3189594E-09
  2226.0 -.3314002E-09
  2227.0 -.3279072E-09
  2228.0 -.3099219E-09
  2229.0 -.2792261E-09
  2230.0 -.2378899E-09
  2231.0 -.1882276E-09
  2232.0 -.1327341E-09
  2233.0 -.7402665E-10
  2234.0 -.1477642E-10
  2235.0 0.4235163E-10
  2236.0 0.9476571E-10
  2237.0 0.1400130E-09
  2238.0 0.1758339E-09
  2239.0 0.2002252E-09
  2240.0 0.2114848E-09
  2241.0 0.2082605E-09
  2242.0 0.1895814E-09
  2243.0 0.1548902E-09
  2244.0 0.1040606E-09
  2245.0 0.3740585E-10
  2246.0 -.4431865E-10
  2247.0 -.1399286E-09
  2248.0 -.2478282E-09
  2249.0 -.3660423E-09
  2250.0 -.4922493E-09
  2251.0 -.6238326E-09
  2252.0 -.7579323E-09
  2253.0 -.8915020E-09
  2254.0 -.1021381E-08
  2255.0 -.1144356E-08
  2256.0 -.1257228E-08
  2257.0 -.1356900E-08
  2258.0 -.1440432E-08
  2259.0 -.1505116E-08
  2260.0 -.1548545E-08
  2261.0 -.1568666E-08
  2262.0 -.1563842E-08
  2263.0 -.1532891E-08
  2264.0 -.1475131E-08
  2265.0 -.1390403E-08
  2266.0 -.1279091E-08
  2267.0 -.1142127E-08
  2268.0 -.9809977E-09
  2269.0 -.7977093E-09
  2270.0 -.5947768E-09
  2271.0 -.3751833E-09
  2272.0 -.1423288E-09
  2273.0 0.1000251E-09
  2274.0 0.3478206E-09
  2275.0 0.5967783E-09
  2276.0 0.8424744E-09
  2277.0 0.1080426E-08
  2278.0 0.1306177E-08
  2279.0 0.1515387E-08
  2280.0 0.1703917E-08
  2281.0 0.1867915E-08
  2282.0 0.2003902E-08
  2283.0 0.2108833E-08
  2284.0 0.2180186E-08
  2285.0 0.2216006E-08
  2286.0 0.2214952E-08
  2287.0 0.2176358E-08
  2288.0 0.2100227E-08
  2289.0 0.1987271E-08
  2290.0 0.1838885E-08
  2291.0 0.1657163E-08
  2292.0 0.1444836E-08
  2293.0 0.1205265E-08
  2294.0 0.9423534E-09
  2295.0 0.6605096E-09
  2296.0 0.3645504E-09
  2297.0 0.5962414E-10
  2298.0 -.2488841E-09
  2299.0 -.5554582E-09
  2300.0 -.8545528E-09
  2301.0 -.1140697E-08
  2302.0 -.1408608E-08
  2303.0 -.1653298E-08
  2304.0 -.1870164E-08
  2305.0 -.2055105E-08
  2306.0 -.2204588E-08
  2307.0 -.2315728E-08
  2308.0 -.2386386E-08
  2309.0 -.2415173E-08
  2310.0 -.2401528E-08
  2311.0 -.2345709E-08
  2312.0 -.2248842E-08
  2313.0 -.2112863E-08
  2314.0 -.1940529E-08
  2315.0 -.1735355E-08
  2316.0 -.1501560E-08
  2317.0 -.1243997E-08
  2318.0 -.9680535E-09
  2319.0 -.6795629E-09
  2320.0 -.3846840E-09
  2321.0 -.8978508E-10
  2322.0 0.1986854E-09
  2323.0 0.4743268E-09
  2324.0 0.7309275E-09
  2325.0 0.9625865E-09
  2326.0 0.1163850E-08
  2327.0 0.1329826E-08
  2328.0 0.1456312E-08
  2329.0 0.1539882E-08
  2330.0 0.1577981E-08
  2331.0 0.1569007E-08
  2332.0 0.1512356E-08
  2333.0 0.1408467E-08
  2334.0 0.1258839E-08
  2335.0 0.1066027E-08
  2336.0 0.8336215E-09
  2337.0 0.5662024E-09
  2338.0 0.2692714E-09
  2339.0 -.5082974E-10
  2340.0 -.3870229E-09
  2341.0 -.7316150E-09
  2342.0 -.1076437E-08
  2343.0 -.1412986E-08
  2344.0 -.1732594E-08
  2345.0 -.2026584E-08
  2346.0 -.2286453E-08
  2347.0 -.2504031E-08
  2348.0 -.2671665E-08
  2349.0 -.2782378E-08
  2350.0 -.2830034E-08
  2351.0 -.2809468E-08
  2352.0 -.2716637E-08
  2353.0 -.2548714E-08
  2354.0 -.2304207E-08
  2355.0 -.1983012E-08
  2356.0 -.1586463E-08
  2357.0 -.1117365E-08
  2358.0 -.5799843E-09
  2359.0 0.1997730E-10
  2360.0 0.6754440E-09
  2361.0 0.1378042E-08
  2362.0 0.2118220E-08
  2363.0 0.2885361E-08
  2364.0 0.3667959E-08
  2365.0 0.4453778E-08
  2366.0 0.5230055E-08
  2367.0 0.5983687E-08
  2368.0 0.6701468E-08
  2369.0 0.7370287E-08
  2370.0 0.7977403E-08
  2371.0 0.8510558E-08
  2372.0 0.8958406E-08
  2373.0 0.9310443E-08
  2374.0 0.9557465E-08
  2375.0 0.9691580E-08
  2376.0 0.9706494E-08
  2377.0 0.9597522E-08
  2378.0 0.9361786E-08
  2379.0 0.8998334E-08
  2380.0 0.8508088E-08
  2381.0 0.7893972E-08
  2382.0 0.7160814E-08
  2383.0 0.6315401E-08
  2384.0 0.5366327E-08
  2385.0 0.4323935E-08
  2386.0 0.3200181E-08
  2387.0 0.2008429E-08
  2388.0 0.7633340E-09
  2389.0 -.5194378E-09
  2390.0 -.1823393E-08
  2391.0 -.3131471E-08
  2392.0 -.4426306E-08
  2393.0 -.5690495E-08
  2394.0 -.6906842E-08
  2395.0 -.8058657E-08
  2396.0 -.9130005E-08
  2397.0 -.1010596E-07
  2398.0 -.1097279E-07
  2399.0 -.1171830E-07
