     0.0 0.0000000E+00
     1.0 -.1284290E-17
     2.0 0.2596926E-16
     3.0 0.1736105E-15
     4.0 0.5928927E-15
     5.0 0.1491333E-14
     6.0 0.3126483E-14
     7.0 0.5797395E-14
     8.0 0.9834692E-14
     9.0 0.1558938E-13
    10.0 0.2342063E-13
    11.0 0.3368299E-13
    12.0 0.4671343E-13
    13.0 0.6281856E-13
    14.0 0.8226246E-13
    15.0 0.1052553E-12
    16.0 0.1319431E-12
    17.0 0.1623988E-12
    18.0 0.1966149E-12
    19.0 0.2344975E-12
    20.0 0.2758619E-12
    21.0 0.3204299E-12
    22.0 0.3678284E-12
    23.0 0.4175893E-12
    24.0 0.4691509E-12
    25.0 0.5218600E-12
    26.0 0.5749751E-12
    27.0 0.6276704E-12
    28.0 0.6790408E-12
    29.0 0.7281067E-12
    30.0 0.7738202E-12
    31.0 0.8150728E-12
    32.0 0.8507004E-12
    33.0 0.8794944E-12
    34.0 0.9002088E-12
    35.0 0.9115711E-12
    36.0 0.9122947E-12
    37.0 0.9010904E-12
    38.0 0.8766826E-12
    39.0 0.8378242E-12
    40.0 0.7833162E-12
    41.0 0.7120238E-12
    42.0 0.6229010E-12
    43.0 0.5150094E-12
    44.0 0.3875416E-12
    45.0 0.2398445E-12
    46.0 0.7143984E-13
    47.0 -.1179534E-12
    48.0 -.3284002E-12
    49.0 -.5597337E-12
    50.0 -.8115420E-12
    51.0 -.1083159E-11
    52.0 -.1373662E-11
    53.0 -.1681873E-11
    54.0 -.2006370E-11
    55.0 -.2345497E-11
    56.0 -.2697394E-11
    57.0 -.3060019E-11
    58.0 -.3431188E-11
    59.0 -.3808617E-11
    60.0 -.4189970E-11
    61.0 -.4572907E-11
    62.0 -.4955139E-11
    63.0 -.5334492E-11
    64.0 -.5708957E-11
    65.0 -.6076736E-11
    66.0 -.6436313E-11
    67.0 -.6786478E-11
    68.0 -.7126383E-11
    69.0 -.7455549E-11
    70.0 -.7773910E-11
    71.0 -.8081791E-11
    72.0 -.8379922E-11
    73.0 -.8669413E-11
    74.0 -.8951720E-11
    75.0 -.9228584E-11
    76.0 -.9502012E-11
    77.0 -.9774168E-11
    78.0 -.1004730E-10
    79.0 -.1032368E-10
    80.0 -.1060550E-10
    81.0 -.1089478E-10
    82.0 -.1119326E-10
    83.0 -.1150235E-10
    84.0 -.1182303E-10
    85.0 -.1215580E-10
    86.0 -.1250058E-10
    87.0 -.1285676E-10
    88.0 -.1322306E-10
    89.0 -.1359766E-10
    90.0 -.1397810E-10
    91.0 -.1436142E-10
    92.0 -.1474416E-10
    93.0 -.1512244E-10
    94.0 -.1549210E-10
    95.0 -.1584879E-10
    96.0 -.1618810E-10
    97.0 -.1650567E-10
    98.0 -.1679734E-10
    99.0 -.1705931E-10
   100.0 -.1728824E-10
   101.0 -.1748139E-10
   102.0 -.1763678E-10
   103.0 -.1775336E-10
   104.0 -.1783113E-10
   105.0 -.1787107E-10
   106.0 -.1787530E-10
   107.0 -.1784697E-10
   108.0 -.1779020E-10
   109.0 -.1771010E-10
   110.0 -.1761243E-10
   111.0 -.1750373E-10
   112.0 -.1739086E-10
   113.0 -.1728096E-10
   114.0 -.1718123E-10
   115.0 -.1709861E-10
   116.0 -.1703962E-10
   117.0 -.1701011E-10
   118.0 -.1701501E-10
   119.0 -.1705819E-10
   120.0 -.1714225E-10
   121.0 -.1726839E-10
   122.0 -.1743630E-10
   123.0 -.1764410E-10
   124.0 -.1788837E-10
   125.0 -.1816414E-10
   126.0 -.1846492E-10
   127.0 -.1878299E-10
   128.0 -.1910940E-10
   129.0 -.1943430E-10
   130.0 -.1974722E-10
   131.0 -.2003719E-10
   132.0 -.2029319E-10
   133.0 -.2050447E-10
   134.0 -.2066076E-10
   135.0 -.2075277E-10
   136.0 -.2077230E-10
   137.0 -.2071260E-10
   138.0 -.2056867E-10
   139.0 -.2033739E-10
   140.0 -.2001774E-10
   141.0 -.1961080E-10
   142.0 -.1911995E-10
   143.0 -.1855069E-10
   144.0 -.1791067E-10
   145.0 -.1720948E-10
   146.0 -.1645852E-10
   147.0 -.1567064E-10
   148.0 -.1485994E-10
   149.0 -.1404132E-10
   150.0 -.1323018E-10
   151.0 -.1244192E-10
   152.0 -.1169166E-10
   153.0 -.1099364E-10
   154.0 -.1036100E-10
   155.0 -.9805211E-11
   156.0 -.9335869E-11
   157.0 -.8960297E-11
   158.0 -.8683327E-11
   159.0 -.8507129E-11
   160.0 -.8431008E-11
   161.0 -.8451429E-11
   162.0 -.8562027E-11
   163.0 -.8753661E-11
   164.0 -.9014649E-11
   165.0 -.9331000E-11
   166.0 -.9686692E-11
   167.0 -.1006413E-10
   168.0 -.1044448E-10
   169.0 -.1080817E-10
   170.0 -.1113543E-10
   171.0 -.1140672E-10
   172.0 -.1160330E-10
   173.0 -.1170771E-10
   174.0 -.1170423E-10
   175.0 -.1157935E-10
   176.0 -.1132213E-10
   177.0 -.1092454E-10
   178.0 -.1038172E-10
   179.0 -.9692165E-11
   180.0 -.8857780E-11
   181.0 -.7883961E-11
   182.0 -.6779434E-11
   183.0 -.5556199E-11
   184.0 -.4229142E-11
   185.0 -.2815824E-11
   186.0 -.1336022E-11
   187.0 0.1886997E-12
   188.0 0.1735531E-11
   189.0 0.3280959E-11
   190.0 0.4801308E-11
   191.0 0.6273362E-11
   192.0 0.7674928E-11
   193.0 0.8985382E-11
   194.0 0.1018621E-10
   195.0 0.1126150E-10
   196.0 0.1219826E-10
   197.0 0.1298696E-10
   198.0 0.1362155E-10
   199.0 0.1409983E-10
   200.0 0.1442343E-10
   201.0 0.1459784E-10
   202.0 0.1463227E-10
   203.0 0.1453945E-10
   204.0 0.1433536E-10
   205.0 0.1403885E-10
   206.0 0.1367109E-10
   207.0 0.1325523E-10
   208.0 0.1281563E-10
   209.0 0.1237743E-10
   210.0 0.1196584E-10
   211.0 0.1160552E-10
   212.0 0.1131988E-10
   213.0 0.1113066E-10
   214.0 0.1105721E-10
   215.0 0.1111605E-10
   216.0 0.1132046E-10
   217.0 0.1168009E-10
   218.0 0.1220071E-10
   219.0 0.1288406E-10
   220.0 0.1372773E-10
   221.0 0.1472530E-10
   222.0 0.1586637E-10
   223.0 0.1713696E-10
   224.0 0.1851961E-10
   225.0 0.1999410E-10
   226.0 0.2153773E-10
   227.0 0.2312599E-10
   228.0 0.2473317E-10
   229.0 0.2633305E-10
   230.0 0.2789948E-10
   231.0 0.2940718E-10
   232.0 0.3083234E-10
   233.0 0.3215320E-10
   234.0 0.3335077E-10
   235.0 0.3440918E-10
   236.0 0.3531623E-10
   237.0 0.3606369E-10
   238.0 0.3664750E-10
   239.0 0.3706799E-10
   240.0 0.3732990E-10
   241.0 0.3744207E-10
   242.0 0.3741750E-10
   243.0 0.3727291E-10
   244.0 0.3702835E-10
   245.0 0.3670645E-10
   246.0 0.3633233E-10
   247.0 0.3593222E-10
   248.0 0.3553354E-10
   249.0 0.3516341E-10
   250.0 0.3484838E-10
   251.0 0.3461346E-10
   252.0 0.3448141E-10
   253.0 0.3447218E-10
   254.0 0.3460208E-10
   255.0 0.3488337E-10
   256.0 0.3532390E-10
   257.0 0.3592664E-10
   258.0 0.3668946E-10
   259.0 0.3760527E-10
   260.0 0.3866185E-10
   261.0 0.3984224E-10
   262.0 0.4112481E-10
   263.0 0.4248406E-10
   264.0 0.4389095E-10
   265.0 0.4531366E-10
   266.0 0.4671847E-10
   267.0 0.4807031E-10
   268.0 0.4933408E-10
   269.0 0.5047535E-10
   270.0 0.5146111E-10
   271.0 0.5226125E-10
   272.0 0.5284882E-10
   273.0 0.5320132E-10
   274.0 0.5330119E-10
   275.0 0.5313655E-10
   276.0 0.5270151E-10
   277.0 0.5199702E-10
   278.0 0.5103043E-10
   279.0 0.4981593E-10
   280.0 0.4837452E-10
   281.0 0.4673337E-10
   282.0 0.4492559E-10
   283.0 0.4298945E-10
   284.0 0.4096784E-10
   285.0 0.3890718E-10
   286.0 0.3685644E-10
   287.0 0.3486599E-10
   288.0 0.3298647E-10
   289.0 0.3126755E-10
   290.0 0.2975658E-10
   291.0 0.2849748E-10
   292.0 0.2752952E-10
   293.0 0.2688613E-10
   294.0 0.2659395E-10
   295.0 0.2667194E-10
   296.0 0.2713063E-10
   297.0 0.2797161E-10
   298.0 0.2918705E-10
   299.0 0.3075966E-10
   300.0 0.3266273E-10
   301.0 0.3486033E-10
   302.0 0.3730787E-10
   303.0 0.3995279E-10
   304.0 0.4273561E-10
   305.0 0.4559073E-10
   306.0 0.4844801E-10
   307.0 0.5123413E-10
   308.0 0.5387393E-10
   309.0 0.5629232E-10
   310.0 0.5841569E-10
   311.0 0.6017401E-10
   312.0 0.6150179E-10
   313.0 0.6234060E-10
   314.0 0.6263976E-10
   315.0 0.6235831E-10
   316.0 0.6146600E-10
   317.0 0.5994410E-10
   318.0 0.5778654E-10
   319.0 0.5500047E-10
   320.0 0.5160622E-10
   321.0 0.4763747E-10
   322.0 0.4314111E-10
   323.0 0.3817637E-10
   324.0 0.3281422E-10
   325.0 0.2713591E-10
   326.0 0.2123201E-10
   327.0 0.1520035E-10
   328.0 0.9144488E-11
   329.0 0.3171532E-11
   330.0 -.2610020E-11
   331.0 -.8092409E-11
   332.0 -.1317103E-10
   333.0 -.1774665E-10
   334.0 -.2172756E-10
   335.0 -.2503212E-10
   336.0 -.2759027E-10
   337.0 -.2934570E-10
   338.0 -.3025727E-10
   339.0 -.3030047E-10
   340.0 -.2946839E-10
   341.0 -.2777233E-10
   342.0 -.2524226E-10
   343.0 -.2192672E-10
   344.0 -.1789228E-10
   345.0 -.1322295E-10
   346.0 -.8018856E-11
   347.0 -.2394623E-11
   348.0 0.3522403E-11
   349.0 0.9594462E-11
   350.0 0.1567583E-10
   351.0 0.2161555E-10
   352.0 0.2726038E-10
   353.0 0.3245784E-10
   354.0 0.3705933E-10
   355.0 0.4092330E-10
   356.0 0.4391823E-10
   357.0 0.4592573E-10
   358.0 0.4684328E-10
   359.0 0.4658688E-10
   360.0 0.4509316E-10
   361.0 0.4232145E-10
   362.0 0.3825518E-10
   363.0 0.3290302E-10
   364.0 0.2629951E-10
   365.0 0.1850510E-10
   366.0 0.9605860E-11
   367.0 -.2876291E-12
   368.0 -.1104157E-10
   369.0 -.2250097E-10
   370.0 -.3449211E-10
   371.0 -.4682525E-10
   372.0 -.5929810E-10
   373.0 -.7169954E-10
   374.0 -.8381291E-10
   375.0 -.9542116E-10
   376.0 -.1063101E-09
   377.0 -.1162736E-09
   378.0 -.1251169E-09
   379.0 -.1326622E-09
   380.0 -.1387513E-09
   381.0 -.1432497E-09
   382.0 -.1460509E-09
   383.0 -.1470782E-09
   384.0 -.1462875E-09
   385.0 -.1436696E-09
   386.0 -.1392504E-09
   387.0 -.1330931E-09
   388.0 -.1252959E-09
   389.0 -.1159936E-09
   390.0 -.1053544E-09
   391.0 -.9357831E-10
   392.0 -.8089397E-10
   393.0 -.6755500E-10
   394.0 -.5383647E-10
   395.0 -.4002940E-10
   396.0 -.2643617E-10
   397.0 -.1336469E-10
   398.0 -.1122757E-11
   399.0 0.9988298E-11
   400.0 0.1967897E-10
   401.0 0.2767817E-10
   402.0 0.3373882E-10
   403.0 0.3764345E-10
   404.0 0.3920930E-10
   405.0 0.3829288E-10
   406.0 0.3479420E-10
   407.0 0.2865980E-10
   408.0 0.1988572E-10
   409.0 0.8518681E-11
   410.0 -.5342987E-11
   411.0 -.2154946E-10
   412.0 -.3990067E-10
   413.0 -.6014864E-10
   414.0 -.8200046E-10
   415.0 -.1051226E-09
   416.0 -.1291458E-09
   417.0 -.1536708E-09
   418.0 -.1782754E-09
   419.0 -.2025210E-09
   420.0 -.2259611E-09
   421.0 -.2481494E-09
   422.0 -.2686470E-09
   423.0 -.2870337E-09
   424.0 -.3029124E-09
   425.0 -.3159212E-09
   426.0 -.3257407E-09
   427.0 -.3320986E-09
   428.0 -.3347793E-09
   429.0 -.3336297E-09
   430.0 -.3285617E-09
   431.0 -.3195592E-09
   432.0 -.3066787E-09
   433.0 -.2900514E-09
   434.0 -.2698837E-09
   435.0 -.2464554E-09
   436.0 -.2201177E-09
   437.0 -.1912881E-09
   438.0 -.1604458E-09
   439.0 -.1281257E-09
   440.0 -.9490931E-10
   441.0 -.6141580E-10
   442.0 -.2829365E-10
   443.0 0.3792678E-11
   444.0 0.3417177E-10
   445.0 0.6217885E-10
   446.0 0.8716723E-10
   447.0 0.1085210E-09
   448.0 0.1256672E-09
   449.0 0.1380876E-09
   450.0 0.1453300E-09
   451.0 0.1470184E-09
   452.0 0.1428644E-09
   453.0 0.1326725E-09
   454.0 0.1163495E-09
   455.0 0.9390996E-10
   456.0 0.6547917E-10
   457.0 0.3129535E-10
   458.0 -.8288877E-11
   459.0 -.5280947E-10
   460.0 -.1016933E-09
   461.0 -.1542641E-09
   462.0 -.2097499E-09
   463.0 -.2672914E-09
   464.0 -.3259530E-09
   465.0 -.3847368E-09
   466.0 -.4425921E-09
   467.0 -.4984358E-09
   468.0 -.5511649E-09
   469.0 -.5996724E-09
   470.0 -.6428686E-09
   471.0 -.6796948E-09
   472.0 -.7091427E-09
   473.0 -.7302722E-09
   474.0 -.7422243E-09
   475.0 -.7442439E-09
   476.0 -.7356880E-09
   477.0 -.7160396E-09
   478.0 -.6849256E-09
   479.0 -.6421194E-09
   480.0 -.5875530E-09
   481.0 -.5213218E-09
   482.0 -.4436859E-09
   483.0 -.3550758E-09
   484.0 -.2560865E-09
   485.0 -.1474755E-09
   486.0 -.3015586E-10
   487.0 0.9481101E-10
   488.0 0.2262295E-09
   489.0 0.3627803E-09
   490.0 0.5030375E-09
   491.0 0.6454852E-09
   492.0 0.7885360E-09
   493.0 0.9305524E-09
   494.0 0.1069868E-08
   495.0 0.1204807E-08
   496.0 0.1333706E-08
   497.0 0.1454945E-08
   498.0 0.1566961E-08
   499.0 0.1668275E-08
   500.0 0.1757502E-08
   501.0 0.1833389E-08
   502.0 0.1894821E-08
   503.0 0.1940838E-08
   504.0 0.1970649E-08
   505.0 0.1983657E-08
   506.0 0.1979451E-08
   507.0 0.1957820E-08
   508.0 0.1918764E-08
   509.0 0.1862485E-08
   510.0 0.1789395E-08
   511.0 0.1700104E-08
   512.0 0.1595420E-08
   513.0 0.1476337E-08
   514.0 0.1344022E-08
   515.0 0.1199801E-08
   516.0 0.1045142E-08
   517.0 0.8816385E-09
   518.0 0.7109880E-09
   519.0 0.5349698E-09
   520.0 0.3554244E-09
   521.0 0.1742258E-09
   522.0 -.6736800E-11
   523.0 -.1855867E-09
   524.0 -.3604818E-09
   525.0 -.5296358E-09
   526.0 -.6913443E-09
   527.0 -.8440007E-09
   528.0 -.9861195E-09
   529.0 -.1116349E-08
   530.0 -.1233489E-08
   531.0 -.1336507E-08
   532.0 -.1424542E-08
   533.0 -.1496915E-08
   534.0 -.1553138E-08
   535.0 -.1592906E-08
   536.0 -.1616118E-08
   537.0 -.1622850E-08
   538.0 -.1613363E-08
   539.0 -.1588097E-08
   540.0 -.1547657E-08
   541.0 -.1492798E-08
   542.0 -.1424425E-08
   543.0 -.1343563E-08
   544.0 -.1251350E-08
   545.0 -.1149016E-08
   546.0 -.1037868E-08
   547.0 -.9192665E-09
   548.0 -.7946182E-09
   549.0 -.6653472E-09
   550.0 -.5328804E-09
   551.0 -.3986359E-09
   552.0 -.2639995E-09
   553.0 -.1303156E-09
   554.0 0.1127408E-11
   555.0 0.1291095E-09
   556.0 0.2524886E-09
   557.0 0.3702091E-09
   558.0 0.4813089E-09
   559.0 0.5849236E-09
   560.0 0.6802884E-09
   561.0 0.7667454E-09
   562.0 0.8437362E-09
   563.0 0.9108050E-09
   564.0 0.9675953E-09
   565.0 0.1013847E-08
   566.0 0.1049389E-08
   567.0 0.1074134E-08
   568.0 0.1088082E-08
   569.0 0.1091299E-08
   570.0 0.1083922E-08
   571.0 0.1066149E-08
   572.0 0.1038233E-08
   573.0 0.1000483E-08
   574.0 0.9532491E-09
   575.0 0.8969161E-09
   576.0 0.8319243E-09
   577.0 0.7587337E-09
   578.0 0.6778483E-09
   579.0 0.5898012E-09
   580.0 0.4951594E-09
   581.0 0.3945213E-09
   582.0 0.2885227E-09
   583.0 0.1778314E-09
   584.0 0.6315470E-10
   585.0 -.5476146E-10
   586.0 -.1751323E-09
   587.0 -.2971309E-09
   588.0 -.4198884E-09
   589.0 -.5424935E-09
   590.0 -.6639951E-09
   591.0 -.7834040E-09
   592.0 -.8996909E-09
   593.0 -.1011804E-08
   594.0 -.1118658E-08
   595.0 -.1219156E-08
   596.0 -.1312196E-08
   597.0 -.1396667E-08
   598.0 -.1471490E-08
   599.0 -.1535598E-08
   600.0 -.1587980E-08
   601.0 -.1627676E-08
   602.0 -.1653804E-08
   603.0 -.1665573E-08
   604.0 -.1662297E-08
   605.0 -.1643424E-08
   606.0 -.1608532E-08
   607.0 -.1557365E-08
   608.0 -.1489832E-08
   609.0 -.1406029E-08
   610.0 -.1306243E-08
   611.0 -.1190963E-08
   612.0 -.1060881E-08
   613.0 -.9169065E-09
   614.0 -.7601492E-09
   615.0 -.5919261E-09
   616.0 -.4137537E-09
   617.0 -.2273303E-09
   618.0 -.3452742E-10
   619.0 0.1626282E-09
   620.0 0.3619814E-09
   621.0 0.5612673E-09
   622.0 0.7581405E-09
   623.0 0.9502052E-09
   624.0 0.1135047E-08
   625.0 0.1310266E-08
   626.0 0.1473512E-08
   627.0 0.1622515E-08
   628.0 0.1755135E-08
   629.0 0.1869373E-08
   630.0 0.1963431E-08
   631.0 0.2035721E-08
   632.0 0.2084910E-08
   633.0 0.2109927E-08
   634.0 0.2110017E-08
   635.0 0.2084731E-08
   636.0 0.2033953E-08
   637.0 0.1957909E-08
   638.0 0.1857165E-08
   639.0 0.1732641E-08
   640.0 0.1585584E-08
   641.0 0.1417581E-08
   642.0 0.1230515E-08
   643.0 0.1026570E-08
   644.0 0.8081834E-09
   645.0 0.5780233E-09
   646.0 0.3389551E-09
   647.0 0.9399509E-10
   648.0 -.1537253E-09
   649.0 -.4010085E-09
   650.0 -.6446338E-09
   651.0 -.8814073E-09
   652.0 -.1108208E-08
   653.0 -.1322036E-08
   654.0 -.1520050E-08
   655.0 -.1699625E-08
   656.0 -.1858384E-08
   657.0 -.1994228E-08
   658.0 -.2105379E-08
   659.0 -.2190403E-08
   660.0 -.2248236E-08
   661.0 -.2278190E-08
   662.0 -.2279976E-08
   663.0 -.2253701E-08
   664.0 -.2199860E-08
   665.0 -.2119346E-08
   666.0 -.2013416E-08
   667.0 -.1883675E-08
   668.0 -.1732061E-08
   669.0 -.1560797E-08
   670.0 -.1372371E-08
   671.0 -.1169476E-08
   672.0 -.9549947E-09
   673.0 -.7319220E-09
   674.0 -.5033428E-09
   675.0 -.2723688E-09
   676.0 -.4209792E-10
   677.0 0.1844386E-09
   678.0 0.4043198E-09
   679.0 0.6147778E-09
   680.0 0.8132434E-09
   681.0 0.9973763E-09
   682.0 0.1165103E-08
   683.0 0.1314640E-08
   684.0 0.1444520E-08
   685.0 0.1553606E-08
   686.0 0.1641100E-08
   687.0 0.1706546E-08
   688.0 0.1749845E-08
   689.0 0.1771216E-08
   690.0 0.1771210E-08
   691.0 0.1750685E-08
   692.0 0.1710765E-08
   693.0 0.1652842E-08
   694.0 0.1578517E-08
   695.0 0.1489577E-08
   696.0 0.1387955E-08
   697.0 0.1275697E-08
   698.0 0.1154908E-08
   699.0 0.1027727E-08
   700.0 0.8962757E-09
   701.0 0.7626252E-09
   702.0 0.6287577E-09
   703.0 0.4965393E-09
   704.0 0.3676820E-09
   705.0 0.2437242E-09
   706.0 0.1260034E-09
   707.0 0.1564546E-10
   708.0 -.8644712E-10
   709.0 -.1796108E-09
   710.0 -.2634092E-09
   711.0 -.3376370E-09
   712.0 -.4023103E-09
   713.0 -.4576506E-09
   714.0 -.5040717E-09
   715.0 -.5421494E-09
   716.0 -.5726065E-09
   717.0 -.5962802E-09
   718.0 -.6140904E-09
   719.0 -.6270142E-09
   720.0 -.6360517E-09
   721.0 -.6421929E-09
   722.0 -.6463887E-09
   723.0 -.6495279E-09
   724.0 -.6523972E-09
   725.0 -.6556712E-09
   726.0 -.6598856E-09
   727.0 -.6654198E-09
   728.0 -.6724886E-09
   729.0 -.6811323E-09
   730.0 -.6912128E-09
   731.0 -.7024196E-09
   732.0 -.7142720E-09
   733.0 -.7261332E-09
   734.0 -.7372269E-09
   735.0 -.7466552E-09
   736.0 -.7534230E-09
   737.0 -.7564673E-09
   738.0 -.7546824E-09
   739.0 -.7469530E-09
   740.0 -.7321909E-09
   741.0 -.7093590E-09
   742.0 -.6775129E-09
   743.0 -.6358263E-09
   744.0 -.5836255E-09
   745.0 -.5204150E-09
   746.0 -.4458974E-09
   747.0 -.3600011E-09
   748.0 -.2628905E-09
   749.0 -.1549805E-09
   750.0 -.3694099E-10
   751.0 0.9030391E-10
   752.0 0.2255779E-09
   753.0 0.3674653E-09
   754.0 0.5143269E-09
   755.0 0.6643211E-09
   756.0 0.8154317E-09
   757.0 0.9654947E-09
   758.0 0.1112242E-08
   759.0 0.1253333E-08
   760.0 0.1386392E-08
   761.0 0.1509067E-08
   762.0 0.1619058E-08
   763.0 0.1714171E-08
   764.0 0.1792359E-08
   765.0 0.1851766E-08
   766.0 0.1890762E-08
   767.0 0.1907992E-08
   768.0 0.1902400E-08
   769.0 0.1873253E-08
   770.0 0.1820179E-08
   771.0 0.1743172E-08
   772.0 0.1642607E-08
   773.0 0.1519243E-08
   774.0 0.1374224E-08
   775.0 0.1209062E-08
   776.0 0.1025628E-08
   777.0 0.8261259E-09
   778.0 0.6130598E-09
   779.0 0.3892006E-09
   780.0 0.1575474E-09
   781.0 -.7872319E-10
   782.0 -.3163027E-09
   783.0 -.5518075E-09
   784.0 -.7818313E-09
   785.0 -.1003003E-08
   786.0 -.1212040E-08
   787.0 -.1405811E-08
   788.0 -.1581381E-08
   789.0 -.1736069E-08
   790.0 -.1867494E-08
   791.0 -.1973614E-08
   792.0 -.2052770E-08
   793.0 -.2103700E-08
   794.0 -.2125593E-08
   795.0 -.2118075E-08
   796.0 -.2081234E-08
   797.0 -.2015613E-08
   798.0 -.1922216E-08
   799.0 -.1802486E-08
   800.0 -.1658267E-08
   801.0 -.1491800E-08
   802.0 -.1305673E-08
   803.0 -.1102772E-08
   804.0 -.8862448E-09
   805.0 -.6594488E-09
   806.0 -.4258765E-09
   807.0 -.1891198E-09
   808.0 0.4721008E-10
   809.0 0.2795344E-09
   810.0 0.5043656E-09
   811.0 0.7183736E-09
   812.0 0.9184365E-09
   813.0 0.1101693E-08
   814.0 0.1265595E-08
   815.0 0.1407941E-08
   816.0 0.1526917E-08
   817.0 0.1621125E-08
   818.0 0.1689600E-08
   819.0 0.1731823E-08
   820.0 0.1747731E-08
   821.0 0.1737706E-08
   822.0 0.1702569E-08
   823.0 0.1643552E-08
   824.0 0.1562278E-08
   825.0 0.1460730E-08
   826.0 0.1341195E-08
   827.0 0.1206234E-08
   828.0 0.1058621E-08
   829.0 0.9012950E-09
   830.0 0.7372996E-09
   831.0 0.5697211E-09
   832.0 0.4016374E-09
   833.0 0.2360531E-09
   834.0 0.7584753E-10
   835.0 -.7628156E-10
   836.0 -.2178670E-09
   837.0 -.3467132E-09
   838.0 -.4609386E-09
   839.0 -.5590073E-09
   840.0 -.6397527E-09
   841.0 -.7023947E-09
   842.0 -.7465530E-09
   843.0 -.7722381E-09
   844.0 -.7798637E-09
   845.0 -.7702134E-09
   846.0 -.7444271E-09
   847.0 -.7039749E-09
   848.0 -.6506149E-09
   849.0 -.5863566E-09
   850.0 -.5134137E-09
   851.0 -.4341520E-09
   852.0 -.3510419E-09
   853.0 -.2665953E-09
   854.0 -.1833202E-09
   855.0 -.1036536E-09
   856.0 -.2991998E-10
   857.0 0.3572772E-10
   858.0 0.9135372E-10
   859.0 0.1352790E-09
   860.0 0.1661222E-09
   861.0 0.1828280E-09
   862.0 0.1846927E-09
   863.0 0.1713791E-09
   864.0 0.1429280E-09
   865.0 0.9975452E-10
   866.0 0.4264541E-10
   867.0 -.2725765E-10
   868.0 -.1084824E-09
   869.0 -.1992519E-09
   870.0 -.2975240E-09
   871.0 -.4010322E-09
   872.0 -.5073322E-09
   873.0 -.6138541E-09
   874.0 -.7179550E-09
   875.0 -.8169744E-09
   876.0 -.9082948E-09
   877.0 -.9893935E-09
   878.0 -.1057900E-08
   879.0 -.1111644E-08
   880.0 -.1148714E-08
   881.0 -.1167486E-08
   882.0 -.1166679E-08
   883.0 -.1145369E-08
   884.0 -.1103029E-08
   885.0 -.1039538E-08
   886.0 -.9551900E-09
   887.0 -.8507000E-09
   888.0 -.7271952E-09
   889.0 -.5861920E-09
   890.0 -.4295894E-09
   891.0 -.2596194E-09
   892.0 -.7882459E-10
   893.0 0.1099926E-09
   894.0 0.3038177E-09
   895.0 0.4994761E-09
   896.0 0.6936918E-09
   897.0 0.8831444E-09
   898.0 0.1064528E-08
   899.0 0.1234619E-08
   900.0 0.1390322E-08
   901.0 0.1528734E-08
   902.0 0.1647202E-08
   903.0 0.1743365E-08
   904.0 0.1815197E-08
   905.0 0.1861046E-08
   906.0 0.1879674E-08
   907.0 0.1870264E-08
   908.0 0.1832445E-08
   909.0 0.1766299E-08
   910.0 0.1672359E-08
   911.0 0.1551609E-08
   912.0 0.1405441E-08
   913.0 0.1235670E-08
   914.0 0.1044467E-08
   915.0 0.8343472E-09
   916.0 0.6081080E-09
   917.0 0.3687970E-09
   918.0 0.1196489E-09
   919.0 -.1359593E-09
   920.0 -.3945732E-09
   921.0 -.6527096E-09
   922.0 -.9069180E-09
   923.0 -.1153834E-08
   924.0 -.1390228E-08
   925.0 -.1613064E-08
   926.0 -.1819526E-08
   927.0 -.2007080E-08
   928.0 -.2173474E-08
   929.0 -.2316826E-08
   930.0 -.2435564E-08
   931.0 -.2528504E-08
   932.0 -.2594835E-08
   933.0 -.2634114E-08
   934.0 -.2646263E-08
   935.0 -.2631556E-08
   936.0 -.2590611E-08
   937.0 -.2524339E-08
   938.0 -.2433946E-08
   939.0 -.2320880E-08
   940.0 -.2186805E-08
   941.0 -.2033544E-08
   942.0 -.1863072E-08
   943.0 -.1677445E-08
   944.0 -.1478781E-08
   945.0 -.1269202E-08
   946.0 -.1050823E-08
   947.0 -.8256966E-09
   948.0 -.5957994E-09
   949.0 -.3629989E-09
   950.0 -.1290316E-09
   951.0 0.1045056E-09
   952.0 0.3361677E-09
   953.0 0.5646704E-09
   954.0 0.7888847E-09
   955.0 0.1007836E-08
   956.0 0.1220685E-08
   957.0 0.1426726E-08
   958.0 0.1625358E-08
   959.0 0.1816066E-08
   960.0 0.1998403E-08
   961.0 0.2171957E-08
   962.0 0.2336326E-08
   963.0 0.2491098E-08
   964.0 0.2635819E-08
   965.0 0.2769976E-08
   966.0 0.2892966E-08
   967.0 0.3004101E-08
   968.0 0.3102572E-08
   969.0 0.3187447E-08
   970.0 0.3257677E-08
   971.0 0.3312093E-08
   972.0 0.3349417E-08
   973.0 0.3368264E-08
   974.0 0.3367183E-08
   975.0 0.3344670E-08
   976.0 0.3299200E-08
   977.0 0.3229265E-08
   978.0 0.3133414E-08
   979.0 0.3010298E-08
   980.0 0.2858713E-08
   981.0 0.2677645E-08
   982.0 0.2466330E-08
   983.0 0.2224282E-08
   984.0 0.1951356E-08
   985.0 0.1647775E-08
   986.0 0.1314188E-08
   987.0 0.9516788E-09
   988.0 0.5618098E-09
   989.0 0.1466355E-09
   990.0 -.2912881E-09
   991.0 -.7488960E-09
   992.0 -.1222630E-08
   993.0 -.1708446E-08
   994.0 -.2201845E-08
   995.0 -.2697925E-08
   996.0 -.3191391E-08
   997.0 -.3676662E-08
   998.0 -.4147886E-08
   999.0 -.4599067E-08
  1000.0 -.5024094E-08
  1001.0 -.5416869E-08
  1002.0 -.5771375E-08
  1003.0 -.6081798E-08
  1004.0 -.6342587E-08
  1005.0 -.6548606E-08
  1006.0 -.6695165E-08
  1007.0 -.6778193E-08
  1008.0 -.6794237E-08
  1009.0 -.6740625E-08
  1010.0 -.6615504E-08
  1011.0 -.6417884E-08
  1012.0 -.6147745E-08
  1013.0 -.5806024E-08
  1014.0 -.5394655E-08
  1015.0 -.4916608E-08
  1016.0 -.4375845E-08
  1017.0 -.3777331E-08
  1018.0 -.3126961E-08
  1019.0 -.2431545E-08
  1020.0 -.1698704E-08
  1021.0 -.9368155E-09
  1022.0 -.1548842E-09
  1023.0 0.6375505E-09
  1024.0 0.1430547E-08
  1025.0 0.2213898E-08
  1026.0 0.2977269E-08
  1027.0 0.3710352E-08
  1028.0 0.4403009E-08
  1029.0 0.5045464E-08
  1030.0 0.5628397E-08
  1031.0 0.6143141E-08
  1032.0 0.6581819E-08
  1033.0 0.6937448E-08
  1034.0 0.7204111E-08
  1035.0 0.7377053E-08
  1036.0 0.7452741E-08
  1037.0 0.7429015E-08
  1038.0 0.7305071E-08
  1039.0 0.7081538E-08
  1040.0 0.6760552E-08
  1041.0 0.6345612E-08
  1042.0 0.5841692E-08
  1043.0 0.5255114E-08
  1044.0 0.4593505E-08
  1045.0 0.3865697E-08
  1046.0 0.3081616E-08
  1047.0 0.2252131E-08
  1048.0 0.1388927E-08
  1049.0 0.5043285E-09
  1050.0 -.3888807E-09
  1051.0 -.1277641E-08
  1052.0 -.2148821E-08
  1053.0 -.2989410E-08
  1054.0 -.3786726E-08
  1055.0 -.4528612E-08
  1056.0 -.5203617E-08
  1057.0 -.5801210E-08
  1058.0 -.6311938E-08
  1059.0 -.6727555E-08
  1060.0 -.7041224E-08
  1061.0 -.7247562E-08
  1062.0 -.7342819E-08
  1063.0 -.7324876E-08
  1064.0 -.7193344E-08
  1065.0 -.6949554E-08
  1066.0 -.6596575E-08
  1067.0 -.6139141E-08
  1068.0 -.5583629E-08
  1069.0 -.4937954E-08
  1070.0 -.4211438E-08
  1071.0 -.3414708E-08
  1072.0 -.2559493E-08
  1073.0 -.1658454E-08
  1074.0 -.7250317E-09
  1075.0 0.2268295E-09
  1076.0 0.1182856E-08
  1077.0 0.2128685E-08
  1078.0 0.3050102E-08
  1079.0 0.3933250E-08
  1080.0 0.4764871E-08
  1081.0 0.5532505E-08
  1082.0 0.6224689E-08
  1083.0 0.6831178E-08
  1084.0 0.7343053E-08
  1085.0 0.7752893E-08
  1086.0 0.8054922E-08
  1087.0 0.8245078E-08
  1088.0 0.8321031E-08
  1089.0 0.8282304E-08
  1090.0 0.8130217E-08
  1091.0 0.7867901E-08
  1092.0 0.7500169E-08
  1093.0 0.7033539E-08
  1094.0 0.6476031E-08
  1095.0 0.5837060E-08
  1096.0 0.5127275E-08
  1097.0 0.4358389E-08
  1098.0 0.3542938E-08
  1099.0 0.2694102E-08
  1100.0 0.1825488E-08
  1101.0 0.9508456E-09
  1102.0 0.8389701E-10
  1103.0 -.7619396E-09
  1104.0 -.1573748E-08
  1105.0 -.2339356E-08
  1106.0 -.3047503E-08
  1107.0 -.3688059E-08
  1108.0 -.4252174E-08
  1109.0 -.4732396E-08
  1110.0 -.5122840E-08
  1111.0 -.5419210E-08
  1112.0 -.5618920E-08
  1113.0 -.5721066E-08
  1114.0 -.5726453E-08
  1115.0 -.5637565E-08
  1116.0 -.5458479E-08
  1117.0 -.5194779E-08
  1118.0 -.4853460E-08
  1119.0 -.4442768E-08
  1120.0 -.3972016E-08
  1121.0 -.3451432E-08
  1122.0 -.2891946E-08
  1123.0 -.2304990E-08
  1124.0 -.1702264E-08
  1125.0 -.1095542E-08
  1126.0 -.4964227E-09
  1127.0 0.8385045E-10
  1128.0 0.6346328E-09
  1129.0 0.1146024E-08
  1130.0 0.1609088E-08
  1131.0 0.2015980E-08
  1132.0 0.2360082E-08
  1133.0 0.2636131E-08
  1134.0 0.2840267E-08
  1135.0 0.2970124E-08
  1136.0 0.3024832E-08
  1137.0 0.3005013E-08
  1138.0 0.2912744E-08
  1139.0 0.2751515E-08
  1140.0 0.2526122E-08
  1141.0 0.2242555E-08
  1142.0 0.1907879E-08
  1143.0 0.1530060E-08
  1144.0 0.1117806E-08
  1145.0 0.6803690E-09
  1146.0 0.2273772E-09
  1147.0 -.2313818E-09
  1148.0 -.6861583E-09
  1149.0 -.1127429E-08
  1150.0 -.1546090E-08
  1151.0 -.1933630E-08
  1152.0 -.2282303E-08
  1153.0 -.2585270E-08
  1154.0 -.2836729E-08
  1155.0 -.3032011E-08
  1156.0 -.3167663E-08
  1157.0 -.3241505E-08
  1158.0 -.3252660E-08
  1159.0 -.3201539E-08
  1160.0 -.3089830E-08
  1161.0 -.2920435E-08
  1162.0 -.2697393E-08
  1163.0 -.2425781E-08
  1164.0 -.2111597E-08
  1165.0 -.1761606E-08
  1166.0 -.1383209E-08
  1167.0 -.9842467E-09
  1168.0 -.5728582E-09
  1169.0 -.1572912E-09
  1170.0 0.2542903E-09
  1171.0 0.6539512E-09
  1172.0 0.1034171E-08
  1173.0 0.1387990E-08
  1174.0 0.1709155E-08
  1175.0 0.1992232E-08
  1176.0 0.2232729E-08
  1177.0 0.2427154E-08
  1178.0 0.2573096E-08
  1179.0 0.2669246E-08
  1180.0 0.2715399E-08
  1181.0 0.2712462E-08
  1182.0 0.2662386E-08
  1183.0 0.2568119E-08
  1184.0 0.2433519E-08
  1185.0 0.2263244E-08
  1186.0 0.2062625E-08
  1187.0 0.1837548E-08
  1188.0 0.1594297E-08
  1189.0 0.1339385E-08
  1190.0 0.1079427E-08
  1191.0 0.8209497E-09
  1192.0 0.5702739E-09
  1193.0 0.3333377E-09
  1194.0 0.1155745E-09
  1195.0 -.7821063E-10
  1196.0 -.2439413E-09
  1197.0 -.3783671E-09
  1198.0 -.4791188E-09
  1199.0 -.5447388E-09
  1200.0 -.5747344E-09
  1201.0 -.5695333E-09
  1202.0 -.5304751E-09
  1203.0 -.4597599E-09
  1204.0 -.3603676E-09
  1205.0 -.2359713E-09
  1206.0 -.9082496E-10
  1207.0 0.7036449E-10
  1208.0 0.2425676E-09
  1209.0 0.4205760E-09
  1210.0 0.5991538E-09
  1211.0 0.7731715E-09
  1212.0 0.9377762E-09
  1213.0 0.1088497E-08
  1214.0 0.1221402E-08
  1215.0 0.1333183E-08
  1216.0 0.1421268E-08
  1217.0 0.1483893E-08
  1218.0 0.1520147E-08
  1219.0 0.1530015E-08
  1220.0 0.1514370E-08
  1221.0 0.1474961E-08
  1222.0 0.1414371E-08
  1223.0 0.1335940E-08
  1224.0 0.1243686E-08
  1225.0 0.1142181E-08
  1226.0 0.1036431E-08
  1227.0 0.9317414E-09
  1228.0 0.8335377E-09
  1229.0 0.7472219E-09
  1230.0 0.6780171E-09
  1231.0 0.6307728E-09
  1232.0 0.6098377E-09
  1233.0 0.6188950E-09
  1234.0 0.6608250E-09
  1235.0 0.7376037E-09
  1236.0 0.8501907E-09
  1237.0 0.9984584E-09
  1238.0 0.1181161E-08
  1239.0 0.1395903E-08
  1240.0 0.1639152E-08
  1241.0 0.1906294E-08
  1242.0 0.2191698E-08
  1243.0 0.2488822E-08
  1244.0 0.2790334E-08
  1245.0 0.3088286E-08
  1246.0 0.3374270E-08
  1247.0 0.3639625E-08
  1248.0 0.3875637E-08
  1249.0 0.4073786E-08
  1250.0 0.4225916E-08
  1251.0 0.4324514E-08
  1252.0 0.4362877E-08
  1253.0 0.4335354E-08
  1254.0 0.4237510E-08
  1255.0 0.4066280E-08
  1256.0 0.3820147E-08
  1257.0 0.3499200E-08
  1258.0 0.3105253E-08
  1259.0 0.2641834E-08
  1260.0 0.2114212E-08
  1261.0 0.1529351E-08
  1262.0 0.8958149E-09
  1263.0 0.2236403E-09
  1264.0 -.4758084E-09
  1265.0 -.1190057E-08
  1266.0 -.1905738E-08
  1267.0 -.2608869E-08
  1268.0 -.3285104E-08
  1269.0 -.3920072E-08
  1270.0 -.4499649E-08
  1271.0 -.5010305E-08
  1272.0 -.5439409E-08
  1273.0 -.5775519E-08
  1274.0 -.6008696E-08
  1275.0 -.6130763E-08
  1276.0 -.6135514E-08
  1277.0 -.6018965E-08
  1278.0 -.5779469E-08
  1279.0 -.5417874E-08
  1280.0 -.4937542E-08
  1281.0 -.4344414E-08
  1282.0 -.3646941E-08
  1283.0 -.2855992E-08
  1284.0 -.1984715E-08
  1285.0 -.1048348E-08
  1286.0 -.6395221E-10
  1287.0 0.9498652E-09
  1288.0 0.1973293E-08
  1289.0 0.2985677E-08
  1290.0 0.3965912E-08
  1291.0 0.4892870E-08
  1292.0 0.5745807E-08
  1293.0 0.6504810E-08
  1294.0 0.7151197E-08
  1295.0 0.7667975E-08
  1296.0 0.8040165E-08
  1297.0 0.8255190E-08
  1298.0 0.8303203E-08
  1299.0 0.8177318E-08
  1300.0 0.7873890E-08
  1301.0 0.7392555E-08
  1302.0 0.6736470E-08
  1303.0 0.5912228E-08
  1304.0 0.4929869E-08
  1305.0 0.3802759E-08
  1306.0 0.2547392E-08
  1307.0 0.1183179E-08
  1308.0 -.2679022E-09
  1309.0 -.1781634E-08
  1310.0 -.3332007E-08
  1311.0 -.4891672E-08
  1312.0 -.6432425E-08
  1313.0 -.7925772E-08
  1314.0 -.9343450E-08
  1315.0 -.1065799E-07
  1316.0 -.1184321E-07
  1317.0 -.1287486E-07
  1318.0 -.1373106E-07
  1319.0 -.1439283E-07
  1320.0 -.1484439E-07
  1321.0 -.1507374E-07
  1322.0 -.1507278E-07
  1323.0 -.1483772E-07
  1324.0 -.1436917E-07
  1325.0 -.1367221E-07
  1326.0 -.1275649E-07
  1327.0 -.1163603E-07
  1328.0 -.1032918E-07
  1329.0 -.8858291E-08
  1330.0 -.7249498E-08
  1331.0 -.5532131E-08
  1332.0 -.3738443E-08
  1333.0 -.1902953E-08
  1334.0 -.6190876E-10
  1335.0 0.1747371E-08
  1336.0 0.3487139E-08
  1337.0 0.5119941E-08
  1338.0 0.6609264E-08
  1339.0 0.7920315E-08
  1340.0 0.9020627E-08
  1341.0 0.9880717E-08
  1342.0 0.1047478E-07
  1343.0 0.1078118E-07
  1344.0 0.1078297E-07
  1345.0 0.1046832E-07
  1346.0 0.9830952E-08
  1347.0 0.8870281E-08
  1348.0 0.7591640E-08
  1349.0 0.6006380E-08
  1350.0 0.4131801E-08
  1351.0 0.1991020E-08
  1352.0 -.3872314E-09
  1353.0 -.2968969E-08
  1354.0 -.5715399E-08
  1355.0 -.8583396E-08
  1356.0 -.1152619E-07
  1357.0 -.1449393E-07
  1358.0 -.1743459E-07
  1359.0 -.2029464E-07
  1360.0 -.2301991E-07
  1361.0 -.2555651E-07
  1362.0 -.2785179E-07
  1363.0 -.2985509E-07
  1364.0 -.3151847E-07
  1365.0 -.3279815E-07
  1366.0 -.3365470E-07
  1367.0 -.3405386E-07
  1368.0 -.3396780E-07
  1369.0 -.3337496E-07
  1370.0 -.3226105E-07
  1371.0 -.3061940E-07
  1372.0 -.2845106E-07
  1373.0 -.2576514E-07
  1374.0 -.2257893E-07
  1375.0 -.1891771E-07
  1376.0 -.1481465E-07
  1377.0 -.1031045E-07
  1378.0 -.5453022E-08
  1379.0 -.2967426E-09
  1380.0 0.5097993E-08
  1381.0 0.1066566E-07
  1382.0 0.1633643E-07
  1383.0 0.2203708E-07
  1384.0 0.2769194E-07
  1385.0 0.3322421E-07
  1386.0 0.3855678E-07
  1387.0 0.4361333E-07
  1388.0 0.4831980E-07
  1389.0 0.5260516E-07
  1390.0 0.5640255E-07
  1391.0 0.5965067E-07
  1392.0 0.6229438E-07
  1393.0 0.6428564E-07
  1394.0 0.6558471E-07
  1395.0 0.6616016E-07
  1396.0 0.6599058E-07
  1397.0 0.6506382E-07
  1398.0 0.6337810E-07
  1399.0 0.6094187E-07
  1400.0 0.5777432E-07
  1401.0 0.5390465E-07
  1402.0 0.4937196E-07
  1403.0 0.4422524E-07
  1404.0 0.3852240E-07
  1405.0 0.3232953E-07
  1406.0 0.2572044E-07
  1407.0 0.1877524E-07
  1408.0 0.1157964E-07
  1409.0 0.4223498E-08
  1410.0 -.3200272E-08
  1411.0 -.1059701E-07
  1412.0 -.1787175E-07
  1413.0 -.2493055E-07
  1414.0 -.3168180E-07
  1415.0 -.3803778E-07
  1416.0 -.4391553E-07
  1417.0 -.4923888E-07
  1418.0 -.5393872E-07
  1419.0 -.5795477E-07
  1420.0 -.6123607E-07
  1421.0 -.6374201E-07
  1422.0 -.6544319E-07
  1423.0 -.6632135E-07
  1424.0 -.6637026E-07
  1425.0 -.6559542E-07
  1426.0 -.6401456E-07
  1427.0 -.6165706E-07
  1428.0 -.5856321E-07
  1429.0 -.5478456E-07
  1430.0 -.5038212E-07
  1431.0 -.4542622E-07
  1432.0 -.3999504E-07
  1433.0 -.3417364E-07
  1434.0 -.2805226E-07
  1435.0 -.2172539E-07
  1436.0 -.1529002E-07
  1437.0 -.8844064E-08
  1438.0 -.2484942E-08
  1439.0 0.3692054E-08
  1440.0 0.9595271E-08
  1441.0 0.1513815E-07
  1442.0 0.2024069E-07
  1443.0 0.2483061E-07
  1444.0 0.2884475E-07
  1445.0 0.3222977E-07
  1446.0 0.3494335E-07
  1447.0 0.3695456E-07
  1448.0 0.3824463E-07
  1449.0 0.3880706E-07
  1450.0 0.3864752E-07
  1451.0 0.3778421E-07
  1452.0 0.3624702E-07
  1453.0 0.3407726E-07
  1454.0 0.3132670E-07
  1455.0 0.2805675E-07
  1456.0 0.2433738E-07
  1457.0 0.2024570E-07
  1458.0 0.1586471E-07
  1459.0 0.1128169E-07
  1460.0 0.6586715E-08
  1461.0 0.1870859E-08
  1462.0 -.2775278E-08
  1463.0 -.7263374E-08
  1464.0 -.1150889E-07
  1465.0 -.1543273E-07
  1466.0 -.1896258E-07
  1467.0 -.2203432E-07
  1468.0 -.2459320E-07
  1469.0 -.2659471E-07
  1470.0 -.2800563E-07
  1471.0 -.2880442E-07
  1472.0 -.2898172E-07
  1473.0 -.2854048E-07
  1474.0 -.2749587E-07
  1475.0 -.2587496E-07
  1476.0 -.2371614E-07
  1477.0 -.2106845E-07
  1478.0 -.1799052E-07
  1479.0 -.1454937E-07
  1480.0 -.1081917E-07
  1481.0 -.6879687E-08
  1482.0 -.2814691E-08
  1483.0 0.1289699E-08
  1484.0 0.5346821E-08
  1485.0 0.9271221E-08
  1486.0 0.1298034E-07
  1487.0 0.1639629E-07
  1488.0 0.1944749E-07
  1489.0 0.2207007E-07
  1490.0 0.2420935E-07
  1491.0 0.2582095E-07
  1492.0 0.2687184E-07
  1493.0 0.2734100E-07
  1494.0 0.2721999E-07
  1495.0 0.2651324E-07
  1496.0 0.2523811E-07
  1497.0 0.2342447E-07
  1498.0 0.2111420E-07
  1499.0 0.1836063E-07
  1500.0 0.1522723E-07
  1501.0 0.1178656E-07
  1502.0 0.8118696E-08
  1503.0 0.4309682E-08
  1504.0 0.4497014E-09
  1505.0 -.3368769E-08
  1506.0 -.7052948E-08
  1507.0 -.1051171E-07
  1508.0 -.1365761E-07
  1509.0 -.1640879E-07
  1510.0 -.1869087E-07
  1511.0 -.2043864E-07
  1512.0 -.2159773E-07
  1513.0 -.2212571E-07
  1514.0 -.2199359E-07
  1515.0 -.2118639E-07
  1516.0 -.1970395E-07
  1517.0 -.1756100E-07
  1518.0 -.1478743E-07
  1519.0 -.1142774E-07
  1520.0 -.7540446E-08
  1521.0 -.3197236E-08
  1522.0 0.1518401E-08
  1523.0 0.6512631E-08
  1524.0 0.1168306E-07
  1525.0 0.1692069E-07
  1526.0 0.2211208E-07
  1527.0 0.2714173E-07
  1528.0 0.3189430E-07
  1529.0 0.3625731E-07
  1530.0 0.4012340E-07
  1531.0 0.4339280E-07
  1532.0 0.4597554E-07
  1533.0 0.4779370E-07
  1534.0 0.4878354E-07
  1535.0 0.4889672E-07
  1536.0 0.4810229E-07
  1537.0 0.4638740E-07
  1538.0 0.4375849E-07
  1539.0 0.4024110E-07
  1540.0 0.3588065E-07
  1541.0 0.3074142E-07
  1542.0 0.2490620E-07
  1543.0 0.1847501E-07
  1544.0 0.1156353E-07
  1545.0 0.4301331E-08
  1546.0 -.3170360E-08
  1547.0 -.1070122E-07
  1548.0 -.1813445E-07
  1549.0 -.2530964E-07
  1550.0 -.3206611E-07
  1551.0 -.3824580E-07
  1552.0 -.4369646E-07
  1553.0 -.4827494E-07
  1554.0 -.5185019E-07
  1555.0 -.5430606E-07
  1556.0 -.5554400E-07
  1557.0 -.5548556E-07
  1558.0 -.5407429E-07
  1559.0 -.5127757E-07
  1560.0 -.4708775E-07
  1561.0 -.4152330E-07
  1562.0 -.3462855E-07
  1563.0 -.2647424E-07
  1564.0 -.1715641E-07
  1565.0 -.6795587E-08
  1566.0 0.4465044E-08
  1567.0 0.1646159E-07
  1568.0 0.2901203E-07
  1569.0 0.4191895E-07
  1570.0 0.5497297E-07
  1571.0 0.6795607E-07
  1572.0 0.8064573E-07
  1573.0 0.9281808E-07
  1574.0 0.1042528E-06
  1575.0 0.1147365E-06
  1576.0 0.1240669E-06
  1577.0 0.1320569E-06
  1578.0 0.1385374E-06
  1579.0 0.1433614E-06
  1580.0 0.1464071E-06
  1581.0 0.1475793E-06
  1582.0 0.1468130E-06
  1583.0 0.1440738E-06
  1584.0 0.1393598E-06
  1585.0 0.1327012E-06
  1586.0 0.1241612E-06
  1587.0 0.1138339E-06
  1588.0 0.1018450E-06
  1589.0 0.8834758E-07
  1590.0 0.7352117E-07
  1591.0 0.5756845E-07
  1592.0 0.4071154E-07
  1593.0 0.2318845E-07
  1594.0 0.5248870E-08
  1595.0 -.1285026E-07
  1596.0 -.3084948E-07
  1597.0 -.4849108E-07
  1598.0 -.6552457E-07
  1599.0 -.8171043E-07
  1600.0 -.9682531E-07
  1601.0 -.1106655E-06
  1602.0 -.1230513E-06
  1603.0 -.1338305E-06
  1604.0 -.1428806E-06
  1605.0 -.1501121E-06
  1606.0 -.1554699E-06
  1607.0 -.1589336E-06
  1608.0 -.1605202E-06
  1609.0 -.1602807E-06
  1610.0 -.1583024E-06
  1611.0 -.1547048E-06
  1612.0 -.1496387E-06
  1613.0 -.1432825E-06
  1614.0 -.1358396E-06
  1615.0 -.1275333E-06
  1616.0 -.1186034E-06
  1617.0 -.1093006E-06
  1618.0 -.9988208E-07
  1619.0 -.9060504E-07
  1620.0 -.8172306E-07
  1621.0 -.7347901E-07
  1622.0 -.6610112E-07
  1623.0 -.5979737E-07
  1624.0 -.5475091E-07
  1625.0 -.5111558E-07
  1626.0 -.4901284E-07
  1627.0 -.4852765E-07
  1628.0 -.4970703E-07
  1629.0 -.5255745E-07
  1630.0 -.5704413E-07
  1631.0 -.6309099E-07
  1632.0 -.7058105E-07
  1633.0 -.7935775E-07
  1634.0 -.8922765E-07
  1635.0 -.9996268E-07
  1636.0 -.1113045E-06
  1637.0 -.1229687E-06
  1638.0 -.1346498E-06
  1639.0 -.1460267E-06
  1640.0 -.1567686E-06
  1641.0 -.1665416E-06
  1642.0 -.1750146E-06
  1643.0 -.1818663E-06
  1644.0 -.1867918E-06
  1645.0 -.1895087E-06
  1646.0 -.1897628E-06
  1647.0 -.1873351E-06
  1648.0 -.1820455E-06
  1649.0 -.1737588E-06
  1650.0 -.1623878E-06
  1651.0 -.1478962E-06
  1652.0 -.1303016E-06
  1653.0 -.1096764E-06
  1654.0 -.8614856E-07
  1655.0 -.5990080E-07
  1656.0 -.3116882E-07
  1657.0 -.2394218E-09
  1658.0 0.3255345E-07
  1659.0 0.6683282E-07
  1660.0 0.1021840E-06
  1661.0 0.1381604E-06
  1662.0 0.1742900E-06
  1663.0 0.2100831E-06
  1664.0 0.2450386E-06
  1665.0 0.2786543E-06
  1666.0 0.3104319E-06
  1667.0 0.3398874E-06
  1668.0 0.3665592E-06
  1669.0 0.3900143E-06
  1670.0 0.4098569E-06
  1671.0 0.4257359E-06
  1672.0 0.4373498E-06
  1673.0 0.4444528E-06
  1674.0 0.4468617E-06
  1675.0 0.4444563E-06
  1676.0 0.4371839E-06
  1677.0 0.4250623E-06
  1678.0 0.4081796E-06
  1679.0 0.3866907E-06
  1680.0 0.3608220E-06
  1681.0 0.3308636E-06
  1682.0 0.2971676E-06
  1683.0 0.2601439E-06
  1684.0 0.2202521E-06
  1685.0 0.1779986E-06
  1686.0 0.1339255E-06
  1687.0 0.8860547E-07
  1688.0 0.4263210E-07
  1689.0 -.3388990E-08
  1690.0 -.4884913E-07
  1691.0 -.9314552E-07
  1692.0 -.1356907E-06
  1693.0 -.1759211E-06
  1694.0 -.2133060E-06
  1695.0 -.2473558E-06
  1696.0 -.2776290E-06
  1697.0 -.3037389E-06
  1698.0 -.3253596E-06
  1699.0 -.3422314E-06
  1700.0 -.3541644E-06
  1701.0 -.3610405E-06
  1702.0 -.3628166E-06
  1703.0 -.3595236E-06
  1704.0 -.3512671E-06
  1705.0 -.3382244E-06
  1706.0 -.3206426E-06
  1707.0 -.2988336E-06
  1708.0 -.2731699E-06
  1709.0 -.2440779E-06
  1710.0 -.2120320E-06
  1711.0 -.1775459E-06
  1712.0 -.1411657E-06
  1713.0 -.1034609E-06
  1714.0 -.6501487E-07
  1715.0 -.2641685E-07
  1716.0 0.1174762E-07
  1717.0 0.4890606E-07
  1718.0 0.8450738E-07
  1719.0 0.1180300E-06
  1720.0 0.1489899E-06
  1721.0 0.1769488E-06
  1722.0 0.2015180E-06
  1723.0 0.2223669E-06
  1724.0 0.2392261E-06
  1725.0 0.2518897E-06
  1726.0 0.2602225E-06
  1727.0 0.2641546E-06
  1728.0 0.2636886E-06
  1729.0 0.2588946E-06
  1730.0 0.2499086E-06
  1731.0 0.2369332E-06
  1732.0 0.2202290E-06
  1733.0 0.2001137E-06
  1734.0 0.1769540E-06
  1735.0 0.1511608E-06
  1736.0 0.1231812E-06
  1737.0 0.9349300E-07
  1738.0 0.6259378E-07
  1739.0 0.3099542E-07
  1740.0 -.7847991E-09
  1741.0 -.3223296E-07
  1742.0 -.6284632E-07
  1743.0 -.9214074E-07
  1744.0 -.1196587E-06
  1745.0 -.1449760E-06
  1746.0 -.1677075E-06
  1747.0 -.1875141E-06
  1748.0 -.2041063E-06
  1749.0 -.2172493E-06
  1750.0 -.2267651E-06
  1751.0 -.2325357E-06
  1752.0 -.2345033E-06
  1753.0 -.2326722E-06
  1754.0 -.2271051E-06
  1755.0 -.2179258E-06
  1756.0 -.2053126E-06
  1757.0 -.1894976E-06
  1758.0 -.1707606E-06
  1759.0 -.1494260E-06
  1760.0 -.1258563E-06
  1761.0 -.1004460E-06
  1762.0 -.7361552E-07
  1763.0 -.4580427E-07
  1764.0 -.1746362E-07
  1765.0 0.1095042E-07
  1766.0 0.3898385E-07
  1767.0 0.6619203E-07
  1768.0 0.9214665E-07
  1769.0 0.1164416E-06
  1770.0 0.1386993E-06
  1771.0 0.1585769E-06
  1772.0 0.1757699E-06
  1773.0 0.1900175E-06
  1774.0 0.2011058E-06
  1775.0 0.2088711E-06
  1776.0 0.2132002E-06
  1777.0 0.2140351E-06
  1778.0 0.2113700E-06
  1779.0 0.2052520E-06
  1780.0 0.1957814E-06
  1781.0 0.1831079E-06
  1782.0 0.1674288E-06
  1783.0 0.1489849E-06
  1784.0 0.1280580E-06
  1785.0 0.1049650E-06
  1786.0 0.8005372E-07
  1787.0 0.5369709E-07
  1788.0 0.2628763E-07
  1789.0 -.1768419E-08
  1790.0 -.3005727E-07
  1791.0 -.5816366E-07
  1792.0 -.8567666E-07
  1793.0 -.1121960E-06
  1794.0 -.1373378E-06
  1795.0 -.1607387E-06
  1796.0 -.1820635E-06
  1797.0 -.2010067E-06
  1798.0 -.2172989E-06
  1799.0 -.2307098E-06
  1800.0 -.2410493E-06
  1801.0 -.2481741E-06
  1802.0 -.2519842E-06
  1803.0 -.2524274E-06
  1804.0 -.2494984E-06
  1805.0 -.2432394E-06
  1806.0 -.2337376E-06
  1807.0 -.2211243E-06
  1808.0 -.2055739E-06
  1809.0 -.1872985E-06
  1810.0 -.1665473E-06
  1811.0 -.1436011E-06
  1812.0 -.1187690E-06
  1813.0 -.9238309E-07
  1814.0 -.6479484E-07
  1815.0 -.3636881E-07
  1816.0 -.7478791E-08
  1817.0 0.2149836E-07
  1818.0 0.5018731E-07
  1819.0 0.7821954E-07
  1820.0 0.1052381E-06
  1821.0 0.1309027E-06
  1822.0 0.1548934E-06
  1823.0 0.1769155E-06
  1824.0 0.1967034E-06
  1825.0 0.2140226E-06
  1826.0 0.2286730E-06
  1827.0 0.2404931E-06
  1828.0 0.2493580E-06
  1829.0 0.2551848E-06
  1830.0 0.2579292E-06
  1831.0 0.2575899E-06
  1832.0 0.2542032E-06
  1833.0 0.2478480E-06
  1834.0 0.2386373E-06
  1835.0 0.2267219E-06
  1836.0 0.2122861E-06
  1837.0 0.1955438E-06
  1838.0 0.1767358E-06
  1839.0 0.1561273E-06
  1840.0 0.1340028E-06
  1841.0 0.1106616E-06
  1842.0 0.8641539E-07
  1843.0 0.6158198E-07
  1844.0 0.3648241E-07
  1845.0 0.1143548E-07
  1846.0 -.1324586E-07
  1847.0 -.3725894E-07
  1848.0 -.6031508E-07
  1849.0 -.8214353E-07
  1850.0 -.1024950E-06
  1851.0 -.1211438E-06
  1852.0 -.1378917E-06
  1853.0 -.1525698E-06
  1854.0 -.1650394E-06
  1855.0 -.1751954E-06
  1856.0 -.1829646E-06
  1857.0 -.1883086E-06
  1858.0 -.1912217E-06
  1859.0 -.1917320E-06
  1860.0 -.1898987E-06
  1861.0 -.1858125E-06
  1862.0 -.1795924E-06
  1863.0 -.1713839E-06
  1864.0 -.1613569E-06
  1865.0 -.1497009E-06
  1866.0 -.1366251E-06
  1867.0 -.1223519E-06
  1868.0 -.1071157E-06
  1869.0 -.9115746E-07
  1870.0 -.7472240E-07
  1871.0 -.5805594E-07
  1872.0 -.4139998E-07
  1873.0 -.2498926E-07
  1874.0 -.9048723E-08
  1875.0 0.6210245E-08
  1876.0 0.2059230E-07
  1877.0 0.3392074E-07
  1878.0 0.4603982E-07
  1879.0 0.5681652E-07
  1880.0 0.6614186E-07
  1881.0 0.7393258E-07
  1882.0 0.8013100E-07
  1883.0 0.8470563E-07
  1884.0 0.8765127E-07
  1885.0 0.8898805E-07
  1886.0 0.8876104E-07
  1887.0 0.8703790E-07
  1888.0 0.8390860E-07
  1889.0 0.7948206E-07
  1890.0 0.7388527E-07
  1891.0 0.6726001E-07
  1892.0 0.5976012E-07
  1893.0 0.5154898E-07
  1894.0 0.4279703E-07
  1895.0 0.3367800E-07
  1896.0 0.2436643E-07
  1897.0 0.1503475E-07
  1898.0 0.5850639E-08
  1899.0 -.3026025E-08
  1900.0 -.1144538E-07
  1901.0 -.1926978E-07
  1902.0 -.2637603E-07
  1903.0 -.3265680E-07
  1904.0 -.3802247E-07
  1905.0 -.4240172E-07
  1906.0 -.4574260E-07
  1907.0 -.4801297E-07
  1908.0 -.4920051E-07
  1909.0 -.4931237E-07
  1910.0 -.4837437E-07
  1911.0 -.4643073E-07
  1912.0 -.4354238E-07
  1913.0 -.3978555E-07
  1914.0 -.3525005E-07
  1915.0 -.3003754E-07
  1916.0 -.2425934E-07
  1917.0 -.1803421E-07
  1918.0 -.1148612E-07
  1919.0 -.4741945E-08
  1920.0 0.2070905E-08
  1921.0 0.8826724E-08
  1922.0 0.1540382E-07
  1923.0 0.2168638E-07
  1924.0 0.2756677E-07
  1925.0 0.3294693E-07
  1926.0 0.3774007E-07
  1927.0 0.4187207E-07
  1928.0 0.4528250E-07
  1929.0 0.4792505E-07
  1930.0 0.4976879E-07
  1931.0 0.5079768E-07
  1932.0 0.5101084E-07
  1933.0 0.5042235E-07
  1934.0 0.4906036E-07
  1935.0 0.4696653E-07
  1936.0 0.4419461E-07
  1937.0 0.4080987E-07
  1938.0 0.3688686E-07
  1939.0 0.3250825E-07
  1940.0 0.2776313E-07
  1941.0 0.2274522E-07
  1942.0 0.1755085E-07
  1943.0 0.1227740E-07
  1944.0 0.7021293E-08
  1945.0 0.1876306E-08
  1946.0 -.3068128E-08
  1947.0 -.7728448E-08
  1948.0 -.1202836E-07
  1949.0 -.1590012E-07
  1950.0 -.1928566E-07
  1951.0 -.2213726E-07
  1952.0 -.2441841E-07
  1953.0 -.2610400E-07
  1954.0 -.2718067E-07
  1955.0 -.2764687E-07
  1956.0 -.2751228E-07
  1957.0 -.2679771E-07
  1958.0 -.2553423E-07
  1959.0 -.2376240E-07
  1960.0 -.2153131E-07
  1961.0 -.1889729E-07
  1962.0 -.1592288E-07
  1963.0 -.1267538E-07
  1964.0 -.9225465E-08
  1965.0 -.5645707E-08
  1966.0 -.2009278E-08
  1967.0 0.1611618E-08
  1968.0 0.5146946E-08
  1969.0 0.8530226E-08
  1970.0 0.1169969E-07
  1971.0 0.1459929E-07
  1972.0 0.1717972E-07
  1973.0 0.1939914E-07
  1974.0 0.2122377E-07
  1975.0 0.2262831E-07
  1976.0 0.2359629E-07
  1977.0 0.2412014E-07
  1978.0 0.2420099E-07
  1979.0 0.2384853E-07
  1980.0 0.2308066E-07
  1981.0 0.2192263E-07
  1982.0 0.2040670E-07
  1983.0 0.1857103E-07
  1984.0 0.1645911E-07
  1985.0 0.1411833E-07
  1986.0 0.1159938E-07
  1987.0 0.8954834E-08
  1988.0 0.6238279E-08
  1989.0 0.3503067E-08
  1990.0 0.8014827E-09
  1991.0 -.1816485E-08
  1992.0 -.4303902E-08
  1993.0 -.6617801E-08
  1994.0 -.8719891E-08
  1995.0 -.1057718E-07
  1996.0 -.1216254E-07
  1997.0 -.1345492E-07
  1998.0 -.1443976E-07
  1999.0 -.1510897E-07
  2000.0 -.1546098E-07
  2001.0 -.1550053E-07
  2002.0 -.1523832E-07
  2003.0 -.1469080E-07
  2004.0 -.1387946E-07
  2005.0 -.1283035E-07
  2006.0 -.1157342E-07
  2007.0 -.1014177E-07
  2008.0 -.8570843E-08
  2009.0 -.6897706E-08
  2010.0 -.5160204E-08
  2011.0 -.3396182E-08
  2012.0 -.1642682E-08
  2013.0 0.6474768E-10
  2014.0 0.1692736E-08
  2015.0 0.3210734E-08
  2016.0 0.4591502E-08
  2017.0 0.5811607E-08
  2018.0 0.6851723E-08
  2019.0 0.7696940E-08
  2020.0 0.8336926E-08
  2021.0 0.8765912E-08
  2022.0 0.8982772E-08
  2023.0 0.8990718E-08
  2024.0 0.8797296E-08
  2025.0 0.8413880E-08
  2026.0 0.7855399E-08
  2027.0 0.7139852E-08
  2028.0 0.6287872E-08
  2029.0 0.5322114E-08
  2030.0 0.4266766E-08
  2031.0 0.3146955E-08
  2032.0 0.1988121E-08
  2033.0 0.8155642E-09
  2034.0 -.3461858E-09
  2035.0 -.1473847E-08
  2036.0 -.2545822E-08
  2037.0 -.3542623E-08
  2038.0 -.4447215E-08
  2039.0 -.5245312E-08
  2040.0 -.5925537E-08
  2041.0 -.6479601E-08
  2042.0 -.6902387E-08
  2043.0 -.7191864E-08
  2044.0 -.7349082E-08
  2045.0 -.7377974E-08
  2046.0 -.7285183E-08
  2047.0 -.7079814E-08
  2048.0 -.6773058E-08
  2049.0 -.6377930E-08
  2050.0 -.5908828E-08
  2051.0 -.5381192E-08
  2052.0 -.4811031E-08
  2053.0 -.4214613E-08
  2054.0 -.3607981E-08
  2055.0 -.3006636E-08
  2056.0 -.2425131E-08
  2057.0 -.1876807E-08
  2058.0 -.1373477E-08
  2059.0 -.9252191E-09
  2060.0 -.5401768E-09
  2061.0 -.2244341E-09
  2062.0 0.1805615E-10
  2063.0 0.1854941E-09
  2064.0 0.2781969E-09
  2065.0 0.2985330E-09
  2066.0 0.2507520E-09
  2067.0 0.1408564E-09
  2068.0 -.2365627E-10
  2069.0 -.2340074E-09
  2070.0 -.4804368E-09
  2071.0 -.7524668E-09
  2072.0 -.1039218E-08
  2073.0 -.1329712E-08
  2074.0 -.1613163E-08
  2075.0 -.1879271E-08
  2076.0 -.2118492E-08
  2077.0 -.2322281E-08
  2078.0 -.2483304E-08
  2079.0 -.2595619E-08
  2080.0 -.2654811E-08
  2081.0 -.2658100E-08
  2082.0 -.2604387E-08
  2083.0 -.2494277E-08
  2084.0 -.2330028E-08
  2085.0 -.2115504E-08
  2086.0 -.1856031E-08
  2087.0 -.1558260E-08
  2088.0 -.1230003E-08
  2089.0 -.8799876E-09
  2090.0 -.5176487E-09
  2091.0 -.1528644E-09
  2092.0 0.2042711E-09
  2093.0 0.5437512E-09
  2094.0 0.8558920E-09
  2095.0 0.1131569E-08
  2096.0 0.1362477E-08
  2097.0 0.1541341E-08
  2098.0 0.1662073E-08
  2099.0 0.1719978E-08
  2100.0 0.1711843E-08
  2101.0 0.1636029E-08
  2102.0 0.1492543E-08
  2103.0 0.1283023E-08
  2104.0 0.1010731E-08
  2105.0 0.6804749E-09
  2106.0 0.2985037E-09
  2107.0 -.1276126E-09
  2108.0 -.5891712E-09
  2109.0 -.1076514E-08
  2110.0 -.1579250E-08
  2111.0 -.2086484E-08
  2112.0 -.2587067E-08
  2113.0 -.3069839E-08
  2114.0 -.3523881E-08
  2115.0 -.3938764E-08
  2116.0 -.4304777E-08
  2117.0 -.4613139E-08
  2118.0 -.4856220E-08
  2119.0 -.5027667E-08
  2120.0 -.5122604E-08
  2121.0 -.5137689E-08
  2122.0 -.5071229E-08
  2123.0 -.4923183E-08
  2124.0 -.4695220E-08
  2125.0 -.4390598E-08
  2126.0 -.4014229E-08
  2127.0 -.3572424E-08
  2128.0 -.3072903E-08
  2129.0 -.2524523E-08
  2130.0 -.1937163E-08
  2131.0 -.1321493E-08
  2132.0 -.6887503E-09
  2133.0 -.5051584E-10
  2134.0 0.5815211E-09
  2135.0 0.1195808E-08
  2136.0 0.1781157E-08
  2137.0 0.2326978E-08
  2138.0 0.2823466E-08
  2139.0 0.3261827E-08
  2140.0 0.3634427E-08
  2141.0 0.3934929E-08
  2142.0 0.4158437E-08
  2143.0 0.4301557E-08
  2144.0 0.4362455E-08
  2145.0 0.4340903E-08
  2146.0 0.4238225E-08
  2147.0 0.4057313E-08
  2148.0 0.3802482E-08
  2149.0 0.3479455E-08
  2150.0 0.3095156E-08
  2151.0 0.2657600E-08
  2152.0 0.2175735E-08
  2153.0 0.1659223E-08
  2154.0 0.1118268E-08
  2155.0 0.5634019E-09
  2156.0 0.5277727E-11
  2157.0 -.5455278E-09
  2158.0 -.1078732E-08
  2159.0 -.1584524E-08
  2160.0 -.2053745E-08
  2161.0 -.2478061E-08
  2162.0 -.2850087E-08
  2163.0 -.3163532E-08
  2164.0 -.3413273E-08
  2165.0 -.3595452E-08
  2166.0 -.3707485E-08
  2167.0 -.3748125E-08
  2168.0 -.3717444E-08
  2169.0 -.3616765E-08
  2170.0 -.3448681E-08
  2171.0 -.3216887E-08
  2172.0 -.2926172E-08
  2173.0 -.2582239E-08
  2174.0 -.2191609E-08
  2175.0 -.1761469E-08
  2176.0 -.1299530E-08
  2177.0 -.8138695E-09
  2178.0 -.3127753E-09
  2179.0 0.1954142E-09
  2180.0 0.7024465E-09
  2181.0 0.1200312E-08
  2182.0 0.1681367E-08
  2183.0 0.2138474E-08
  2184.0 0.2565067E-08
  2185.0 0.2955297E-08
  2186.0 0.3304066E-08
  2187.0 0.3607108E-08
  2188.0 0.3861014E-08
  2189.0 0.4063263E-08
  2190.0 0.4212218E-08
  2191.0 0.4307121E-08
  2192.0 0.4348076E-08
  2193.0 0.4335960E-08
  2194.0 0.4272451E-08
  2195.0 0.4159879E-08
  2196.0 0.4001182E-08
  2197.0 0.3799866E-08
  2198.0 0.3559864E-08
  2199.0 0.3285465E-08
  2200.0 0.2981242E-08
  2201.0 0.2651949E-08
  2202.0 0.2302446E-08
  2203.0 0.1937608E-08
  2204.0 0.1562268E-08
  2205.0 0.1181139E-08
  2206.0 0.7987667E-09
  2207.0 0.4194663E-09
  2208.0 0.4729056E-10
  2209.0 -.3139947E-09
  2210.0 -.6609515E-09
  2211.0 -.9904673E-09
  2212.0 -.1299774E-08
  2213.0 -.1586441E-08
  2214.0 -.1848365E-08
  2215.0 -.2083777E-08
  2216.0 -.2291207E-08
  2217.0 -.2469470E-08
  2218.0 -.2617663E-08
  2219.0 -.2735131E-08
  2220.0 -.2821443E-08
  2221.0 -.2876388E-08
  2222.0 -.2899944E-08
  2223.0 -.2892285E-08
  2224.0 -.2853750E-08
  2225.0 -.2784845E-08
  2226.0 -.2686249E-08
  2227.0 -.2558786E-08
  2228.0 -.2403465E-08
  2229.0 -.2221458E-08
  2230.0 -.2014116E-08
  2231.0 -.1782986E-08
  2232.0 -.1529808E-08
  2233.0 -.1256529E-08
  2234.0 -.9653048E-09
  2235.0 -.6585248E-09
  2236.0 -.3387860E-09
  2237.0 -.8914524E-11
  2238.0 0.3280573E-09
  2239.0 0.6688972E-09
  2240.0 0.1010182E-08
  2241.0 0.1348345E-08
  2242.0 0.1679680E-08
  2243.0 0.2000400E-08
  2244.0 0.2306675E-08
  2245.0 0.2594668E-08
  2246.0 0.2860603E-08
  2247.0 0.3100823E-08
  2248.0 0.3311839E-08
  2249.0 0.3490404E-08
  2250.0 0.3633577E-08
  2251.0 0.3738772E-08
  2252.0 0.3803831E-08
  2253.0 0.3827075E-08
  2254.0 0.3807354E-08
  2255.0 0.3744099E-08
  2256.0 0.3637342E-08
  2257.0 0.3487755E-08
  2258.0 0.3296663E-08
  2259.0 0.3066047E-08
  2260.0 0.2798547E-08
  2261.0 0.2497430E-08
  2262.0 0.2166558E-08
  2263.0 0.1810352E-08
  2264.0 0.1433741E-08
  2265.0 0.1042076E-08
  2266.0 0.6410661E-09
  2267.0 0.2366909E-09
  2268.0 -.1648996E-09
  2269.0 -.5574841E-09
  2270.0 -.9348703E-09
  2271.0 -.1291015E-08
  2272.0 -.1620112E-08
  2273.0 -.1916721E-08
  2274.0 -.2175848E-08
  2275.0 -.2393070E-08
  2276.0 -.2564587E-08
  2277.0 -.2687338E-08
  2278.0 -.2759036E-08
  2279.0 -.2778238E-08
  2280.0 -.2744392E-08
  2281.0 -.2657843E-08
  2282.0 -.2519849E-08
  2283.0 -.2332573E-08
  2284.0 -.2099054E-08
  2285.0 -.1823167E-08
  2286.0 -.1509563E-08
  2287.0 -.1163599E-08
  2288.0 -.7912406E-09
  2289.0 -.3989777E-09
  2290.0 0.6302829E-11
  2291.0 0.4174229E-09
  2292.0 0.8270454E-09
  2293.0 0.1227804E-08
  2294.0 0.1612436E-08
  2295.0 0.1973901E-08
  2296.0 0.2305530E-08
  2297.0 0.2601137E-08
  2298.0 0.2855122E-08
  2299.0 0.3062591E-08
  2300.0 0.3219449E-08
  2301.0 0.3322460E-08
  2302.0 0.3369325E-08
  2303.0 0.3358728E-08
  2304.0 0.3290350E-08
  2305.0 0.3164902E-08
  2306.0 0.2984086E-08
  2307.0 0.2750596E-08
  2308.0 0.2468056E-08
  2309.0 0.2140967E-08
  2310.0 0.1774613E-08
  2311.0 0.1375001E-08
  2312.0 0.9487242E-09
  2313.0 0.5028545E-09
  2314.0 0.4482652E-10
  2315.0 -.4177007E-09
  2316.0 -.8769774E-09
  2317.0 -.1325299E-08
  2318.0 -.1755144E-08
  2319.0 -.2159299E-08
  2320.0 -.2530995E-08
  2321.0 -.2864011E-08
  2322.0 -.3152798E-08
  2323.0 -.3392555E-08
  2324.0 -.3579334E-08
  2325.0 -.3710080E-08
  2326.0 -.3782711E-08
  2327.0 -.3796103E-08
  2328.0 -.3750156E-08
  2329.0 -.3645769E-08
  2330.0 -.3484810E-08
  2331.0 -.3270102E-08
  2332.0 -.3005340E-08
  2333.0 -.2695049E-08
  2334.0 -.2344481E-08
  2335.0 -.1959545E-08
  2336.0 -.1546673E-08
  2337.0 -.1112726E-08
  2338.0 -.6648769E-09
  2339.0 -.2104712E-09
  2340.0 0.2430841E-09
  2341.0 0.6884490E-09
  2342.0 0.1118472E-08
  2343.0 0.1526309E-08
  2344.0 0.1905534E-08
  2345.0 0.2250235E-08
  2346.0 0.2555111E-08
  2347.0 0.2815561E-08
  2348.0 0.3027719E-08
  2349.0 0.3188550E-08
  2350.0 0.3295869E-08
  2351.0 0.3348348E-08
  2352.0 0.3345557E-08
  2353.0 0.3287943E-08
  2354.0 0.3176807E-08
  2355.0 0.3014271E-08
  2356.0 0.2803243E-08
  2357.0 0.2547343E-08
  2358.0 0.2250848E-08
  2359.0 0.1918594E-08
  2360.0 0.1555911E-08
  2361.0 0.1168520E-08
  2362.0 0.7624352E-09
  2363.0 0.3438647E-09
  2364.0 -.8088331E-10
  2365.0 -.5055092E-09
  2366.0 -.9238119E-09
  2367.0 -.1329789E-08
  2368.0 -.1717719E-08
  2369.0 -.2082244E-08
  2370.0 -.2418456E-08
  2371.0 -.2721939E-08
  2372.0 -.2988838E-08
  2373.0 -.3215913E-08
  2374.0 -.3400551E-08
  2375.0 -.3540813E-08
  2376.0 -.3635432E-08
  2377.0 -.3683828E-08
  2378.0 -.3686077E-08
  2379.0 -.3642919E-08
  2380.0 -.3555711E-08
  2381.0 -.3426411E-08
  2382.0 -.3257512E-08
  2383.0 -.3051997E-08
  2384.0 -.2813288E-08
  2385.0 -.2545184E-08
  2386.0 -.2251781E-08
  2387.0 -.1937429E-08
  2388.0 -.1606632E-08
  2389.0 -.1264007E-08
  2390.0 -.9141883E-09
  2391.0 -.5617818E-09
  2392.0 -.2112841E-09
  2393.0 0.1329698E-09
  2394.0 0.4668717E-09
  2395.0 0.7865864E-09
  2396.0 0.1088597E-08
  2397.0 0.1369751E-08
  2398.0 0.1627294E-08
  2399.0 0.1858889E-08
