     0.0 0.0000000E+00
     1.0 -.9133531E-18
     2.0 0.1058650E-16
     3.0 0.7692759E-16
     4.0 0.2687908E-15
     5.0 0.6841837E-15
     6.0 0.1446018E-14
     7.0 0.2698576E-14
     8.0 0.4603311E-14
     9.0 0.7333998E-14
    10.0 0.1107132E-13
    11.0 0.1599703E-13
    12.0 0.2228800E-13
    13.0 0.3011006E-13
    14.0 0.3961208E-13
    15.0 0.5092013E-13
    16.0 0.6413212E-13
    17.0 0.7931274E-13
    18.0 0.9648901E-13
    19.0 0.1156463E-12
    20.0 0.1367251E-12
    21.0 0.1596181E-12
    22.0 0.1841684E-12
    23.0 0.2101675E-12
    24.0 0.2373546E-12
    25.0 0.2654161E-12
    26.0 0.2939859E-12
    27.0 0.3226454E-12
    28.0 0.3509252E-12
    29.0 0.3783064E-12
    30.0 0.4042230E-12
    31.0 0.4280646E-12
    32.0 0.4491804E-12
    33.0 0.4668821E-12
    34.0 0.4804513E-12
    35.0 0.4891437E-12
    36.0 0.4921970E-12
    37.0 0.4888391E-12
    38.0 0.4782981E-12
    39.0 0.4598121E-12
    40.0 0.4326413E-12
    41.0 0.3960804E-12
    42.0 0.3494735E-12
    43.0 0.2922271E-12
    44.0 0.2238265E-12
    45.0 0.1438500E-12
    46.0 0.5198473E-13
    47.0 -.5195996E-13
    48.0 -.1680378E-12
    49.0 -.2961551E-12
    50.0 -.4360597E-12
    51.0 -.5873350E-12
    52.0 -.7493950E-12
    53.0 -.9214839E-12
    54.0 -.1102678E-11
    55.0 -.1291897E-11
    56.0 -.1487910E-11
    57.0 -.1689355E-11
    58.0 -.1894761E-11
    59.0 -.2102567E-11
    60.0 -.2311157E-11
    61.0 -.2518887E-11
    62.0 -.2724122E-11
    63.0 -.2925272E-11
    64.0 -.3120830E-11
    65.0 -.3309410E-11
    66.0 -.3489779E-11
    67.0 -.3660903E-11
    68.0 -.3821964E-11
    69.0 -.3972404E-11
    70.0 -.4111927E-11
    71.0 -.4240533E-11
    72.0 -.4358521E-11
    73.0 -.4466484E-11
    74.0 -.4565309E-11
    75.0 -.4656164E-11
    76.0 -.4740465E-11
    77.0 -.4819853E-11
    78.0 -.4896151E-11
    79.0 -.4971326E-11
    80.0 -.5047426E-11
    81.0 -.5126527E-11
    82.0 -.5210687E-11
    83.0 -.5301865E-11
    84.0 -.5401885E-11
    85.0 -.5512351E-11
    86.0 -.5634619E-11
    87.0 -.5769722E-11
    88.0 -.5918354E-11
    89.0 -.6080817E-11
    90.0 -.6257011E-11
    91.0 -.6446399E-11
    92.0 -.6648034E-11
    93.0 -.6860549E-11
    94.0 -.7082186E-11
    95.0 -.7310826E-11
    96.0 -.7544033E-11
    97.0 -.7779127E-11
    98.0 -.8013197E-11
    99.0 -.8243243E-11
   100.0 -.8466170E-11
   101.0 -.8678938E-11
   102.0 -.8878624E-11
   103.0 -.9062550E-11
   104.0 -.9228379E-11
   105.0 -.9374144E-11
   106.0 -.9498359E-11
   107.0 -.9600047E-11
   108.0 -.9678750E-11
   109.0 -.9734596E-11
   110.0 -.9768289E-11
   111.0 -.9781061E-11
   112.0 -.9774683E-11
   113.0 -.9751433E-11
   114.0 -.9713971E-11
   115.0 -.9665333E-11
   116.0 -.9608818E-11
   117.0 -.9547880E-11
   118.0 -.9486079E-11
   119.0 -.9426900E-11
   120.0 -.9373716E-11
   121.0 -.9329644E-11
   122.0 -.9297460E-11
   123.0 -.9279509E-11
   124.0 -.9277628E-11
   125.0 -.9293058E-11
   126.0 -.9326421E-11
   127.0 -.9377674E-11
   128.0 -.9446084E-11
   129.0 -.9530240E-11
   130.0 -.9628093E-11
   131.0 -.9736969E-11
   132.0 -.9853642E-11
   133.0 -.9974424E-11
   134.0 -.1009525E-10
   135.0 -.1021179E-10
   136.0 -.1031956E-10
   137.0 -.1041404E-10
   138.0 -.1049084E-10
   139.0 -.1054579E-10
   140.0 -.1057510E-10
   141.0 -.1057548E-10
   142.0 -.1054419E-10
   143.0 -.1047926E-10
   144.0 -.1037947E-10
   145.0 -.1024443E-10
   146.0 -.1007471E-10
   147.0 -.9871722E-11
   148.0 -.9637829E-11
   149.0 -.9376292E-11
   150.0 -.9091193E-11
   151.0 -.8787368E-11
   152.0 -.8470340E-11
   153.0 -.8146143E-11
   154.0 -.7821277E-11
   155.0 -.7502434E-11
   156.0 -.7196421E-11
   157.0 -.6909988E-11
   158.0 -.6649583E-11
   159.0 -.6421260E-11
   160.0 -.6230428E-11
   161.0 -.6081742E-11
   162.0 -.5978930E-11
   163.0 -.5924645E-11
   164.0 -.5920383E-11
   165.0 -.5966378E-11
   166.0 -.6061550E-11
   167.0 -.6203437E-11
   168.0 -.6388255E-11
   169.0 -.6610910E-11
   170.0 -.6865023E-11
   171.0 -.7143108E-11
   172.0 -.7436648E-11
   173.0 -.7736280E-11
   174.0 -.8031958E-11
   175.0 -.8313202E-11
   176.0 -.8569308E-11
   177.0 -.8789593E-11
   178.0 -.8963682E-11
   179.0 -.9081686E-11
   180.0 -.9134555E-11
   181.0 -.9114270E-11
   182.0 -.9014072E-11
   183.0 -.8828712E-11
   184.0 -.8554586E-11
   185.0 -.8189907E-11
   186.0 -.7734852E-11
   187.0 -.7191594E-11
   188.0 -.6564336E-11
   189.0 -.5859326E-11
   190.0 -.5084758E-11
   191.0 -.4250666E-11
   192.0 -.3368795E-11
   193.0 -.2452349E-11
   194.0 -.1515787E-11
   195.0 -.5744984E-12
   196.0 0.3554839E-12
   197.0 0.1257835E-11
   198.0 0.2116313E-11
   199.0 0.2915104E-11
   200.0 0.3639251E-11
   201.0 0.4274958E-11
   202.0 0.4809999E-11
   203.0 0.5234001E-11
   204.0 0.5538810E-11
   205.0 0.5718688E-11
   206.0 0.5770523E-11
   207.0 0.5694044E-11
   208.0 0.5491856E-11
   209.0 0.5169504E-11
   210.0 0.4735408E-11
   211.0 0.4200799E-11
   212.0 0.3579529E-11
   213.0 0.2887803E-11
   214.0 0.2143925E-11
   215.0 0.1367937E-11
   216.0 0.5811596E-12
   217.0 -.1941788E-12
   218.0 -.9354964E-12
   219.0 -.1620310E-11
   220.0 -.2226784E-11
   221.0 -.2734223E-11
   222.0 -.3123592E-11
   223.0 -.3377961E-11
   224.0 -.3482987E-11
   225.0 -.3427253E-11
   226.0 -.3202663E-11
   227.0 -.2804637E-11
   228.0 -.2232349E-11
   229.0 -.1488784E-11
   230.0 -.5808250E-12
   231.0 0.4808864E-12
   232.0 0.1682059E-11
   233.0 0.3005057E-11
   234.0 0.4429161E-11
   235.0 0.5931012E-11
   236.0 0.7485094E-11
   237.0 0.9064258E-11
   238.0 0.1064028E-10
   239.0 0.1218455E-10
   240.0 0.1366862E-10
   241.0 0.1506491E-10
   242.0 0.1634731E-10
   243.0 0.1749180E-10
   244.0 0.1847706E-10
   245.0 0.1928491E-10
   246.0 0.1990077E-10
   247.0 0.2031415E-10
   248.0 0.2051877E-10
   249.0 0.2051285E-10
   250.0 0.2029919E-10
   251.0 0.1988506E-10
   252.0 0.1928218E-10
   253.0 0.1850650E-10
   254.0 0.1757773E-10
   255.0 0.1651908E-10
   256.0 0.1535663E-10
   257.0 0.1411883E-10
   258.0 0.1283576E-10
   259.0 0.1153859E-10
   260.0 0.1025871E-10
   261.0 0.9027060E-11
   262.0 0.7873486E-11
   263.0 0.6825854E-11
   264.0 0.5909609E-11
   265.0 0.5146978E-11
   266.0 0.4556531E-11
   267.0 0.4152708E-11
   268.0 0.3945525E-11
   269.0 0.3940197E-11
   270.0 0.4137103E-11
   271.0 0.4531753E-11
   272.0 0.5114877E-11
   273.0 0.5872643E-11
   274.0 0.6786991E-11
   275.0 0.7836061E-11
   276.0 0.8994772E-11
   277.0 0.1023534E-10
   278.0 0.1152807E-10
   279.0 0.1284204E-10
   280.0 0.1414586E-10
   281.0 0.1540852E-10
   282.0 0.1660012E-10
   283.0 0.1769266E-10
   284.0 0.1866073E-10
   285.0 0.1948220E-10
   286.0 0.2013876E-10
   287.0 0.2061654E-10
   288.0 0.2090624E-10
   289.0 0.2100362E-10
   290.0 0.2090954E-10
   291.0 0.2062991E-10
   292.0 0.2017573E-10
   293.0 0.1956253E-10
   294.0 0.1881038E-10
   295.0 0.1794294E-10
   296.0 0.1698722E-10
   297.0 0.1597257E-10
   298.0 0.1493011E-10
   299.0 0.1389175E-10
   300.0 0.1288931E-10
   301.0 0.1195362E-10
   302.0 0.1111365E-10
   303.0 0.1039565E-10
   304.0 0.9822225E-11
   305.0 0.9411741E-11
   306.0 0.9177554E-11
   307.0 0.9127588E-11
   308.0 0.9263876E-11
   309.0 0.9582352E-11
   310.0 0.1007267E-10
   311.0 0.1071844E-10
   312.0 0.1149740E-10
   313.0 0.1238172E-10
   314.0 0.1333876E-10
   315.0 0.1433164E-10
   316.0 0.1532024E-10
   317.0 0.1626213E-10
   318.0 0.1711365E-10
   319.0 0.1783106E-10
   320.0 0.1837177E-10
   321.0 0.1869565E-10
   322.0 0.1876617E-10
   323.0 0.1855155E-10
   324.0 0.1802604E-10
   325.0 0.1717069E-10
   326.0 0.1597447E-10
   327.0 0.1443478E-10
   328.0 0.1255808E-10
   329.0 0.1036019E-10
   330.0 0.7866342E-11
   331.0 0.5111088E-11
   332.0 0.2137892E-11
   333.0 -.1001535E-11
   334.0 -.4248093E-11
   335.0 -.7536295E-11
   336.0 -.1079581E-10
   337.0 -.1395271E-10
   338.0 -.1693134E-10
   339.0 -.1965597E-10
   340.0 -.2205278E-10
   341.0 -.2405171E-10
   342.0 -.2558848E-10
   343.0 -.2660642E-10
   344.0 -.2705825E-10
   345.0 -.2690783E-10
   346.0 -.2613165E-10
   347.0 -.2471989E-10
   348.0 -.2267765E-10
   349.0 -.2002538E-10
   350.0 -.1679944E-10
   351.0 -.1305187E-10
   352.0 -.8850107E-11
   353.0 -.4276155E-11
   354.0 0.5746524E-12
   355.0 0.5595137E-11
   356.0 0.1066826E-10
   357.0 0.1566933E-10
   358.0 0.2046859E-10
   359.0 0.2493398E-10
   360.0 0.2893417E-10
   361.0 0.3234163E-10
   362.0 0.3503588E-10
   363.0 0.3690671E-10
   364.0 0.3785714E-10
   365.0 0.3780654E-10
   366.0 0.3669336E-10
   367.0 0.3447745E-10
   368.0 0.3114221E-10
   369.0 0.2669611E-10
   370.0 0.2117405E-10
   371.0 0.1463754E-10
   372.0 0.7175124E-11
   373.0 -.1098600E-11
   374.0 -.1004398E-10
   375.0 -.1949828E-10
   376.0 -.2927824E-10
   377.0 -.3918302E-10
   378.0 -.4899779E-10
   379.0 -.5849824E-10
   380.0 -.6745432E-10
   381.0 -.7563591E-10
   382.0 -.8281758E-10
   383.0 -.8878361E-10
   384.0 -.9333360E-10
   385.0 -.9628755E-10
   386.0 -.9749078E-10
   387.0 -.9681852E-10
   388.0 -.9418050E-10
   389.0 -.8952388E-10
   390.0 -.8283658E-10
   391.0 -.7414992E-10
   392.0 -.6353922E-10
   393.0 -.5112476E-10
   394.0 -.3707126E-10
   395.0 -.2158609E-10
   396.0 -.4917055E-11
   397.0 0.1265106E-10
   398.0 0.3080112E-10
   399.0 0.4918887E-10
   400.0 0.6744893E-10
   401.0 0.8520189E-10
   402.0 0.1020619E-09
   403.0 0.1176441E-09
   404.0 0.1315732E-09
   405.0 0.1434925E-09
   406.0 0.1530708E-09
   407.0 0.1600123E-09
   408.0 0.1640630E-09
   409.0 0.1650189E-09
   410.0 0.1627318E-09
   411.0 0.1571153E-09
   412.0 0.1481493E-09
   413.0 0.1358825E-09
   414.0 0.1204359E-09
   415.0 0.1020016E-09
   416.0 0.8084315E-10
   417.0 0.5729220E-10
   418.0 0.3174484E-10
   419.0 0.4656140E-11
   420.0 -.2346715E-10
   421.0 -.5207484E-10
   422.0 -.8058303E-10
   423.0 -.1083845E-09
   424.0 -.1348608E-09
   425.0 -.1593944E-09
   426.0 -.1813813E-09
   427.0 -.2002439E-09
   428.0 -.2154467E-09
   429.0 -.2265021E-09
   430.0 -.2329916E-09
   431.0 -.2345707E-09
   432.0 -.2309799E-09
   433.0 -.2220569E-09
   434.0 -.2077398E-09
   435.0 -.1880740E-09
   436.0 -.1632166E-09
   437.0 -.1334372E-09
   438.0 -.9911501E-10
   439.0 -.6073880E-10
   440.0 -.1889884E-10
   441.0 0.2571924E-10
   442.0 0.7234578E-10
   443.0 0.1201384E-09
   444.0 0.1681960E-09
   445.0 0.2155752E-09
   446.0 0.2613070E-09
   447.0 0.3044148E-09
   448.0 0.3439344E-09
   449.0 0.3789338E-09
   450.0 0.4085316E-09
   451.0 0.4319183E-09
   452.0 0.4483736E-09
   453.0 0.4572854E-09
   454.0 0.4581661E-09
   455.0 0.4506655E-09
   456.0 0.4345858E-09
   457.0 0.4098888E-09
   458.0 0.3767049E-09
   459.0 0.3353364E-09
   460.0 0.2862585E-09
   461.0 0.2301174E-09
   462.0 0.1677233E-09
   463.0 0.1000435E-09
   464.0 0.2818753E-10
   465.0 -.4660665E-10
   466.0 -.1229919E-09
   467.0 -.1995331E-09
   468.0 -.2747303E-09
   469.0 -.3470458E-09
   470.0 -.4149295E-09
   471.0 -.4768480E-09
   472.0 -.5313148E-09
   473.0 -.5769174E-09
   474.0 -.6123485E-09
   475.0 -.6364297E-09
   476.0 -.6481431E-09
   477.0 -.6466499E-09
   478.0 -.6313151E-09
   479.0 -.6017243E-09
   480.0 -.5576996E-09
   481.0 -.4993109E-09
   482.0 -.4268797E-09
   483.0 -.3409857E-09
   484.0 -.2424622E-09
   485.0 -.1323883E-09
   486.0 -.1207920E-10
   487.0 0.1169307E-09
   488.0 0.2529086E-09
   489.0 0.3939470E-09
   490.0 0.5379941E-09
   491.0 0.6828833E-09
   492.0 0.8263690E-09
   493.0 0.9661644E-09
   494.0 0.1099976E-08
   495.0 0.1225549E-08
   496.0 0.1340703E-08
   497.0 0.1443370E-08
   498.0 0.1531641E-08
   499.0 0.1603788E-08
   500.0 0.1658311E-08
   501.0 0.1693962E-08
   502.0 0.1709769E-08
   503.0 0.1705068E-08
   504.0 0.1679507E-08
   505.0 0.1633069E-08
   506.0 0.1566072E-08
   507.0 0.1479167E-08
   508.0 0.1373346E-08
   509.0 0.1249907E-08
   510.0 0.1110461E-08
   511.0 0.9568972E-09
   512.0 0.7913515E-09
   513.0 0.6161792E-09
   514.0 0.4339186E-09
   515.0 0.2472441E-09
   516.0 0.5892895E-10
   517.0 -.1282066E-09
   518.0 -.3113393E-09
   519.0 -.4876928E-09
   520.0 -.6545838E-09
   521.0 -.8094695E-09
   522.0 -.9499965E-09
   523.0 -.1074032E-08
   524.0 -.1179711E-08
   525.0 -.1265467E-08
   526.0 -.1330061E-08
   527.0 -.1372598E-08
   528.0 -.1392559E-08
   529.0 -.1389792E-08
   530.0 -.1364529E-08
   531.0 -.1317382E-08
   532.0 -.1249320E-08
   533.0 -.1161676E-08
   534.0 -.1056097E-08
   535.0 -.9345387E-09
   536.0 -.7992170E-09
   537.0 -.6525729E-09
   538.0 -.4972296E-09
   539.0 -.3359478E-09
   540.0 -.1715706E-09
   541.0 -.6982246E-11
   542.0 0.1549520E-09
   543.0 0.3114302E-09
   544.0 0.4597672E-09
   545.0 0.5974402E-09
   546.0 0.7221332E-09
   547.0 0.8317768E-09
   548.0 0.9245864E-09
   549.0 0.9990864E-09
   550.0 0.1054143E-08
   551.0 0.1088976E-08
   552.0 0.1103172E-08
   553.0 0.1096689E-08
   554.0 0.1069850E-08
   555.0 0.1023346E-08
   556.0 0.9582032E-09
   557.0 0.8757746E-09
   558.0 0.7777011E-09
   559.0 0.6658880E-09
   560.0 0.5424609E-09
   561.0 0.4097245E-09
   562.0 0.2701190E-09
   563.0 0.1261721E-09
   564.0 -.1954848E-10
   565.0 -.1644843E-09
   566.0 -.3061337E-09
   567.0 -.4420982E-09
   568.0 -.5701259E-09
   569.0 -.6881531E-09
   570.0 -.7943388E-09
   571.0 -.8870978E-09
   572.0 -.9651283E-09
   573.0 -.1027429E-08
   574.0 -.1073314E-08
   575.0 -.1102423E-08
   576.0 -.1114725E-08
   577.0 -.1110501E-08
   578.0 -.1090353E-08
   579.0 -.1055165E-08
   580.0 -.1006097E-08
   581.0 -.9445459E-09
   582.0 -.8721230E-09
   583.0 -.7906070E-09
   584.0 -.7019134E-09
   585.0 -.6080497E-09
   586.0 -.5110737E-09
   587.0 -.4130501E-09
   588.0 -.3160083E-09
   589.0 -.2219009E-09
   590.0 -.1325652E-09
   591.0 -.4968774E-10
   592.0 0.2522961E-10
   593.0 0.9089603E-10
   594.0 0.1462560E-09
   595.0 0.1905060E-09
   596.0 0.2231095E-09
   597.0 0.2437989E-09
   598.0 0.2525830E-09
   599.0 0.2497342E-09
   600.0 0.2357829E-09
   601.0 0.2115010E-09
   602.0 0.1778787E-09
   603.0 0.1361000E-09
   604.0 0.8751425E-10
   605.0 0.3360131E-10
   606.0 -.2406282E-10
   607.0 -.8384009E-10
   608.0 -.1440743E-09
   609.0 -.2031228E-09
   610.0 -.2593977E-09
   611.0 -.3114007E-09
   612.0 -.3577558E-09
   613.0 -.3972400E-09
   614.0 -.4288122E-09
   615.0 -.4516327E-09
   616.0 -.4650841E-09
   617.0 -.4687816E-09
   618.0 -.4625844E-09
   619.0 -.4465942E-09
   620.0 -.4211549E-09
   621.0 -.3868448E-09
   622.0 -.3444593E-09
   623.0 -.2949948E-09
   624.0 -.2396284E-09
   625.0 -.1796856E-09
   626.0 -.1166152E-09
   627.0 -.5195414E-10
   628.0 0.1270725E-10
   629.0 0.7575866E-10
   630.0 0.1356106E-09
   631.0 0.1907237E-09
   632.0 0.2396505E-09
   633.0 0.2810640E-09
   634.0 0.3137857E-09
   635.0 0.3368178E-09
   636.0 0.3493638E-09
   637.0 0.3508434E-09
   638.0 0.3409124E-09
   639.0 0.3194655E-09
   640.0 0.2866465E-09
   641.0 0.2428374E-09
   642.0 0.1886599E-09
   643.0 0.1249562E-09
   644.0 0.5277815E-10
   645.0 -.2663972E-10
   646.0 -.1119041E-09
   647.0 -.2014891E-09
   648.0 -.2937737E-09
   649.0 -.3870690E-09
   650.0 -.4796599E-09
   651.0 -.5698331E-09
   652.0 -.6559219E-09
   653.0 -.7363321E-09
   654.0 -.8095798E-09
   655.0 -.8743153E-09
   656.0 -.9293598E-09
   657.0 -.9737187E-09
   658.0 -.1006609E-08
   659.0 -.1027462E-08
   660.0 -.1035947E-08
   661.0 -.1031964E-08
   662.0 -.1015646E-08
   663.0 -.9873549E-09
   664.0 -.9476675E-09
   665.0 -.8973676E-09
   666.0 -.8374086E-09
   667.0 -.7689122E-09
   668.0 -.6931241E-09
   669.0 -.6113959E-09
   670.0 -.5251462E-09
   671.0 -.4358370E-09
   672.0 -.3449336E-09
   673.0 -.2538829E-09
   674.0 -.1640754E-09
   675.0 -.7682160E-10
   676.0 0.6673177E-11
   677.0 0.8532901E-10
   678.0 0.1582117E-09
   679.0 0.2245429E-09
   680.0 0.2837101E-09
   681.0 0.3352680E-09
   682.0 0.3789424E-09
   683.0 0.4146175E-09
   684.0 0.4423303E-09
   685.0 0.4622566E-09
   686.0 0.4746894E-09
   687.0 0.4800205E-09
   688.0 0.4787153E-09
   689.0 0.4712887E-09
   690.0 0.4582799E-09
   691.0 0.4402284E-09
   692.0 0.4176378E-09
   693.0 0.3909695E-09
   694.0 0.3606089E-09
   695.0 0.3268518E-09
   696.0 0.2898926E-09
   697.0 0.2498107E-09
   698.0 0.2065710E-09
   699.0 0.1600192E-09
   700.0 0.1098918E-09
   701.0 0.5582648E-10
   702.0 -.2622362E-11
   703.0 -.6596190E-10
   704.0 -.1347363E-09
   705.0 -.2094951E-09
   706.0 -.2907626E-09
   707.0 -.3790057E-09
   708.0 -.4745952E-09
   709.0 -.5777728E-09
   710.0 -.6886190E-09
   711.0 -.8070168E-09
   712.0 -.9326296E-09
   713.0 -.1064873E-08
   714.0 -.1202900E-08
   715.0 -.1345588E-08
   716.0 -.1491537E-08
   717.0 -.1639069E-08
   718.0 -.1786247E-08
   719.0 -.1930885E-08
   720.0 -.2070589E-08
   721.0 -.2202785E-08
   722.0 -.2324770E-08
   723.0 -.2433759E-08
   724.0 -.2526951E-08
   725.0 -.2601583E-08
   726.0 -.2655000E-08
   727.0 -.2684731E-08
   728.0 -.2688558E-08
   729.0 -.2664568E-08
   730.0 -.2611243E-08
   731.0 -.2527508E-08
   732.0 -.2412787E-08
   733.0 -.2267052E-08
   734.0 -.2090859E-08
   735.0 -.1885376E-08
   736.0 -.1652391E-08
   737.0 -.1394321E-08
   738.0 -.1114189E-08
   739.0 -.8156023E-09
   740.0 -.5027049E-09
   741.0 -.1801215E-09
   742.0 0.1471078E-09
   743.0 0.4736231E-09
   744.0 0.7938287E-09
   745.0 0.1102005E-08
   746.0 0.1392412E-08
   747.0 0.1659425E-08
   748.0 0.1897648E-08
   749.0 0.2102023E-08
   750.0 0.2267972E-08
   751.0 0.2391505E-08
   752.0 0.2469330E-08
   753.0 0.2498950E-08
   754.0 0.2478746E-08
   755.0 0.2408057E-08
   756.0 0.2287229E-08
   757.0 0.2117650E-08
   758.0 0.1901771E-08
   759.0 0.1643081E-08
   760.0 0.1346096E-08
   761.0 0.1016295E-08
   762.0 0.6600554E-09
   763.0 0.2845504E-09
   764.0 -.1023712E-09
   765.0 -.4923082E-09
   766.0 -.8764693E-09
   767.0 -.1245832E-08
   768.0 -.1591317E-08
   769.0 -.1903975E-08
   770.0 -.2175179E-08
   771.0 -.2396791E-08
   772.0 -.2561369E-08
   773.0 -.2662325E-08
   774.0 -.2694108E-08
   775.0 -.2652332E-08
   776.0 -.2533920E-08
   777.0 -.2337216E-08
   778.0 -.2062053E-08
   779.0 -.1709829E-08
   780.0 -.1283519E-08
   781.0 -.7876862E-09
   782.0 -.2284439E-09
   783.0 0.3866145E-09
   784.0 0.1048504E-08
   785.0 0.1746969E-08
   786.0 0.2470649E-08
   787.0 0.3207251E-08
   788.0 0.3943746E-08
   789.0 0.4666598E-08
   790.0 0.5362002E-08
   791.0 0.6016119E-08
   792.0 0.6615365E-08
   793.0 0.7146617E-08
   794.0 0.7597503E-08
   795.0 0.7956680E-08
   796.0 0.8213986E-08
   797.0 0.8360741E-08
   798.0 0.8389901E-08
   799.0 0.8296246E-08
   800.0 0.8076512E-08
   801.0 0.7729525E-08
   802.0 0.7256225E-08
   803.0 0.6659784E-08
   804.0 0.5945534E-08
   805.0 0.5120983E-08
   806.0 0.4195693E-08
   807.0 0.3181204E-08
   808.0 0.2090853E-08
   809.0 0.9396156E-09
   810.0 -.2561320E-09
   811.0 -.1478849E-08
   812.0 -.2710097E-08
   813.0 -.3930844E-08
   814.0 -.5121726E-08
   815.0 -.6263435E-08
   816.0 -.7336943E-08
   817.0 -.8323916E-08
   818.0 -.9206944E-08
   819.0 -.9969887E-08
   820.0 -.1059816E-07
   821.0 -.1107894E-07
   822.0 -.1140147E-07
   823.0 -.1155721E-07
   824.0 -.1154009E-07
   825.0 -.1134648E-07
   826.0 -.1097547E-07
   827.0 -.1042879E-07
   828.0 -.9710903E-08
   829.0 -.8828910E-08
   830.0 -.7792520E-08
   831.0 -.6613907E-08
   832.0 -.5307540E-08
   833.0 -.3890039E-08
   834.0 -.2379931E-08
   835.0 -.7973410E-09
   836.0 0.8362492E-09
   837.0 0.2498310E-08
   838.0 0.4165609E-08
   839.0 0.5814543E-08
   840.0 0.7421476E-08
   841.0 0.8963136E-08
   842.0 0.1041688E-07
   843.0 0.1176113E-07
   844.0 0.1297564E-07
   845.0 0.1404180E-07
   846.0 0.1494294E-07
   847.0 0.1566462E-07
   848.0 0.1619481E-07
   849.0 0.1652409E-07
   850.0 0.1664585E-07
   851.0 0.1655629E-07
   852.0 0.1625471E-07
   853.0 0.1574331E-07
   854.0 0.1502733E-07
   855.0 0.1411491E-07
   856.0 0.1301706E-07
   857.0 0.1174748E-07
   858.0 0.1032238E-07
   859.0 0.8760291E-08
   860.0 0.7081811E-08
   861.0 0.5309316E-08
   862.0 0.3466638E-08
   863.0 0.1578757E-08
   864.0 -.3285507E-09
   865.0 -.2229078E-08
   866.0 -.4096549E-08
   867.0 -.5905023E-08
   868.0 -.7629232E-08
   869.0 -.9244938E-08
   870.0 -.1072933E-07
   871.0 -.1206133E-07
   872.0 -.1322190E-07
   873.0 -.1419432E-07
   874.0 -.1496449E-07
   875.0 -.1552108E-07
   876.0 -.1585577E-07
   877.0 -.1596334E-07
   878.0 -.1584176E-07
   879.0 -.1549236E-07
   880.0 -.1491962E-07
   881.0 -.1413127E-07
   882.0 -.1313818E-07
   883.0 -.1195418E-07
   884.0 -.1059590E-07
   885.0 -.9082534E-08
   886.0 -.7435569E-08
   887.0 -.5678437E-08
   888.0 -.3836274E-08
   889.0 -.1935480E-08
   890.0 -.3331511E-11
   891.0 0.1932386E-08
   892.0 0.3843824E-08
   893.0 0.5703487E-08
   894.0 0.7484619E-08
   895.0 0.9161675E-08
   896.0 0.1071065E-07
   897.0 0.1210949E-07
   898.0 0.1333848E-07
   899.0 0.1438041E-07
   900.0 0.1522100E-07
   901.0 0.1584909E-07
   902.0 0.1625679E-07
   903.0 0.1643959E-07
   904.0 0.1639652E-07
   905.0 0.1613010E-07
   906.0 0.1564632E-07
   907.0 0.1495457E-07
   908.0 0.1406743E-07
   909.0 0.1300051E-07
   910.0 0.1177224E-07
   911.0 0.1040343E-07
   912.0 0.8917049E-08
   913.0 0.7337813E-08
   914.0 0.5691704E-08
   915.0 0.4005638E-08
   916.0 0.2306913E-08
   917.0 0.6227847E-09
   918.0 -.1019979E-08
   919.0 -.2595588E-08
   920.0 -.4079664E-08
   921.0 -.5449629E-08
   922.0 -.6685134E-08
   923.0 -.7768404E-08
   924.0 -.8684475E-08
   925.0 -.9421526E-08
   926.0 -.9971016E-08
   927.0 -.1032785E-07
   928.0 -.1049043E-07
   929.0 -.1046069E-07
   930.0 -.1024397E-07
   931.0 -.9848979E-08
   932.0 -.9287497E-08
   933.0 -.8574265E-08
   934.0 -.7726559E-08
   935.0 -.6763940E-08
   936.0 -.5707762E-08
   937.0 -.4580829E-08
   938.0 -.3406883E-08
   939.0 -.2210166E-08
   940.0 -.1014928E-08
   941.0 0.1550771E-09
   942.0 0.1277025E-08
   943.0 0.2329494E-08
   944.0 0.3292891E-08
   945.0 0.4149800E-08
   946.0 0.4885355E-08
   947.0 0.5487506E-08
   948.0 0.5947243E-08
   949.0 0.6258757E-08
   950.0 0.6419519E-08
   951.0 0.6430334E-08
   952.0 0.6295237E-08
   953.0 0.6021419E-08
   954.0 0.5619024E-08
   955.0 0.5100859E-08
   956.0 0.4482160E-08
   957.0 0.3780117E-08
   958.0 0.3013607E-08
   959.0 0.2202567E-08
   960.0 0.1367703E-08
   961.0 0.5298598E-09
   962.0 -.2904105E-09
   963.0 -.1073355E-08
   964.0 -.1800480E-08
   965.0 -.2455022E-08
   966.0 -.3022349E-08
   967.0 -.3490307E-08
   968.0 -.3849557E-08
   969.0 -.4093788E-08
   970.0 -.4219899E-08
   971.0 -.4228126E-08
   972.0 -.4121990E-08
   973.0 -.3908326E-08
   974.0 -.3597080E-08
   975.0 -.3201095E-08
   976.0 -.2735866E-08
   977.0 -.2219138E-08
   978.0 -.1670490E-08
   979.0 -.1110890E-08
   980.0 -.5621579E-09
   981.0 -.4642651E-10
   982.0 0.4144122E-09
   983.0 0.7992899E-09
   984.0 0.1088510E-08
   985.0 0.1264304E-08
   986.0 0.1311314E-08
   987.0 0.1217087E-08
   988.0 0.9724378E-09
   989.0 0.5718212E-09
   990.0 0.1355465E-10
   991.0 -.6999736E-09
   992.0 -.1562278E-08
   993.0 -.2562755E-08
   994.0 -.3686812E-08
   995.0 -.4916087E-08
   996.0 -.6228764E-08
   997.0 -.7599939E-08
   998.0 -.9002202E-08
   999.0 -.1040605E-07
  1000.0 -.1178068E-07
  1001.0 -.1309450E-07
  1002.0 -.1431599E-07
  1003.0 -.1541438E-07
  1004.0 -.1636032E-07
  1005.0 -.1712679E-07
  1006.0 -.1768962E-07
  1007.0 -.1802831E-07
  1008.0 -.1812647E-07
  1009.0 -.1797252E-07
  1010.0 -.1755998E-07
  1011.0 -.1688787E-07
  1012.0 -.1596093E-07
  1013.0 -.1478971E-07
  1014.0 -.1339052E-07
  1015.0 -.1178529E-07
  1016.0 -.1000129E-07
  1017.0 -.8070666E-08
  1018.0 -.6029960E-08
  1019.0 -.3919413E-08
  1020.0 -.1782195E-08
  1021.0 0.3364037E-09
  1022.0 0.2389923E-08
  1023.0 0.4331727E-08
  1024.0 0.6115974E-08
  1025.0 0.7698664E-08
  1026.0 0.9038694E-08
  1027.0 0.1009882E-07
  1028.0 0.1084654E-07
  1029.0 0.1125508E-07
  1030.0 0.1130406E-07
  1031.0 0.1098014E-07
  1032.0 0.1027765E-07
  1033.0 0.9198834E-08
  1034.0 0.7754082E-08
  1035.0 0.5962014E-08
  1036.0 0.3849316E-08
  1037.0 0.1450392E-08
  1038.0 -.1193085E-08
  1039.0 -.4032896E-08
  1040.0 -.7015051E-08
  1041.0 -.1008084E-07
  1042.0 -.1316784E-07
  1043.0 -.1621132E-07
  1044.0 -.1914538E-07
  1045.0 -.2190445E-07
  1046.0 -.2442463E-07
  1047.0 -.2664523E-07
  1048.0 -.2851007E-07
  1049.0 -.2996883E-07
  1050.0 -.3097855E-07
  1051.0 -.3150435E-07
  1052.0 -.3152094E-07
  1053.0 -.3101306E-07
  1054.0 -.2997636E-07
  1055.0 -.2841785E-07
  1056.0 -.2635593E-07
  1057.0 -.2382066E-07
  1058.0 -.2085320E-07
  1059.0 -.1750549E-07
  1060.0 -.1383943E-07
  1061.0 -.9925929E-08
  1062.0 -.5843572E-08
  1063.0 -.1677340E-08
  1064.0 0.2483062E-08
  1065.0 0.6545001E-08
  1066.0 0.1041471E-07
  1067.0 0.1399930E-07
  1068.0 0.1720878E-07
  1069.0 0.1995805E-07
  1070.0 0.2216893E-07
  1071.0 0.2377205E-07
  1072.0 0.2470864E-07
  1073.0 0.2493219E-07
  1074.0 0.2440988E-07
  1075.0 0.2312377E-07
  1076.0 0.2107180E-07
  1077.0 0.1826849E-07
  1078.0 0.1474502E-07
  1079.0 0.1054962E-07
  1080.0 0.5746929E-08
  1081.0 0.4174875E-09
  1082.0 -.5343390E-08
  1083.0 -.1142685E-07
  1084.0 -.1771231E-07
  1085.0 -.2406933E-07
  1086.0 -.3035989E-07
  1087.0 -.3644068E-07
  1088.0 -.4216623E-07
  1089.0 -.4739097E-07
  1090.0 -.5197268E-07
  1091.0 -.5577524E-07
  1092.0 -.5867123E-07
  1093.0 -.6054525E-07
  1094.0 -.6129615E-07
  1095.0 -.6083969E-07
  1096.0 -.5911087E-07
  1097.0 -.5606557E-07
  1098.0 -.5168240E-07
  1099.0 -.4596393E-07
  1100.0 -.3893722E-07
  1101.0 -.3065445E-07
  1102.0 -.2119281E-07
  1103.0 -.1065356E-07
  1104.0 0.8385925E-09
  1105.0 0.1313725E-07
  1106.0 0.2607634E-07
  1107.0 0.3947237E-07
  1108.0 0.5312747E-07
  1109.0 0.6683212E-07
  1110.0 0.8036942E-07
  1111.0 0.9351751E-07
  1112.0 0.1060550E-06
  1113.0 0.1177637E-06
  1114.0 0.1284334E-06
  1115.0 0.1378653E-06
  1116.0 0.1458764E-06
  1117.0 0.1523035E-06
  1118.0 0.1570056E-06
  1119.0 0.1598678E-06
  1120.0 0.1608041E-06
  1121.0 0.1597593E-06
  1122.0 0.1567110E-06
  1123.0 0.1516707E-06
  1124.0 0.1446848E-06
  1125.0 0.1358345E-06
  1126.0 0.1252342E-06
  1127.0 0.1130322E-06
  1128.0 0.9940722E-07
  1129.0 0.8456702E-07
  1130.0 0.6874451E-07
  1131.0 0.5219484E-07
  1132.0 0.3519115E-07
  1133.0 0.1802032E-07
  1134.0 0.9778152E-09
  1135.0 -.1563699E-07
  1136.0 -.3152620E-07
  1137.0 -.4639854E-07
  1138.0 -.5997499E-07
  1139.0 -.7199355E-07
  1140.0 -.8221431E-07
  1141.0 -.9042509E-07
  1142.0 -.9644418E-07
  1143.0 -.1001253E-06
  1144.0 -.1013610E-06
  1145.0 -.1000851E-06
  1146.0 -.9627446E-07
  1147.0 -.8995083E-07
  1148.0 -.8118160E-07
  1149.0 -.7007922E-07
  1150.0 -.5680019E-07
  1151.0 -.4154374E-07
  1152.0 -.2454926E-07
  1153.0 -.6092666E-08
  1154.0 0.1351706E-07
  1155.0 0.3394262E-07
  1156.0 0.5482358E-07
  1157.0 0.7578187E-07
  1158.0 0.9642790E-07
  1159.0 0.1163664E-06
  1160.0 0.1352045E-06
  1161.0 0.1525558E-06
  1162.0 0.1680492E-06
  1163.0 0.1813343E-06
  1164.0 0.1920876E-06
  1165.0 0.2000193E-06
  1166.0 0.2048773E-06
  1167.0 0.2064529E-06
  1168.0 0.2045854E-06
  1169.0 0.1991643E-06
  1170.0 0.1901338E-06
  1171.0 0.1774929E-06
  1172.0 0.1612972E-06
  1173.0 0.1416601E-06
  1174.0 0.1187501E-06
  1175.0 0.9279007E-07
  1176.0 0.6405472E-07
  1177.0 0.3286684E-07
  1178.0 -.4069006E-09
  1179.0 -.3536063E-07
  1180.0 -.7155511E-07
  1181.0 -.1085247E-06
  1182.0 -.1457827E-06
  1183.0 -.1828293E-06
  1184.0 -.2191596E-06
  1185.0 -.2542693E-06
  1186.0 -.2876641E-06
  1187.0 -.3188660E-06
  1188.0 -.3474213E-06
  1189.0 -.3729057E-06
  1190.0 -.3949348E-06
  1191.0 -.4131656E-06
  1192.0 -.4273031E-06
  1193.0 -.4371078E-06
  1194.0 -.4423952E-06
  1195.0 -.4430406E-06
  1196.0 -.4389826E-06
  1197.0 -.4302214E-06
  1198.0 -.4168214E-06
  1199.0 -.3989094E-06
  1200.0 -.3766726E-06
  1201.0 -.3503558E-06
  1202.0 -.3202589E-06
  1203.0 -.2867330E-06
  1204.0 -.2501740E-06
  1205.0 -.2110175E-06
  1206.0 -.1697326E-06
  1207.0 -.1268154E-06
  1208.0 -.8278284E-07
  1209.0 -.3816358E-07
  1210.0 0.6508055E-08
  1211.0 0.5069985E-07
  1212.0 0.9388879E-07
  1213.0 0.1355680E-06
  1214.0 0.1752549E-06
  1215.0 0.2124953E-06
  1216.0 0.2468710E-06
  1217.0 0.2780049E-06
  1218.0 0.3055634E-06
  1219.0 0.3292656E-06
  1220.0 0.3488805E-06
  1221.0 0.3642323E-06
  1222.0 0.3752026E-06
  1223.0 0.3817284E-06
  1224.0 0.3838055E-06
  1225.0 0.3814852E-06
  1226.0 0.3748722E-06
  1227.0 0.3641251E-06
  1228.0 0.3494506E-06
  1229.0 0.3310997E-06
  1230.0 0.3093656E-06
  1231.0 0.2845779E-06
  1232.0 0.2570963E-06
  1233.0 0.2273067E-06
  1234.0 0.1956158E-06
  1235.0 0.1624431E-06
  1236.0 0.1282180E-06
  1237.0 0.9337138E-07
  1238.0 0.5833256E-07
  1239.0 0.2352144E-07
  1240.0 -.1065500E-07
  1241.0 -.4380831E-07
  1242.0 -.7557265E-07
  1243.0 -.1056084E-06
  1244.0 -.1336070E-06
  1245.0 -.1592918E-06
  1246.0 -.1824220E-06
  1247.0 -.2027936E-06
  1248.0 -.2202415E-06
  1249.0 -.2346394E-06
  1250.0 -.2459001E-06
  1251.0 -.2539761E-06
  1252.0 -.2588567E-06
  1253.0 -.2605688E-06
  1254.0 -.2591743E-06
  1255.0 -.2547664E-06
  1256.0 -.2474723E-06
  1257.0 -.2374433E-06
  1258.0 -.2248578E-06
  1259.0 -.2099153E-06
  1260.0 -.1928342E-06
  1261.0 -.1738487E-06
  1262.0 -.1532050E-06
  1263.0 -.1311580E-06
  1264.0 -.1079692E-06
  1265.0 -.8390274E-07
  1266.0 -.5922285E-07
  1267.0 -.3419096E-07
  1268.0 -.9063597E-08
  1269.0 0.1591042E-07
  1270.0 0.4049163E-07
  1271.0 0.6445199E-07
  1272.0 0.8757642E-07
  1273.0 0.1096644E-06
  1274.0 0.1305307E-06
  1275.0 0.1500068E-06
  1276.0 0.1679413E-06
  1277.0 0.1842007E-06
  1278.0 0.1986691E-06
  1279.0 0.2112500E-06
  1280.0 0.2218640E-06
  1281.0 0.2304517E-06
  1282.0 0.2369701E-06
  1283.0 0.2413954E-06
  1284.0 0.2437207E-06
  1285.0 0.2439562E-06
  1286.0 0.2421293E-06
  1287.0 0.2382825E-06
  1288.0 0.2324743E-06
  1289.0 0.2247783E-06
  1290.0 0.2152820E-06
  1291.0 0.2040854E-06
  1292.0 0.1913025E-06
  1293.0 0.1770580E-06
  1294.0 0.1614877E-06
  1295.0 0.1447380E-06
  1296.0 0.1269624E-06
  1297.0 0.1083244E-06
  1298.0 0.8899270E-07
  1299.0 0.6914216E-07
  1300.0 0.4895084E-07
  1301.0 0.2860075E-07
  1302.0 0.8274526E-08
  1303.0 -.1184521E-07
  1304.0 -.3157764E-07
  1305.0 -.5074521E-07
  1306.0 -.6917527E-07
  1307.0 -.8670201E-07
  1308.0 -.1031679E-06
  1309.0 -.1184256E-06
  1310.0 -.1323387E-06
  1311.0 -.1447843E-06
  1312.0 -.1556542E-06
  1313.0 -.1648563E-06
  1314.0 -.1723151E-06
  1315.0 -.1779739E-06
  1316.0 -.1817946E-06
  1317.0 -.1837594E-06
  1318.0 -.1838703E-06
  1319.0 -.1821502E-06
  1320.0 -.1786416E-06
  1321.0 -.1734083E-06
  1322.0 -.1665325E-06
  1323.0 -.1581163E-06
  1324.0 -.1482785E-06
  1325.0 -.1371545E-06
  1326.0 -.1248943E-06
  1327.0 -.1116615E-06
  1328.0 -.9762937E-07
  1329.0 -.8298069E-07
  1330.0 -.6790392E-07
  1331.0 -.5259171E-07
  1332.0 -.3723775E-07
  1333.0 -.2203438E-07
  1334.0 -.7169663E-08
  1335.0 0.7174701E-08
  1336.0 0.2082620E-07
  1337.0 0.3362397E-07
  1338.0 0.4542081E-07
  1339.0 0.5608526E-07
  1340.0 0.6550368E-07
  1341.0 0.7358133E-07
  1342.0 0.8024420E-07
  1343.0 0.8543938E-07
  1344.0 0.8913629E-07
  1345.0 0.9132633E-07
  1346.0 0.9202354E-07
  1347.0 0.9126334E-07
  1348.0 0.8910245E-07
  1349.0 0.8561780E-07
  1350.0 0.8090471E-07
  1351.0 0.7507534E-07
  1352.0 0.6825711E-07
  1353.0 0.6058985E-07
  1354.0 0.5222401E-07
  1355.0 0.4331801E-07
  1356.0 0.3403521E-07
  1357.0 0.2454169E-07
  1358.0 0.1500317E-07
  1359.0 0.5582618E-08
  1360.0 -.3562832E-08
  1361.0 -.1228388E-07
  1362.0 -.2044182E-07
  1363.0 -.2791047E-07
  1364.0 -.3457827E-07
  1365.0 -.4034976E-07
  1366.0 -.4514700E-07
  1367.0 -.4891068E-07
  1368.0 -.5160085E-07
  1369.0 -.5319699E-07
  1370.0 -.5369850E-07
  1371.0 -.5312417E-07
  1372.0 -.5151118E-07
  1373.0 -.4891485E-07
  1374.0 -.4540657E-07
  1375.0 -.4107294E-07
  1376.0 -.3601349E-07
  1377.0 -.3033887E-07
  1378.0 -.2416884E-07
  1379.0 -.1762954E-07
  1380.0 -.1085154E-07
  1381.0 -.3967213E-08
  1382.0 0.2891778E-08
  1383.0 0.9596618E-08
  1384.0 0.1602393E-07
  1385.0 0.2205764E-07
  1386.0 0.2759120E-07
  1387.0 0.3252933E-07
  1388.0 0.3678933E-07
  1389.0 0.4030285E-07
  1390.0 0.4301654E-07
  1391.0 0.4489292E-07
  1392.0 0.4591075E-07
  1393.0 0.4606515E-07
  1394.0 0.4536754E-07
  1395.0 0.4384493E-07
  1396.0 0.4153953E-07
  1397.0 0.3850705E-07
  1398.0 0.3481627E-07
  1399.0 0.3054680E-07
  1400.0 0.2578795E-07
  1401.0 0.2063651E-07
  1402.0 0.1519505E-07
  1403.0 0.9569850E-08
  1404.0 0.3868712E-08
  1405.0 -.1800843E-08
  1406.0 -.7333803E-08
  1407.0 -.1262949E-07
  1408.0 -.1759338E-07
  1409.0 -.2213887E-07
  1410.0 -.2618867E-07
  1411.0 -.2967606E-07
  1412.0 -.3254613E-07
  1413.0 -.3475664E-07
  1414.0 -.3627823E-07
  1415.0 -.3709519E-07
  1416.0 -.3720551E-07
  1417.0 -.3662013E-07
  1418.0 -.3536331E-07
  1419.0 -.3347141E-07
  1420.0 -.3099220E-07
  1421.0 -.2798375E-07
  1422.0 -.2451297E-07
  1423.0 -.2065469E-07
  1424.0 -.1648950E-07
  1425.0 -.1210265E-07
  1426.0 -.7582050E-08
  1427.0 -.3016782E-08
  1428.0 0.1504753E-08
  1429.0 0.5896400E-08
  1430.0 0.1007582E-07
  1431.0 0.1396600E-07
  1432.0 0.1749657E-07
  1433.0 0.2060502E-07
  1434.0 0.2323774E-07
  1435.0 0.2535089E-07
  1436.0 0.2691096E-07
  1437.0 0.2789532E-07
  1438.0 0.2829237E-07
  1439.0 0.2810159E-07
  1440.0 0.2733334E-07
  1441.0 0.2600868E-07
  1442.0 0.2415831E-07
  1443.0 0.2182238E-07
  1444.0 0.1904917E-07
  1445.0 0.1589436E-07
  1446.0 0.1241968E-07
  1447.0 0.8691749E-08
  1448.0 0.4780775E-08
  1449.0 0.7591780E-09
  1450.0 -.3299698E-08
  1451.0 -.7322979E-08
  1452.0 -.1123953E-07
  1453.0 -.1498120E-07
  1454.0 -.1848409E-07
  1455.0 -.2168932E-07
  1456.0 -.2454425E-07
  1457.0 -.2700323E-07
  1458.0 -.2902816E-07
  1459.0 -.3058895E-07
  1460.0 -.3166412E-07
  1461.0 -.3224083E-07
  1462.0 -.3231463E-07
  1463.0 -.3188991E-07
  1464.0 -.3097924E-07
  1465.0 -.2960297E-07
  1466.0 -.2778859E-07
  1467.0 -.2557052E-07
  1468.0 -.2298883E-07
  1469.0 -.2008873E-07
  1470.0 -.1691943E-07
  1471.0 -.1353351E-07
  1472.0 -.9985579E-08
  1473.0 -.6331508E-08
  1474.0 -.2627497E-08
  1475.0 0.1071015E-08
  1476.0 0.4710128E-08
  1477.0 0.8238403E-08
  1478.0 0.1160754E-07
  1479.0 0.1477315E-07
  1480.0 0.1769532E-07
  1481.0 0.2033898E-07
  1482.0 0.2267448E-07
  1483.0 0.2467776E-07
  1484.0 0.2633057E-07
  1485.0 0.2762047E-07
  1486.0 0.2854077E-07
  1487.0 0.2909056E-07
  1488.0 0.2927427E-07
  1489.0 0.2910149E-07
  1490.0 0.2858658E-07
  1491.0 0.2774817E-07
  1492.0 0.2660869E-07
  1493.0 0.2519389E-07
  1494.0 0.2353221E-07
  1495.0 0.2165418E-07
  1496.0 0.1959199E-07
  1497.0 0.1737872E-07
  1498.0 0.1504795E-07
  1499.0 0.1263307E-07
  1500.0 0.1016701E-07
  1501.0 0.7681551E-08
  1502.0 0.5207074E-08
  1503.0 0.2772137E-08
  1504.0 0.4031897E-09
  1505.0 -.1875624E-08
  1506.0 -.4042725E-08
  1507.0 -.6079169E-08
  1508.0 -.7968759E-08
  1509.0 -.9698026E-08
  1510.0 -.1125627E-07
  1511.0 -.1263542E-07
  1512.0 -.1382998E-07
  1513.0 -.1483688E-07
  1514.0 -.1565530E-07
  1515.0 -.1628650E-07
  1516.0 -.1673367E-07
  1517.0 -.1700153E-07
  1518.0 -.1709649E-07
  1519.0 -.1702610E-07
  1520.0 -.1679890E-07
  1521.0 -.1642449E-07
  1522.0 -.1591302E-07
  1523.0 -.1527527E-07
  1524.0 -.1452244E-07
  1525.0 -.1366587E-07
  1526.0 -.1271720E-07
  1527.0 -.1168810E-07
  1528.0 -.1059028E-07
  1529.0 -.9435381E-08
  1530.0 -.8234955E-08
  1531.0 -.7000443E-08
  1532.0 -.5743145E-08
  1533.0 -.4474198E-08
  1534.0 -.3204544E-08
  1535.0 -.1944962E-08
  1536.0 -.7059851E-09
  1537.0 0.5020758E-09
  1538.0 0.1669170E-08
  1539.0 0.2785574E-08
  1540.0 0.3841895E-08
  1541.0 0.4829170E-08
  1542.0 0.5738902E-08
  1543.0 0.6563168E-08
  1544.0 0.7294658E-08
  1545.0 0.7926823E-08
  1546.0 0.8453900E-08
  1547.0 0.8871110E-08
  1548.0 0.9174617E-08
  1549.0 0.9361782E-08
  1550.0 0.9431073E-08
  1551.0 0.9382316E-08
  1552.0 0.9216632E-08
  1553.0 0.8936565E-08
  1554.0 0.8546017E-08
  1555.0 0.8050387E-08
  1556.0 0.7456415E-08
  1557.0 0.6772289E-08
  1558.0 0.6007441E-08
  1559.0 0.5172556E-08
  1560.0 0.4279419E-08
  1561.0 0.3340774E-08
  1562.0 0.2370172E-08
  1563.0 0.1381781E-08
  1564.0 0.3901811E-09
  1565.0 -.5898335E-09
  1566.0 -.1543509E-08
  1567.0 -.2456356E-08
  1568.0 -.3314382E-08
  1569.0 -.4104329E-08
  1570.0 -.4813914E-08
  1571.0 -.5432020E-08
  1572.0 -.5948977E-08
  1573.0 -.6356606E-08
  1574.0 -.6648527E-08
  1575.0 -.6820182E-08
  1576.0 -.6868988E-08
  1577.0 -.6794365E-08
  1578.0 -.6597822E-08
  1579.0 -.6282896E-08
  1580.0 -.5855119E-08
  1581.0 -.5321967E-08
  1582.0 -.4692671E-08
  1583.0 -.3978172E-08
  1584.0 -.3190824E-08
  1585.0 -.2344258E-08
  1586.0 -.1453105E-08
  1587.0 -.5327611E-09
  1588.0 0.4009034E-09
  1589.0 0.1331824E-08
  1590.0 0.2244029E-08
  1591.0 0.3121921E-08
  1592.0 0.3950592E-08
  1593.0 0.4716029E-08
  1594.0 0.5405465E-08
  1595.0 0.6007492E-08
  1596.0 0.6512387E-08
  1597.0 0.6912181E-08
  1598.0 0.7200883E-08
  1599.0 0.7374527E-08
  1600.0 0.7431257E-08
  1601.0 0.7371378E-08
  1602.0 0.7197273E-08
  1603.0 0.6913406E-08
  1604.0 0.6526215E-08
  1605.0 0.6043974E-08
  1606.0 0.5476590E-08
  1607.0 0.4835470E-08
  1608.0 0.4133279E-08
  1609.0 0.3383627E-08
  1610.0 0.2600905E-08
  1611.0 0.1799928E-08
  1612.0 0.9956947E-09
  1613.0 0.2030816E-09
  1614.0 -.5634271E-09
  1615.0 -.1290018E-08
  1616.0 -.1963803E-08
  1617.0 -.2573036E-08
  1618.0 -.3107364E-08
  1619.0 -.3557969E-08
  1620.0 -.3917751E-08
  1621.0 -.4181412E-08
  1622.0 -.4345555E-08
  1623.0 -.4408758E-08
  1624.0 -.4371469E-08
  1625.0 -.4236146E-08
  1626.0 -.4007000E-08
  1627.0 -.3690030E-08
  1628.0 -.3292815E-08
  1629.0 -.2824355E-08
  1630.0 -.2294911E-08
  1631.0 -.1715740E-08
  1632.0 -.1098914E-08
  1633.0 -.4570359E-09
  1634.0 0.1969811E-09
  1635.0 0.8501878E-09
  1636.0 0.1489840E-08
  1637.0 0.2103637E-08
  1638.0 0.2679967E-08
  1639.0 0.3208097E-08
  1640.0 0.3678391E-08
  1641.0 0.4082448E-08
  1642.0 0.4413284E-08
  1643.0 0.4665404E-08
  1644.0 0.4834903E-08
  1645.0 0.4919507E-08
  1646.0 0.4918599E-08
  1647.0 0.4833179E-08
  1648.0 0.4665858E-08
  1649.0 0.4420721E-08
  1650.0 0.4103265E-08
  1651.0 0.3720253E-08
  1652.0 0.3279559E-08
  1653.0 0.2789997E-08
  1654.0 0.2261137E-08
  1655.0 0.1703098E-08
  1656.0 0.1126350E-08
  1657.0 0.5415019E-09
  1658.0 -.4090466E-10
  1659.0 -.6105862E-09
  1660.0 -.1157720E-08
  1661.0 -.1673123E-08
  1662.0 -.2148396E-08
  1663.0 -.2576096E-08
  1664.0 -.2949813E-08
  1665.0 -.3264315E-08
  1666.0 -.3515593E-08
  1667.0 -.3700904E-08
  1668.0 -.3818810E-08
  1669.0 -.3869175E-08
  1670.0 -.3853081E-08
  1671.0 -.3772871E-08
  1672.0 -.3631980E-08
  1673.0 -.3434892E-08
  1674.0 -.3187006E-08
  1675.0 -.2894515E-08
  1676.0 -.2564268E-08
  1677.0 -.2203597E-08
  1678.0 -.1820204E-08
  1679.0 -.1421957E-08
  1680.0 -.1016769E-08
  1681.0 -.6124241E-09
  1682.0 -.2164378E-09
  1683.0 0.1640730E-09
  1684.0 0.5225266E-09
  1685.0 0.8529807E-09
  1686.0 0.1150225E-08
  1687.0 0.1409863E-08
  1688.0 0.1628373E-08
  1689.0 0.1803138E-08
  1690.0 0.1932472E-08
  1691.0 0.2015637E-08
  1692.0 0.2052806E-08
  1693.0 0.2045018E-08
  1694.0 0.1994179E-08
  1695.0 0.1902947E-08
  1696.0 0.1774674E-08
  1697.0 0.1613312E-08
  1698.0 0.1423326E-08
  1699.0 0.1209585E-08
  1700.0 0.9772421E-09
  1701.0 0.7316413E-09
  1702.0 0.4781990E-09
  1703.0 0.2222944E-09
  1704.0 -.3082871E-10
  1705.0 -.2761619E-09
  1706.0 -.5090231E-09
  1707.0 -.7251287E-09
  1708.0 -.9206700E-09
  1709.0 -.1092371E-08
  1710.0 -.1237524E-08
  1711.0 -.1354034E-08
  1712.0 -.1440428E-08
  1713.0 -.1495870E-08
  1714.0 -.1520150E-08
  1715.0 -.1513672E-08
  1716.0 -.1477412E-08
  1717.0 -.1412900E-08
  1718.0 -.1322161E-08
  1719.0 -.1207663E-08
  1720.0 -.1072251E-08
  1721.0 -.9190952E-09
  1722.0 -.7516067E-09
  1723.0 -.5733833E-09
  1724.0 -.3881193E-09
  1725.0 -.1995564E-09
  1726.0 -.1139804E-10
  1727.0 0.1727451E-09
  1728.0 0.3494113E-09
  1729.0 0.5153598E-09
  1730.0 0.6675990E-09
  1731.0 0.8034444E-09
  1732.0 0.9205474E-09
  1733.0 0.1016919E-08
  1734.0 0.1090964E-08
  1735.0 0.1141476E-08
  1736.0 0.1167662E-08
  1737.0 0.1169127E-08
  1738.0 0.1145872E-08
  1739.0 0.1098284E-08
  1740.0 0.1027119E-08
  1741.0 0.9334611E-09
  1742.0 0.8187115E-09
  1743.0 0.6845643E-09
  1744.0 0.5329462E-09
  1745.0 0.3660008E-09
  1746.0 0.1860489E-09
  1747.0 -.4459458E-11
  1748.0 -.2029710E-09
  1749.0 -.4068767E-09
  1750.0 -.6135433E-09
  1751.0 -.8203498E-09
  1752.0 -.1024727E-08
  1753.0 -.1224175E-08
  1754.0 -.1416307E-08
  1755.0 -.1598869E-08
  1756.0 -.1769765E-08
  1757.0 -.1927076E-08
  1758.0 -.2069078E-08
  1759.0 -.2194266E-08
  1760.0 -.2301355E-08
  1761.0 -.2389286E-08
  1762.0 -.2457254E-08
  1763.0 -.2504683E-08
  1764.0 -.2531260E-08
  1765.0 -.2536884E-08
  1766.0 -.2521730E-08
  1767.0 -.2486179E-08
  1768.0 -.2430850E-08
  1769.0 -.2356564E-08
  1770.0 -.2264349E-08
  1771.0 -.2155425E-08
  1772.0 -.2031162E-08
  1773.0 -.1893093E-08
  1774.0 -.1742887E-08
  1775.0 -.1582306E-08
  1776.0 -.1413204E-08
  1777.0 -.1237512E-08
  1778.0 -.1057180E-08
  1779.0 -.8741803E-09
  1780.0 -.6904768E-09
  1781.0 -.5079914E-09
  1782.0 -.3285901E-09
  1783.0 -.1540470E-09
  1784.0 0.1396553E-10
  1785.0 0.1739074E-09
  1786.0 0.3243919E-09
  1787.0 0.4641951E-09
  1788.0 0.5922816E-09
  1789.0 0.7078080E-09
  1790.0 0.8101395E-09
  1791.0 0.8988548E-09
  1792.0 0.9737485E-09
  1793.0 0.1034826E-08
  1794.0 0.1082312E-08
  1795.0 0.1116630E-08
  1796.0 0.1138394E-08
  1797.0 0.1148394E-08
  1798.0 0.1147582E-08
  1799.0 0.1137048E-08
  1800.0 0.1117984E-08
  1801.0 0.1091675E-08
  1802.0 0.1059462E-08
  1803.0 0.1022707E-08
  1804.0 0.9827757E-09
  1805.0 0.9409938E-09
  1806.0 0.8986246E-09
  1807.0 0.8568350E-09
  1808.0 0.8166738E-09
  1809.0 0.7790436E-09
  1810.0 0.7446767E-09
  1811.0 0.7141270E-09
  1812.0 0.6877449E-09
  1813.0 0.6656755E-09
  1814.0 0.6478520E-09
  1815.0 0.6339981E-09
  1816.0 0.6236310E-09
  1817.0 0.6160777E-09
  1818.0 0.6104873E-09
  1819.0 0.6058532E-09
  1820.0 0.6010406E-09
  1821.0 0.5948194E-09
  1822.0 0.5858848E-09
  1823.0 0.5729165E-09
  1824.0 0.5545904E-09
  1825.0 0.5296377E-09
  1826.0 0.4968783E-09
  1827.0 0.4552553E-09
  1828.0 0.4038808E-09
  1829.0 0.3420685E-09
  1830.0 0.2693598E-09
  1831.0 0.1855593E-09
  1832.0 0.9075092E-10
  1833.0 -.1468000E-10
  1834.0 -.1300401E-09
  1835.0 -.2543242E-09
  1836.0 -.3862167E-09
  1837.0 -.5241050E-09
  1838.0 -.6660951E-09
  1839.0 -.8100419E-09
  1840.0 -.9535742E-09
  1841.0 -.1094140E-08
  1842.0 -.1229049E-08
  1843.0 -.1355518E-08
  1844.0 -.1470739E-08
  1845.0 -.1571912E-08
  1846.0 -.1656331E-08
  1847.0 -.1721423E-08
  1848.0 -.1764818E-08
  1849.0 -.1784407E-08
  1850.0 -.1778390E-08
  1851.0 -.1745333E-08
  1852.0 -.1684215E-08
  1853.0 -.1594450E-08
  1854.0 -.1475950E-08
  1855.0 -.1329114E-08
  1856.0 -.1154861E-08
  1857.0 -.9546319E-09
  1858.0 -.7303836E-09
  1859.0 -.4845636E-09
  1860.0 -.2200941E-09
  1861.0 0.5966316E-10
  1862.0 0.3509639E-09
  1863.0 0.6497234E-09
  1864.0 0.9515898E-09
  1865.0 0.1252005E-08
  1866.0 0.1546280E-08
  1867.0 0.1829685E-08
  1868.0 0.2097520E-08
  1869.0 0.2345207E-08
  1870.0 0.2568366E-08
  1871.0 0.2762903E-08
  1872.0 0.2925095E-08
  1873.0 0.3051652E-08
  1874.0 0.3139792E-08
  1875.0 0.3187285E-08
  1876.0 0.3192543E-08
  1877.0 0.3154609E-08
  1878.0 0.3073224E-08
  1879.0 0.2948835E-08
  1880.0 0.2782594E-08
  1881.0 0.2576344E-08
  1882.0 0.2332629E-08
  1883.0 0.2054624E-08
  1884.0 0.1746118E-08
  1885.0 0.1411436E-08
  1886.0 0.1055389E-08
  1887.0 0.6831951E-09
  1888.0 0.3003900E-09
  1889.0 -.8726489E-10
  1890.0 -.4738659E-09
  1891.0 -.8534819E-09
  1892.0 -.1220240E-08
  1893.0 -.1568438E-08
  1894.0 -.1892630E-08
  1895.0 -.2187737E-08
  1896.0 -.2449109E-08
  1897.0 -.2672633E-08
  1898.0 -.2854794E-08
  1899.0 -.2992726E-08
  1900.0 -.3084281E-08
  1901.0 -.3128054E-08
  1902.0 -.3123416E-08
  1903.0 -.3070523E-08
  1904.0 -.2970308E-08
  1905.0 -.2824474E-08
  1906.0 -.2635466E-08
  1907.0 -.2406410E-08
  1908.0 -.2141093E-08
  1909.0 -.1843870E-08
  1910.0 -.1519591E-08
  1911.0 -.1173535E-08
  1912.0 -.8112990E-09
  1913.0 -.4387177E-09
  1914.0 -.6175710E-10
  1915.0 0.3135873E-09
  1916.0 0.6813917E-09
  1917.0 0.1035900E-08
  1918.0 0.1371626E-08
  1919.0 0.1683435E-08
  1920.0 0.1966634E-08
  1921.0 0.2217053E-08
  1922.0 0.2431095E-08
  1923.0 0.2605800E-08
  1924.0 0.2738890E-08
  1925.0 0.2828803E-08
  1926.0 0.2874697E-08
  1927.0 0.2876474E-08
  1928.0 0.2834760E-08
  1929.0 0.2750890E-08
  1930.0 0.2626879E-08
  1931.0 0.2465369E-08
  1932.0 0.2269594E-08
  1933.0 0.2043290E-08
  1934.0 0.1790649E-08
  1935.0 0.1516226E-08
  1936.0 0.1224868E-08
  1937.0 0.9216131E-09
  1938.0 0.6116120E-09
  1939.0 0.3000392E-09
  1940.0 -.8001707E-11
  1941.0 -.3075596E-09
  1942.0 -.5939165E-09
  1943.0 -.8626638E-09
  1944.0 -.1109773E-08
  1945.0 -.1331655E-08
  1946.0 -.1525213E-08
  1947.0 -.1687887E-08
  1948.0 -.1817685E-08
  1949.0 -.1913199E-08
  1950.0 -.1973635E-08
  1951.0 -.1998793E-08
  1952.0 -.1989072E-08
  1953.0 -.1945441E-08
  1954.0 -.1869428E-08
  1955.0 -.1763048E-08
  1956.0 -.1628801E-08
  1957.0 -.1469582E-08
  1958.0 -.1288655E-08
  1959.0 -.1089565E-08
  1960.0 -.8760784E-09
  1961.0 -.6521308E-09
  1962.0 -.4217398E-09
  1963.0 -.1889403E-09
  1964.0 0.4227886E-10
  1965.0 0.2680417E-09
  1966.0 0.4846462E-09
  1967.0 0.6886223E-09
  1968.0 0.8767811E-09
  1969.0 0.1046260E-08
  1970.0 0.1194566E-08
  1971.0 0.1319599E-08
  1972.0 0.1419684E-08
  1973.0 0.1493582E-08
  1974.0 0.1540499E-08
  1975.0 0.1560097E-08
  1976.0 0.1552474E-08
  1977.0 0.1518159E-08
  1978.0 0.1458096E-08
  1979.0 0.1373609E-08
  1980.0 0.1266382E-08
  1981.0 0.1138420E-08
  1982.0 0.9920098E-09
  1983.0 0.8296755E-09
  1984.0 0.6541407E-09
  1985.0 0.4682790E-09
  1986.0 0.2750653E-09
  1987.0 0.7753340E-10
  1988.0 -.1212729E-09
  1989.0 -.3183426E-09
  1990.0 -.5107409E-09
  1991.0 -.6956525E-09
  1992.0 -.8704113E-09
  1993.0 -.1032545E-08
  1994.0 -.1179792E-08
  1995.0 -.1310144E-08
  1996.0 -.1421856E-08
  1997.0 -.1513466E-08
  1998.0 -.1583815E-08
  1999.0 -.1632050E-08
  2000.0 -.1657630E-08
  2001.0 -.1660334E-08
  2002.0 -.1640248E-08
  2003.0 -.1597765E-08
  2004.0 -.1533577E-08
  2005.0 -.1448649E-08
  2006.0 -.1344223E-08
  2007.0 -.1221781E-08
  2008.0 -.1083030E-08
  2009.0 -.9298859E-09
  2010.0 -.7644299E-09
  2011.0 -.5889023E-09
  2012.0 -.4056583E-09
  2013.0 -.2171490E-09
  2014.0 -.2588516E-10
  2015.0 0.1655892E-09
  2016.0 0.3547312E-09
  2017.0 0.5390235E-09
  2018.0 0.7160132E-09
  2019.0 0.8833297E-09
  2020.0 0.1038729E-08
  2021.0 0.1180102E-08
  2022.0 0.1305515E-08
  2023.0 0.1413232E-08
  2024.0 0.1501732E-08
  2025.0 0.1569733E-08
  2026.0 0.1616212E-08
  2027.0 0.1640414E-08
  2028.0 0.1641876E-08
  2029.0 0.1620418E-08
  2030.0 0.1576172E-08
  2031.0 0.1509563E-08
  2032.0 0.1421327E-08
  2033.0 0.1312491E-08
  2034.0 0.1184375E-08
  2035.0 0.1038571E-08
  2036.0 0.8769371E-09
  2037.0 0.7015649E-09
  2038.0 0.5147645E-09
  2039.0 0.3190321E-09
  2040.0 0.1170224E-09
  2041.0 -.8848743E-10
  2042.0 -.2946361E-09
  2043.0 -.4985138E-09
  2044.0 -.6972035E-09
  2045.0 -.8878279E-09
  2046.0 -.1067586E-08
  2047.0 -.1233799E-08
  2048.0 -.1383948E-08
  2049.0 -.1515729E-08
  2050.0 -.1627071E-08
  2051.0 -.1716187E-08
  2052.0 -.1781603E-08
  2053.0 -.1822187E-08
  2054.0 -.1837170E-08
  2055.0 -.1826169E-08
  2056.0 -.1789203E-08
  2057.0 -.1726687E-08
  2058.0 -.1639448E-08
  2059.0 -.1528719E-08
  2060.0 -.1396106E-08
  2061.0 -.1243599E-08
  2062.0 -.1073523E-08
  2063.0 -.8885112E-09
  2064.0 -.6914754E-09
  2065.0 -.4855534E-09
  2066.0 -.2740639E-09
  2067.0 -.6045388E-10
  2068.0 0.1517596E-09
  2069.0 0.3590440E-09
  2070.0 0.5579144E-09
  2071.0 0.7449919E-09
  2072.0 0.9170645E-09
  2073.0 0.1071147E-08
  2074.0 0.1204532E-08
  2075.0 0.1314841E-08
  2076.0 0.1400077E-08
  2077.0 0.1458665E-08
  2078.0 0.1489474E-08
  2079.0 0.1491861E-08
  2080.0 0.1465676E-08
  2081.0 0.1411282E-08
  2082.0 0.1329551E-08
  2083.0 0.1221852E-08
  2084.0 0.1090046E-08
  2085.0 0.9364516E-09
  2086.0 0.7638059E-09
  2087.0 0.5752313E-09
  2088.0 0.3741820E-09
  2089.0 0.1643816E-09
  2090.0 -.5023552E-10
  2091.0 -.2655935E-09
  2092.0 -.4775476E-09
  2093.0 -.6819584E-09
  2094.0 -.8747664E-09
  2095.0 -.1052064E-08
  2096.0 -.1210182E-08
  2097.0 -.1345743E-08
  2098.0 -.1455732E-08
  2099.0 -.1537566E-08
  2100.0 -.1589136E-08
  2101.0 -.1608860E-08
  2102.0 -.1595714E-08
  2103.0 -.1549263E-08
  2104.0 -.1469674E-08
  2105.0 -.1357727E-08
  2106.0 -.1214798E-08
  2107.0 -.1042858E-08
  2108.0 -.8444364E-09
  2109.0 -.6225855E-09
  2110.0 -.3808282E-09
  2111.0 -.1231106E-09
  2112.0 0.1462717E-09
  2113.0 0.4227429E-09
  2114.0 0.7015235E-09
  2115.0 0.9777168E-09
  2116.0 0.1246391E-08
  2117.0 0.1502670E-08
  2118.0 0.1741817E-08
  2119.0 0.1959322E-08
  2120.0 0.2150986E-08
  2121.0 0.2312994E-08
  2122.0 0.2441991E-08
  2123.0 0.2535145E-08
  2124.0 0.2590195E-08
  2125.0 0.2605501E-08
  2126.0 0.2580091E-08
  2127.0 0.2513659E-08
  2128.0 0.2406599E-08
  2129.0 0.2259986E-08
  2130.0 0.2075584E-08
  2131.0 0.1855787E-08
  2132.0 0.1603623E-08
  2133.0 0.1322679E-08
  2134.0 0.1017049E-08
  2135.0 0.6912706E-09
  2136.0 0.3502481E-09
  2137.0 -.8298629E-12
  2138.0 -.3565777E-09
  2139.0 -.7114991E-09
  2140.0 -.1060085E-08
  2141.0 -.1396899E-08
  2142.0 -.1716680E-08
  2143.0 -.2014419E-08
  2144.0 -.2285448E-08
  2145.0 -.2525520E-08
  2146.0 -.2730869E-08
  2147.0 -.2898287E-08
  2148.0 -.3025167E-08
  2149.0 -.3109541E-08
  2150.0 -.3150116E-08
  2151.0 -.3146298E-08
  2152.0 -.3098178E-08
  2153.0 -.3006553E-08
  2154.0 -.2872881E-08
  2155.0 -.2699268E-08
  2156.0 -.2488439E-08
  2157.0 -.2243656E-08
  2158.0 -.1968686E-08
  2159.0 -.1667724E-08
  2160.0 -.1345318E-08
  2161.0 -.1006293E-08
  2162.0 -.6556702E-09
  2163.0 -.2985786E-09
  2164.0 0.5982871E-10
  2165.0 0.4144582E-09
  2166.0 0.7603594E-09
  2167.0 0.1092803E-08
  2168.0 0.1407354E-08
  2169.0 0.1699927E-08
  2170.0 0.1966870E-08
  2171.0 0.2204990E-08
  2172.0 0.2411602E-08
  2173.0 0.2584570E-08
  2174.0 0.2722306E-08
  2175.0 0.2823807E-08
  2176.0 0.2888638E-08
  2177.0 0.2916922E-08
  2178.0 0.2909317E-08
  2179.0 0.2867015E-08
  2180.0 0.2791672E-08
  2181.0 0.2685379E-08
  2182.0 0.2550599E-08
  2183.0 0.2390136E-08
  2184.0 0.2207048E-08
  2185.0 0.2004606E-08
  2186.0 0.1786212E-08
  2187.0 0.1555352E-08
  2188.0 0.1315516E-08
  2189.0 0.1070159E-08
  2190.0 0.8226210E-09
  2191.0 0.5760949E-09
  2192.0 0.3335719E-09
  2193.0 0.9779740E-10
  2194.0 -.1287544E-09
  2195.0 -.3439109E-09
  2196.0 -.5458188E-09
  2197.0 -.7329504E-09
  2198.0 -.9041178E-09
  2199.0 -.1058452E-08
  2200.0 -.1195405E-08
  2201.0 -.1314735E-08
  2202.0 -.1416458E-08
  2203.0 -.1500855E-08
  2204.0 -.1568409E-08
  2205.0 -.1619798E-08
  2206.0 -.1655818E-08
  2207.0 -.1677401E-08
  2208.0 -.1685525E-08
  2209.0 -.1681199E-08
  2210.0 -.1665434E-08
  2211.0 -.1639207E-08
  2212.0 -.1603429E-08
  2213.0 -.1558926E-08
  2214.0 -.1506419E-08
  2215.0 -.1446511E-08
  2216.0 -.1379689E-08
  2217.0 -.1306312E-08
  2218.0 -.1226622E-08
  2219.0 -.1140756E-08
  2220.0 -.1048756E-08
  2221.0 -.9505967E-09
  2222.0 -.8462050E-09
  2223.0 -.7354931E-09
  2224.0 -.6183802E-09
  2225.0 -.4948372E-09
  2226.0 -.3649025E-09
  2227.0 -.2287290E-09
  2228.0 -.8660168E-10
  2229.0 0.6102682E-10
  2230.0 0.2135208E-09
  2231.0 0.3700350E-09
  2232.0 0.5295091E-09
  2233.0 0.6906543E-09
  2234.0 0.8519611E-09
  2235.0 0.1011694E-08
  2236.0 0.1167915E-08
  2237.0 0.1318505E-08
  2238.0 0.1461185E-08
  2239.0 0.1593563E-08
  2240.0 0.1713157E-08
  2241.0 0.1817463E-08
  2242.0 0.1903989E-08
  2243.0 0.1970321E-08
  2244.0 0.2014186E-08
  2245.0 0.2033480E-08
  2246.0 0.2026376E-08
  2247.0 0.1991333E-08
  2248.0 0.1927185E-08
  2249.0 0.1833173E-08
  2250.0 0.1708997E-08
  2251.0 0.1554847E-08
  2252.0 0.1371442E-08
  2253.0 0.1160039E-08
  2254.0 0.9224564E-09
  2255.0 0.6610514E-09
  2256.0 0.3787326E-09
  2257.0 0.7891952E-10
  2258.0 -.2344868E-09
  2259.0 -.5571522E-09
  2260.0 -.8843681E-09
  2261.0 -.1211119E-08
  2262.0 -.1532155E-08
  2263.0 -.1842091E-08
  2264.0 -.2135486E-08
  2265.0 -.2406940E-08
  2266.0 -.2651215E-08
  2267.0 -.2863302E-08
  2268.0 -.3038559E-08
  2269.0 -.3172788E-08
  2270.0 -.3262337E-08
  2271.0 -.3304185E-08
  2272.0 -.3296024E-08
  2273.0 -.3236326E-08
  2274.0 -.3124411E-08
  2275.0 -.2960461E-08
  2276.0 -.2745577E-08
  2277.0 -.2481784E-08
  2278.0 -.2172019E-08
  2279.0 -.1820111E-08
  2280.0 -.1430736E-08
  2281.0 -.1009384E-08
  2282.0 -.5622514E-09
  2283.0 -.9617719E-10
  2284.0 0.3814730E-09
  2285.0 0.8629211E-09
  2286.0 0.1340100E-08
  2287.0 0.1804800E-08
  2288.0 0.2248807E-08
  2289.0 0.2664046E-08
  2290.0 0.3042742E-08
  2291.0 0.3377561E-08
  2292.0 0.3661756E-08
  2293.0 0.3889300E-08
  2294.0 0.4055023E-08
  2295.0 0.4154725E-08
  2296.0 0.4185264E-08
  2297.0 0.4144662E-08
  2298.0 0.4032158E-08
  2299.0 0.3848239E-08
  2300.0 0.3594679E-08
  2301.0 0.3274542E-08
  2302.0 0.2892138E-08
  2303.0 0.2453000E-08
  2304.0 0.1963769E-08
  2305.0 0.1432160E-08
  2306.0 0.8667899E-09
  2307.0 0.2770718E-09
  2308.0 -.3269396E-09
  2309.0 -.9347265E-09
  2310.0 -.1535481E-08
  2311.0 -.2118298E-08
  2312.0 -.2672377E-08
  2313.0 -.3187210E-08
  2314.0 -.3652796E-08
  2315.0 -.4059800E-08
  2316.0 -.4399806E-08
  2317.0 -.4665389E-08
  2318.0 -.4850379E-08
  2319.0 -.4949935E-08
  2320.0 -.4960665E-08
  2321.0 -.4880752E-08
  2322.0 -.4709995E-08
  2323.0 -.4449867E-08
  2324.0 -.4103502E-08
  2325.0 -.3675683E-08
  2326.0 -.3172808E-08
  2327.0 -.2602789E-08
  2328.0 -.1974950E-08
  2329.0 -.1299888E-08
  2330.0 -.5893105E-09
  2331.0 0.1441592E-09
  2332.0 0.8871774E-09
  2333.0 0.1625916E-08
  2334.0 0.2346292E-08
  2335.0 0.3034221E-08
  2336.0 0.3675876E-08
  2337.0 0.4257914E-08
  2338.0 0.4767770E-08
  2339.0 0.5193850E-08
  2340.0 0.5525797E-08
  2341.0 0.5754679E-08
  2342.0 0.5873194E-08
  2343.0 0.5875830E-08
  2344.0 0.5758995E-08
  2345.0 0.5521120E-08
  2346.0 0.5162747E-08
  2347.0 0.4686572E-08
  2348.0 0.4097403E-08
  2349.0 0.3402156E-08
  2350.0 0.2609790E-08
  2351.0 0.1731164E-08
  2352.0 0.7789101E-09
  2353.0 -.2327538E-09
  2354.0 -.1288227E-08
  2355.0 -.2370765E-08
  2356.0 -.3462747E-08
  2357.0 -.4545946E-08
  2358.0 -.5601845E-08
  2359.0 -.6611902E-08
  2360.0 -.7557899E-08
  2361.0 -.8422242E-08
  2362.0 -.9188252E-08
  2363.0 -.9840477E-08
  2364.0 -.1036493E-07
  2365.0 -.1074941E-07
  2366.0 -.1098369E-07
  2367.0 -.1105969E-07
  2368.0 -.1097172E-07
  2369.0 -.1071652E-07
  2370.0 -.1029343E-07
  2371.0 -.9704429E-08
  2372.0 -.8954058E-08
  2373.0 -.8049470E-08
  2374.0 -.7000378E-08
  2375.0 -.5818803E-08
  2376.0 -.4519025E-08
  2377.0 -.3117386E-08
  2378.0 -.1631970E-08
  2379.0 -.8242475E-10
  2380.0 0.1510378E-08
  2381.0 0.3124632E-08
  2382.0 0.4737954E-08
  2383.0 0.6327689E-08
  2384.0 0.7871288E-08
  2385.0 0.9346664E-08
  2386.0 0.1073253E-07
  2387.0 0.1200866E-07
  2388.0 0.1315636E-07
  2389.0 0.1415864E-07
  2390.0 0.1500049E-07
  2391.0 0.1566918E-07
  2392.0 0.1615447E-07
  2393.0 0.1644861E-07
  2394.0 0.1654668E-07
  2395.0 0.1644660E-07
  2396.0 0.1614901E-07
  2397.0 0.1565758E-07
  2398.0 0.1497859E-07
  2399.0 0.1412112E-07
