     0.0 0.0000000E+00
     1.0 -.1921720E-17
     2.0 0.3933614E-16
     3.0 0.2629909E-15
     4.0 0.8999113E-15
     5.0 0.2269991E-14
     6.0 0.4774571E-14
     7.0 0.8885171E-14
     8.0 0.1512996E-13
     9.0 0.2407804E-13
    10.0 0.3632168E-13
    11.0 0.5245724E-13
    12.0 0.7306518E-13
    13.0 0.9868986E-13
    14.0 0.1298194E-12
    15.0 0.1668664E-12
    16.0 0.2101493E-12
    17.0 0.2598757E-12
    18.0 0.3161270E-12
    19.0 0.3788452E-12
    20.0 0.4478215E-12
    21.0 0.5226876E-12
    22.0 0.6029085E-12
    23.0 0.6877779E-12
    24.0 0.7764159E-12
    25.0 0.8677682E-12
    26.0 0.9606076E-12
    27.0 0.1053538E-11
    28.0 0.1144999E-11
    29.0 0.1233273E-11
    30.0 0.1316497E-11
    31.0 0.1392672E-11
    32.0 0.1459673E-11
    33.0 0.1515275E-11
    34.0 0.1557162E-11
    35.0 0.1582953E-11
    36.0 0.1590224E-11
    37.0 0.1576540E-11
    38.0 0.1539483E-11
    39.0 0.1476682E-11
    40.0 0.1385861E-11
    41.0 0.1264865E-11
    42.0 0.1111713E-11
    43.0 0.9246381E-12
    44.0 0.7021301E-12
    45.0 0.4429857E-12
    46.0 0.1463471E-12
    47.0 -.1882535E-12
    48.0 -.5608568E-12
    49.0 -.9710444E-12
    50.0 -.1417913E-11
    51.0 -.1900057E-11
    52.0 -.2415558E-11
    53.0 -.2961994E-11
    54.0 -.3536445E-11
    55.0 -.4135532E-11
    56.0 -.4755445E-11
    57.0 -.5392010E-11
    58.0 -.6040748E-11
    59.0 -.6696957E-11
    60.0 -.7355803E-11
    61.0 -.8012421E-11
    62.0 -.8662022E-11
    63.0 -.9300007E-11
    64.0 -.9922086E-11
    65.0 -.1052437E-10
    66.0 -.1110353E-10
    67.0 -.1165682E-10
    68.0 -.1218224E-10
    69.0 -.1267860E-10
    70.0 -.1314552E-10
    71.0 -.1358353E-10
    72.0 -.1399406E-10
    73.0 -.1437942E-10
    74.0 -.1474277E-10
    75.0 -.1508807E-10
    76.0 -.1541995E-10
    77.0 -.1574363E-10
    78.0 -.1606477E-10
    79.0 -.1638935E-10
    80.0 -.1672340E-10
    81.0 -.1707292E-10
    82.0 -.1744364E-10
    83.0 -.1784081E-10
    84.0 -.1826908E-10
    85.0 -.1873222E-10
    86.0 -.1923307E-10
    87.0 -.1977334E-10
    88.0 -.2035347E-10
    89.0 -.2097266E-10
    90.0 -.2162868E-10
    91.0 -.2231797E-10
    92.0 -.2303566E-10
    93.0 -.2377562E-10
    94.0 -.2453055E-10
    95.0 -.2529220E-10
    96.0 -.2605153E-10
    97.0 -.2679889E-10
    98.0 -.2752431E-10
    99.0 -.2821772E-10
   100.0 -.2886926E-10
   101.0 -.2946953E-10
   102.0 -.3000996E-10
   103.0 -.3048317E-10
   104.0 -.3088328E-10
   105.0 -.3120601E-10
   106.0 -.3144901E-10
   107.0 -.3161177E-10
   108.0 -.3169597E-10
   109.0 -.3170522E-10
   110.0 -.3164513E-10
   111.0 -.3152321E-10
   112.0 -.3134860E-10
   113.0 -.3113196E-10
   114.0 -.3088505E-10
   115.0 -.3062047E-10
   116.0 -.3035133E-10
   117.0 -.3009080E-10
   118.0 -.2985169E-10
   119.0 -.2964611E-10
   120.0 -.2948503E-10
   121.0 -.2937791E-10
   122.0 -.2933236E-10
   123.0 -.2935384E-10
   124.0 -.2944546E-10
   125.0 -.2960777E-10
   126.0 -.2983861E-10
   127.0 -.3013328E-10
   128.0 -.3048427E-10
   129.0 -.3088173E-10
   130.0 -.3131347E-10
   131.0 -.3176536E-10
   132.0 -.3222161E-10
   133.0 -.3266530E-10
   134.0 -.3307866E-10
   135.0 -.3344382E-10
   136.0 -.3374314E-10
   137.0 -.3395989E-10
   138.0 -.3407857E-10
   139.0 -.3408580E-10
   140.0 -.3397035E-10
   141.0 -.3372382E-10
   142.0 -.3334103E-10
   143.0 -.3282007E-10
   144.0 -.3216271E-10
   145.0 -.3137436E-10
   146.0 -.3046417E-10
   147.0 -.2944473E-10
   148.0 -.2833207E-10
   149.0 -.2714519E-10
   150.0 -.2590574E-10
   151.0 -.2463735E-10
   152.0 -.2336540E-10
   153.0 -.2211596E-10
   154.0 -.2091538E-10
   155.0 -.1978956E-10
   156.0 -.1876315E-10
   157.0 -.1785885E-10
   158.0 -.1709680E-10
   159.0 -.1649386E-10
   160.0 -.1606310E-10
   161.0 -.1581325E-10
   162.0 -.1574844E-10
   163.0 -.1586776E-10
   164.0 -.1616520E-10
   165.0 -.1662963E-10
   166.0 -.1724483E-10
   167.0 -.1798977E-10
   168.0 -.1883904E-10
   169.0 -.1976319E-10
   170.0 -.2072941E-10
   171.0 -.2170233E-10
   172.0 -.2264466E-10
   173.0 -.2351805E-10
   174.0 -.2428424E-10
   175.0 -.2490576E-10
   176.0 -.2534685E-10
   177.0 -.2557468E-10
   178.0 -.2555993E-10
   179.0 -.2527780E-10
   180.0 -.2470871E-10
   181.0 -.2383897E-10
   182.0 -.2266120E-10
   183.0 -.2117485E-10
   184.0 -.1938637E-10
   185.0 -.1730927E-10
   186.0 -.1496410E-10
   187.0 -.1237815E-10
   188.0 -.9585070E-11
   189.0 -.6624249E-11
   190.0 -.3540193E-11
   191.0 -.3816205E-12
   192.0 0.2799537E-11
   193.0 0.5949103E-11
   194.0 0.9011879E-11
   195.0 0.1193281E-10
   196.0 0.1465819E-10
   197.0 0.1713692E-10
   198.0 0.1932166E-10
   199.0 0.2117002E-10
   200.0 0.2264559E-10
   201.0 0.2371893E-10
   202.0 0.2436839E-10
   203.0 0.2458086E-10
   204.0 0.2435220E-10
   205.0 0.2368767E-10
   206.0 0.2260214E-10
   207.0 0.2111991E-10
   208.0 0.1927465E-10
   209.0 0.1710886E-10
   210.0 0.1467329E-10
   211.0 0.1202618E-10
   212.0 0.9232216E-11
   213.0 0.6361518E-11
   214.0 0.3488202E-11
   215.0 0.6892427E-12
   216.0 -.1957140E-11
   217.0 -.4372937E-11
   218.0 -.6481880E-11
   219.0 -.8210886E-11
   220.0 -.9491706E-11
   221.0 -.1026223E-10
   222.0 -.1046780E-10
   223.0 -.1006247E-10
   224.0 -.9010060E-11
   225.0 -.7284921E-11
   226.0 -.4872721E-11
   227.0 -.1770878E-11
   228.0 0.2011315E-11
   229.0 0.6452588E-11
   230.0 0.1151997E-10
   231.0 0.1716928E-10
   232.0 0.2334597E-10
   233.0 0.2998587E-10
   234.0 0.3701652E-10
   235.0 0.4435862E-10
   236.0 0.5192728E-10
   237.0 0.5963380E-10
   238.0 0.6738768E-10
   239.0 0.7509805E-10
   240.0 0.8267591E-10
   241.0 0.9003581E-10
   242.0 0.9709753E-10
   243.0 0.1037884E-09
   244.0 0.1100442E-09
   245.0 0.1158110E-09
   246.0 0.1210464E-09
   247.0 0.1257206E-09
   248.0 0.1298167E-09
   249.0 0.1333319E-09
   250.0 0.1362772E-09
   251.0 0.1386772E-09
   252.0 0.1405702E-09
   253.0 0.1420067E-09
   254.0 0.1430488E-09
   255.0 0.1437687E-09
   256.0 0.1442473E-09
   257.0 0.1445718E-09
   258.0 0.1448337E-09
   259.0 0.1451280E-09
   260.0 0.1455482E-09
   261.0 0.1461865E-09
   262.0 0.1471299E-09
   263.0 0.1484584E-09
   264.0 0.1502426E-09
   265.0 0.1525420E-09
   266.0 0.1554027E-09
   267.0 0.1588564E-09
   268.0 0.1629187E-09
   269.0 0.1675888E-09
   270.0 0.1728485E-09
   271.0 0.1786626E-09
   272.0 0.1849793E-09
   273.0 0.1917310E-09
   274.0 0.1988350E-09
   275.0 0.2061969E-09
   276.0 0.2137107E-09
   277.0 0.2212628E-09
   278.0 0.2287339E-09
   279.0 0.2360021E-09
   280.0 0.2429465E-09
   281.0 0.2494505E-09
   282.0 0.2554036E-09
   283.0 0.2607068E-09
   284.0 0.2652739E-09
   285.0 0.2690352E-09
   286.0 0.2719392E-09
   287.0 0.2739552E-09
   288.0 0.2750742E-09
   289.0 0.2753111E-09
   290.0 0.2747030E-09
   291.0 0.2733113E-09
   292.0 0.2712188E-09
   293.0 0.2685298E-09
   294.0 0.2653666E-09
   295.0 0.2618673E-09
   296.0 0.2581831E-09
   297.0 0.2544722E-09
   298.0 0.2508992E-09
   299.0 0.2476273E-09
   300.0 0.2448151E-09
   301.0 0.2426115E-09
   302.0 0.2411513E-09
   303.0 0.2405496E-09
   304.0 0.2408993E-09
   305.0 0.2422654E-09
   306.0 0.2446829E-09
   307.0 0.2481547E-09
   308.0 0.2526488E-09
   309.0 0.2580975E-09
   310.0 0.2643990E-09
   311.0 0.2714166E-09
   312.0 0.2789820E-09
   313.0 0.2868976E-09
   314.0 0.2949417E-09
   315.0 0.3028716E-09
   316.0 0.3104313E-09
   317.0 0.3173573E-09
   318.0 0.3233839E-09
   319.0 0.3282534E-09
   320.0 0.3317216E-09
   321.0 0.3335662E-09
   322.0 0.3335933E-09
   323.0 0.3316464E-09
   324.0 0.3276095E-09
   325.0 0.3214160E-09
   326.0 0.3130507E-09
   327.0 0.3025549E-09
   328.0 0.2900268E-09
   329.0 0.2756239E-09
   330.0 0.2595605E-09
   331.0 0.2421064E-09
   332.0 0.2235810E-09
   333.0 0.2043503E-09
   334.0 0.1848178E-09
   335.0 0.1654163E-09
   336.0 0.1465989E-09
   337.0 0.1288273E-09
   338.0 0.1125614E-09
   339.0 0.9824597E-10
   340.0 0.8629942E-10
   341.0 0.7710152E-10
   342.0 0.7098085E-10
   343.0 0.6820421E-10
   344.0 0.6896674E-10
   345.0 0.7338271E-10
   346.0 0.8147876E-10
   347.0 0.9318855E-10
   348.0 0.1083494E-09
   349.0 0.1267018E-09
   350.0 0.1478906E-09
   351.0 0.1714694E-09
   352.0 0.1969067E-09
   353.0 0.2235944E-09
   354.0 0.2508601E-09
   355.0 0.2779792E-09
   356.0 0.3041910E-09
   357.0 0.3287154E-09
   358.0 0.3507701E-09
   359.0 0.3695902E-09
   360.0 0.3844482E-09
   361.0 0.3946718E-09
   362.0 0.3996634E-09
   363.0 0.3989185E-09
   364.0 0.3920404E-09
   365.0 0.3787564E-09
   366.0 0.3589283E-09
   367.0 0.3325629E-09
   368.0 0.2998177E-09
   369.0 0.2610032E-09
   370.0 0.2165836E-09
   371.0 0.1671706E-09
   372.0 0.1135179E-09
   373.0 0.5650711E-10
   374.0 -.2865970E-11
   375.0 -.6350982E-10
   376.0 -.1242598E-09
   377.0 -.1839001E-09
   378.0 -.2411915E-09
   379.0 -.2948978E-09
   380.0 -.3438150E-09
   381.0 -.3867986E-09
   382.0 -.4227944E-09
   383.0 -.4508631E-09
   384.0 -.4702091E-09
   385.0 -.4802025E-09
   386.0 -.4803957E-09
   387.0 -.4705457E-09
   388.0 -.4506258E-09
   389.0 -.4208305E-09
   390.0 -.3815829E-09
   391.0 -.3335301E-09
   392.0 -.2775386E-09
   393.0 -.2146814E-09
   394.0 -.1462222E-09
   395.0 -.7359283E-10
   396.0 0.1632795E-11
   397.0 0.7776765E-10
   398.0 0.1530456E-09
   399.0 0.2256573E-09
   400.0 0.2937886E-09
   401.0 0.3556588E-09
   402.0 0.4095607E-09
   403.0 0.4539000E-09
   404.0 0.4872323E-09
   405.0 0.5082977E-09
   406.0 0.5160538E-09
   407.0 0.5097031E-09
   408.0 0.4887169E-09
   409.0 0.4528529E-09
   410.0 0.4021682E-09
   411.0 0.3370239E-09
   412.0 0.2580862E-09
   413.0 0.1663192E-09
   414.0 0.6297036E-10
   415.0 -.5044888E-10
   416.0 -.1721893E-09
   417.0 -.3002962E-09
   418.0 -.4326442E-09
   419.0 -.5669838E-09
   420.0 -.7009782E-09
   421.0 -.8322592E-09
   422.0 -.9584679E-09
   423.0 -.1077315E-08
   424.0 -.1186618E-08
   425.0 -.1284357E-08
   426.0 -.1368719E-08
   427.0 -.1438137E-08
   428.0 -.1491325E-08
   429.0 -.1527319E-08
   430.0 -.1545492E-08
   431.0 -.1545577E-08
   432.0 -.1527680E-08
   433.0 -.1492279E-08
   434.0 -.1440226E-08
   435.0 -.1372729E-08
   436.0 -.1291336E-08
   437.0 -.1197905E-08
   438.0 -.1094575E-08
   439.0 -.9837209E-09
   440.0 -.8679094E-09
   441.0 -.7498506E-09
   442.0 -.6323399E-09
   443.0 -.5182056E-09
   444.0 -.4102483E-09
   445.0 -.3111865E-09
   446.0 -.2235947E-09
   447.0 -.1498533E-09
   448.0 -.9209321E-10
   449.0 -.5215120E-10
   450.0 -.3152865E-10
   451.0 -.3135343E-10
   452.0 -.5235268E-10
   453.0 -.9483640E-10
   454.0 -.1586757E-09
   455.0 -.2433067E-09
   456.0 -.3477310E-09
   457.0 -.4705299E-09
   458.0 -.6098844E-09
   459.0 -.7636041E-09
   460.0 -.9291649E-09
   461.0 -.1103751E-08
   462.0 -.1284297E-08
   463.0 -.1467559E-08
   464.0 -.1650153E-08
   465.0 -.1828623E-08
   466.0 -.1999505E-08
   467.0 -.2159381E-08
   468.0 -.2304957E-08
   469.0 -.2433101E-08
   470.0 -.2540911E-08
   471.0 -.2625774E-08
   472.0 -.2685394E-08
   473.0 -.2717860E-08
   474.0 -.2721648E-08
   475.0 -.2695688E-08
   476.0 -.2639342E-08
   477.0 -.2552460E-08
   478.0 -.2435346E-08
   479.0 -.2288773E-08
   480.0 -.2113983E-08
   481.0 -.1912641E-08
   482.0 -.1686824E-08
   483.0 -.1438992E-08
   484.0 -.1171945E-08
   485.0 -.8887775E-09
   486.0 -.5928292E-09
   487.0 -.2876440E-09
   488.0 0.2309133E-10
   489.0 0.3356022E-09
   490.0 0.6460795E-09
   491.0 0.9507335E-09
   492.0 0.1245849E-08
   493.0 0.1527837E-08
   494.0 0.1793283E-08
   495.0 0.2038987E-08
   496.0 0.2262017E-08
   497.0 0.2459734E-08
   498.0 0.2629816E-08
   499.0 0.2770311E-08
   500.0 0.2879618E-08
   501.0 0.2956544E-08
   502.0 0.3000264E-08
   503.0 0.3010383E-08
   504.0 0.2986874E-08
   505.0 0.2930103E-08
   506.0 0.2840835E-08
   507.0 0.2720164E-08
   508.0 0.2569538E-08
   509.0 0.2390720E-08
   510.0 0.2185760E-08
   511.0 0.1956976E-08
   512.0 0.1706909E-08
   513.0 0.1438299E-08
   514.0 0.1154058E-08
   515.0 0.8572245E-09
   516.0 0.5509380E-09
   517.0 0.2384085E-09
   518.0 -.7712384E-10
   519.0 -.3924158E-09
   520.0 -.7042500E-09
   521.0 -.1009468E-08
   522.0 -.1304993E-08
   523.0 -.1587855E-08
   524.0 -.1855232E-08
   525.0 -.2104447E-08
   526.0 -.2333013E-08
   527.0 -.2538630E-08
   528.0 -.2719229E-08
   529.0 -.2872969E-08
   530.0 -.2998264E-08
   531.0 -.3093784E-08
   532.0 -.3158481E-08
   533.0 -.3191590E-08
   534.0 -.3192648E-08
   535.0 -.3161489E-08
   536.0 -.3098257E-08
   537.0 -.3003410E-08
   538.0 -.2877719E-08
   539.0 -.2722258E-08
   540.0 -.2538429E-08
   541.0 -.2327917E-08
   542.0 -.2092715E-08
   543.0 -.1835092E-08
   544.0 -.1557590E-08
   545.0 -.1262992E-08
   546.0 -.9543171E-09
   547.0 -.6347867E-09
   548.0 -.3077966E-09
   549.0 0.2311117E-10
   550.0 0.3542838E-09
   551.0 0.6819952E-09
   552.0 0.1002496E-08
   553.0 0.1312031E-08
   554.0 0.1606904E-08
   555.0 0.1883536E-08
   556.0 0.2138466E-08
   557.0 0.2368448E-08
   558.0 0.2570476E-08
   559.0 0.2741823E-08
   560.0 0.2880103E-08
   561.0 0.2983295E-08
   562.0 0.3049809E-08
   563.0 0.3078476E-08
   564.0 0.3068632E-08
   565.0 0.3020101E-08
   566.0 0.2933241E-08
   567.0 0.2808927E-08
   568.0 0.2648594E-08
   569.0 0.2454201E-08
   570.0 0.2228241E-08
   571.0 0.1973718E-08
   572.0 0.1694111E-08
   573.0 0.1393357E-08
   574.0 0.1075789E-08
   575.0 0.7461003E-09
   576.0 0.4092901E-09
   577.0 0.7058212E-10
   578.0 -.2646304E-09
   579.0 -.5908579E-09
   580.0 -.9026042E-09
   581.0 -.1194442E-08
   582.0 -.1461089E-08
   583.0 -.1697503E-08
   584.0 -.1898954E-08
   585.0 -.2061117E-08
   586.0 -.2180138E-08
   587.0 -.2252708E-08
   588.0 -.2276135E-08
   589.0 -.2248397E-08
   590.0 -.2168195E-08
   591.0 -.2034992E-08
   592.0 -.1849042E-08
   593.0 -.1611420E-08
   594.0 -.1324008E-08
   595.0 -.9895027E-09
   596.0 -.6113958E-09
   597.0 -.1939446E-09
   598.0 0.2578798E-09
   599.0 0.7384477E-09
   600.0 0.1241535E-08
   601.0 0.1760405E-08
   602.0 0.2287908E-08
   603.0 0.2816562E-08
   604.0 0.3338681E-08
   605.0 0.3846475E-08
   606.0 0.4332173E-08
   607.0 0.4788161E-08
   608.0 0.5207068E-08
   609.0 0.5581916E-08
   610.0 0.5906263E-08
   611.0 0.6174242E-08
   612.0 0.6380774E-08
   613.0 0.6521576E-08
   614.0 0.6593298E-08
   615.0 0.6593607E-08
   616.0 0.6521231E-08
   617.0 0.6376012E-08
   618.0 0.6158957E-08
   619.0 0.5872233E-08
   620.0 0.5519191E-08
   621.0 0.5104303E-08
   622.0 0.4633206E-08
   623.0 0.4112553E-08
   624.0 0.3549984E-08
   625.0 0.2954056E-08
   626.0 0.2334084E-08
   627.0 0.1700048E-08
   628.0 0.1062455E-08
   629.0 0.4321745E-09
   630.0 -.1797116E-09
   631.0 -.7620836E-09
   632.0 -.1303951E-08
   633.0 -.1794643E-08
   634.0 -.2223975E-08
   635.0 -.2582435E-08
   636.0 -.2861360E-08
   637.0 -.3053081E-08
   638.0 -.3151101E-08
   639.0 -.3150215E-08
   640.0 -.3046671E-08
   641.0 -.2838240E-08
   642.0 -.2524328E-08
   643.0 -.2106037E-08
   644.0 -.1586218E-08
   645.0 -.9694797E-09
   646.0 -.2621933E-09
   647.0 0.5275551E-09
   648.0 0.1390011E-08
   649.0 0.2313839E-08
   650.0 0.3286237E-08
   651.0 0.4293090E-08
   652.0 0.5319094E-08
   653.0 0.6347987E-08
   654.0 0.7362730E-08
   655.0 0.8345713E-08
   656.0 0.9279060E-08
   657.0 0.1014478E-07
   658.0 0.1092513E-07
   659.0 0.1160283E-07
   660.0 0.1216132E-07
   661.0 0.1258512E-07
   662.0 0.1285995E-07
   663.0 0.1297309E-07
   664.0 0.1291360E-07
   665.0 0.1267252E-07
   666.0 0.1224308E-07
   667.0 0.1162093E-07
   668.0 0.1080420E-07
   669.0 0.9793691E-08
   670.0 0.8592943E-08
   671.0 0.7208265E-08
   672.0 0.5648773E-08
   673.0 0.3926348E-08
   674.0 0.2055598E-08
   675.0 0.5371980E-10
   676.0 -.2059641E-08
   677.0 -.4262541E-08
   678.0 -.6531018E-08
   679.0 -.8839309E-08
   680.0 -.1116012E-07
   681.0 -.1346507E-07
   682.0 -.1572483E-07
   683.0 -.1790974E-07
   684.0 -.1998997E-07
   685.0 -.2193609E-07
   686.0 -.2371946E-07
   687.0 -.2531253E-07
   688.0 -.2668934E-07
   689.0 -.2782598E-07
   690.0 -.2870082E-07
   691.0 -.2929500E-07
   692.0 -.2959277E-07
   693.0 -.2958172E-07
   694.0 -.2925304E-07
   695.0 -.2860192E-07
   696.0 -.2762752E-07
   697.0 -.2633310E-07
   698.0 -.2472634E-07
   699.0 -.2281914E-07
   700.0 -.2062749E-07
   701.0 -.1817171E-07
   702.0 -.1547588E-07
   703.0 -.1256793E-07
   704.0 -.9479215E-08
   705.0 -.6244167E-08
   706.0 -.2899957E-08
   707.0 0.5139937E-09
   708.0 0.3956459E-08
   709.0 0.7384942E-08
   710.0 0.1075627E-07
   711.0 0.1402713E-07
   712.0 0.1715464E-07
   713.0 0.2009704E-07
   714.0 0.2281418E-07
   715.0 0.2526827E-07
   716.0 0.2742430E-07
   717.0 0.2925066E-07
   718.0 0.3071967E-07
   719.0 0.3180798E-07
   720.0 0.3249713E-07
   721.0 0.3277372E-07
   722.0 0.3262979E-07
   723.0 0.3206313E-07
   724.0 0.3107728E-07
   725.0 0.2968155E-07
   726.0 0.2789126E-07
   727.0 0.2572726E-07
   728.0 0.2321603E-07
   729.0 0.2038920E-07
   730.0 0.1728333E-07
   731.0 0.1393934E-07
   732.0 0.1040206E-07
   733.0 0.6719585E-08
   734.0 0.2942656E-08
   735.0 -.8760788E-09
   736.0 -.4682765E-08
   737.0 -.8423170E-08
   738.0 -.1204347E-07
   739.0 -.1549109E-07
   740.0 -.1871541E-07
   741.0 -.2166872E-07
   742.0 -.2430685E-07
   743.0 -.2658997E-07
   744.0 -.2848320E-07
   745.0 -.2995724E-07
   746.0 -.3098891E-07
   747.0 -.3156163E-07
   748.0 -.3166570E-07
   749.0 -.3129848E-07
   750.0 -.3046474E-07
   751.0 -.2917643E-07
   752.0 -.2745289E-07
   753.0 -.2532031E-07
   754.0 -.2281167E-07
   755.0 -.1996619E-07
   756.0 -.1682875E-07
   757.0 -.1344937E-07
   758.0 -.9882432E-08
   759.0 -.6185767E-08
   760.0 -.2419903E-08
   761.0 0.1352951E-08
   762.0 0.5069889E-08
   763.0 0.8668290E-08
   764.0 0.1208688E-07
   765.0 0.1526680E-07
   766.0 0.1815245E-07
   767.0 0.2069262E-07
   768.0 0.2284137E-07
   769.0 0.2455879E-07
   770.0 0.2581181E-07
   771.0 0.2657485E-07
   772.0 0.2683037E-07
   773.0 0.2656923E-07
   774.0 0.2579107E-07
   775.0 0.2450433E-07
   776.0 0.2272638E-07
   777.0 0.2048326E-07
   778.0 0.1780940E-07
   779.0 0.1474730E-07
   780.0 0.1134667E-07
   781.0 0.7664020E-08
   782.0 0.3761566E-08
   783.0 -.2936120E-09
   784.0 -.4430662E-08
   785.0 -.8576122E-08
   786.0 -.1265513E-07
   787.0 -.1659264E-07
   788.0 -.2031486E-07
   789.0 -.2375032E-07
   790.0 -.2683139E-07
   791.0 -.2949535E-07
   792.0 -.3168571E-07
   793.0 -.3335321E-07
   794.0 -.3445682E-07
   795.0 -.3496476E-07
   796.0 -.3485521E-07
   797.0 -.3411674E-07
   798.0 -.3274902E-07
   799.0 -.3076282E-07
   800.0 -.2818029E-07
   801.0 -.2503469E-07
   802.0 -.2137016E-07
   803.0 -.1724135E-07
   804.0 -.1271236E-07
   805.0 -.7856280E-08
   806.0 -.2753997E-08
   807.0 0.2507027E-08
   808.0 0.7834060E-08
   809.0 0.1313051E-07
   810.0 0.1829751E-07
   811.0 0.2323549E-07
   812.0 0.2784599E-07
   813.0 0.3203310E-07
   814.0 0.3570550E-07
   815.0 0.3877778E-07
   816.0 0.4117223E-07
   817.0 0.4282048E-07
   818.0 0.4366468E-07
   819.0 0.4365890E-07
   820.0 0.4277005E-07
   821.0 0.4097922E-07
   822.0 0.3828204E-07
   823.0 0.3468923E-07
   824.0 0.3022706E-07
   825.0 0.2493729E-07
   826.0 0.1887685E-07
   827.0 0.1211759E-07
   828.0 0.4745388E-08
   829.0 -.3140650E-08
   830.0 -.1142947E-07
   831.0 -.1999945E-07
   832.0 -.2871991E-07
   833.0 -.3745302E-07
   834.0 -.4605568E-07
   835.0 -.5438147E-07
   836.0 -.6228308E-07
   837.0 -.6961429E-07
   838.0 -.7623225E-07
   839.0 -.8199994E-07
   840.0 -.8678845E-07
   841.0 -.9047873E-07
   842.0 -.9296414E-07
   843.0 -.9415194E-07
   844.0 -.9396565E-07
   845.0 -.9234602E-07
   846.0 -.8925303E-07
   847.0 -.8466604E-07
   848.0 -.7858550E-07
   849.0 -.7103319E-07
   850.0 -.6205260E-07
   851.0 -.5170833E-07
   852.0 -.4008637E-07
   853.0 -.2729340E-07
   854.0 -.1345500E-07
   855.0 0.1284712E-08
   856.0 0.1676512E-07
   857.0 0.3281095E-07
   858.0 0.4923417E-07
   859.0 0.6583657E-07
   860.0 0.8241181E-07
   861.0 0.9874854E-07
   862.0 0.1146331E-06
   863.0 0.1298521E-06
   864.0 0.1441957E-06
   865.0 0.1574595E-06
   866.0 0.1694490E-06
   867.0 0.1799810E-06
   868.0 0.1888869E-06
   869.0 0.1960149E-06
   870.0 0.2012328E-06
   871.0 0.2044294E-06
   872.0 0.2055163E-06
   873.0 0.2044300E-06
   874.0 0.2011329E-06
   875.0 0.1956138E-06
   876.0 0.1878888E-06
   877.0 0.1780011E-06
   878.0 0.1660214E-06
   879.0 0.1520465E-06
   880.0 0.1361991E-06
   881.0 0.1186265E-06
   882.0 0.9949816E-07
   883.0 0.7900461E-07
   884.0 0.5735524E-07
   885.0 0.3477535E-07
   886.0 0.1150386E-07
   887.0 -.1220981E-07
   888.0 -.3610863E-07
   889.0 -.5993122E-07
   890.0 -.8341495E-07
   891.0 -.1062995E-06
   892.0 -.1283293E-06
   893.0 -.1492581E-06
   894.0 -.1688507E-06
   895.0 -.1868864E-06
   896.0 -.2031620E-06
   897.0 -.2174939E-06
   898.0 -.2297208E-06
   899.0 -.2397058E-06
   900.0 -.2473366E-06
   901.0 -.2525298E-06
   902.0 -.2552287E-06
   903.0 -.2554069E-06
   904.0 -.2530655E-06
   905.0 -.2482359E-06
   906.0 -.2409771E-06
   907.0 -.2313768E-06
   908.0 -.2195490E-06
   909.0 -.2056326E-06
   910.0 -.1897902E-06
   911.0 -.1722051E-06
   912.0 -.1530796E-06
   913.0 -.1326325E-06
   914.0 -.1110959E-06
   915.0 -.8871247E-07
   916.0 -.6573234E-07
   917.0 -.4241032E-07
   918.0 -.1900231E-07
   919.0 0.4237671E-08
   920.0 0.2706033E-07
   921.0 0.4922438E-07
   922.0 0.7049915E-07
   923.0 0.9066769E-07
   924.0 0.1095285E-06
   925.0 0.1268984E-06
   926.0 0.1426148E-06
   927.0 0.1565361E-06
   928.0 0.1685446E-06
   929.0 0.1785466E-06
   930.0 0.1864738E-06
   931.0 0.1922836E-06
   932.0 0.1959585E-06
   933.0 0.1975067E-06
   934.0 0.1969616E-06
   935.0 0.1943799E-06
   936.0 0.1898421E-06
   937.0 0.1834498E-06
   938.0 0.1753233E-06
   939.0 0.1656025E-06
   940.0 0.1544420E-06
   941.0 0.1420101E-06
   942.0 0.1284861E-06
   943.0 0.1140576E-06
   944.0 0.9891902E-07
   945.0 0.8326755E-07
   946.0 0.6730151E-07
   947.0 0.5121720E-07
   948.0 0.3520692E-07
   949.0 0.1945668E-07
   950.0 0.4143412E-08
   951.0 -.1056649E-07
   952.0 -.2451939E-07
   953.0 -.3757602E-07
   954.0 -.4961264E-07
   955.0 -.6052256E-07
   956.0 -.7021699E-07
   957.0 -.7862528E-07
   958.0 -.8569597E-07
   959.0 -.9139658E-07
   960.0 -.9571335E-07
   961.0 -.9865105E-07
   962.0 -.1002326E-06
   963.0 -.1004976E-06
   964.0 -.9950159E-07
   965.0 -.9731505E-07
   966.0 -.9402145E-07
   967.0 -.8971624E-07
   968.0 -.8450453E-07
   969.0 -.7849998E-07
   970.0 -.7182262E-07
   971.0 -.6459653E-07
   972.0 -.5694903E-07
   973.0 -.4900770E-07
   974.0 -.4089922E-07
   975.0 -.3274738E-07
   976.0 -.2467142E-07
   977.0 -.1678457E-07
   978.0 -.9192506E-08
   979.0 -.1992158E-08
   980.0 0.4729328E-08
   981.0 0.1089567E-07
   982.0 0.1644199E-07
   983.0 0.2131556E-07
   984.0 0.2547597E-07
   985.0 0.2889537E-07
   986.0 0.3155840E-07
   987.0 0.3346202E-07
   988.0 0.3461503E-07
   989.0 0.3503754E-07
   990.0 0.3476012E-07
   991.0 0.3382333E-07
   992.0 0.3227620E-07
   993.0 0.3017549E-07
   994.0 0.2758450E-07
   995.0 0.2457171E-07
   996.0 0.2120963E-07
   997.0 0.1757336E-07
   998.0 0.1373950E-07
   999.0 0.9784695E-08
  1000.0 0.5784527E-08
  1001.0 0.1812241E-08
  1002.0 -.2062298E-08
  1003.0 -.5773635E-08
  1004.0 -.9261623E-08
  1005.0 -.1247225E-07
  1006.0 -.1535827E-07
  1007.0 -.1787978E-07
  1008.0 -.2000463E-07
  1009.0 -.2170854E-07
  1010.0 -.2297547E-07
  1011.0 -.2379750E-07
  1012.0 -.2417458E-07
  1013.0 -.2411439E-07
  1014.0 -.2363191E-07
  1015.0 -.2274897E-07
  1016.0 -.2149351E-07
  1017.0 -.1989908E-07
  1018.0 -.1800394E-07
  1019.0 -.1585029E-07
  1020.0 -.1348358E-07
  1021.0 -.1095127E-07
  1022.0 -.8302331E-08
  1023.0 -.5586133E-08
  1024.0 -.2851587E-08
  1025.0 -.1464144E-09
  1026.0 0.2483711E-08
  1027.0 0.4995879E-08
  1028.0 0.7350600E-08
  1029.0 0.9512407E-08
  1030.0 0.1145028E-07
  1031.0 0.1313813E-07
  1032.0 0.1455507E-07
  1033.0 0.1568564E-07
  1034.0 0.1651990E-07
  1035.0 0.1705333E-07
  1036.0 0.1728703E-07
  1037.0 0.1722716E-07
  1038.0 0.1688499E-07
  1039.0 0.1627640E-07
  1040.0 0.1542148E-07
  1041.0 0.1434408E-07
  1042.0 0.1307117E-07
  1043.0 0.1163239E-07
  1044.0 0.1005948E-07
  1045.0 0.8385410E-08
  1046.0 0.6644072E-08
  1047.0 0.4869376E-08
  1048.0 0.3094831E-08
  1049.0 0.1352845E-08
  1050.0 -.3257623E-09
  1051.0 -.1912319E-08
  1052.0 -.3380718E-08
  1053.0 -.4707811E-08
  1054.0 -.5873742E-08
  1055.0 -.6862257E-08
  1056.0 -.7660824E-08
  1057.0 -.8260773E-08
  1058.0 -.8657402E-08
  1059.0 -.8849820E-08
  1060.0 -.8840987E-08
  1061.0 -.8637426E-08
  1062.0 -.8249173E-08
  1063.0 -.7689266E-08
  1064.0 -.6973551E-08
  1065.0 -.6120325E-08
  1066.0 -.5149890E-08
  1067.0 -.4084118E-08
  1068.0 -.2945965E-08
  1069.0 -.1759121E-08
  1070.0 -.5474436E-09
  1071.0 0.6654333E-09
  1072.0 0.1856548E-08
  1073.0 0.3004021E-08
  1074.0 0.4087426E-08
  1075.0 0.5088139E-08
  1076.0 0.5989624E-08
  1077.0 0.6777699E-08
  1078.0 0.7440686E-08
  1079.0 0.7969692E-08
  1080.0 0.8358471E-08
  1081.0 0.8603721E-08
  1082.0 0.8704892E-08
  1083.0 0.8664166E-08
  1084.0 0.8486383E-08
  1085.0 0.8178788E-08
  1086.0 0.7750938E-08
  1087.0 0.7214334E-08
  1088.0 0.6582285E-08
  1089.0 0.5869464E-08
  1090.0 0.5091712E-08
  1091.0 0.4265648E-08
  1092.0 0.3408326E-08
  1093.0 0.2536918E-08
  1094.0 0.1668387E-08
  1095.0 0.8191548E-09
  1096.0 0.4801113E-11
  1097.0 -.7601847E-09
  1098.0 -.1462687E-08
  1099.0 -.2091154E-08
  1100.0 -.2635784E-08
  1101.0 -.3088669E-08
  1102.0 -.3443886E-08
  1103.0 -.3697567E-08
  1104.0 -.3847930E-08
  1105.0 -.3895220E-08
  1106.0 -.3841693E-08
  1107.0 -.3691509E-08
  1108.0 -.3450564E-08
  1109.0 -.3126395E-08
  1110.0 -.2727944E-08
  1111.0 -.2265356E-08
  1112.0 -.1749775E-08
  1113.0 -.1193084E-08
  1114.0 -.6076515E-09
  1115.0 -.6095664E-11
  1116.0 0.5989688E-09
  1117.0 0.1195193E-08
  1118.0 0.1770689E-08
  1119.0 0.2314294E-08
  1120.0 0.2815731E-08
  1121.0 0.3265805E-08
  1122.0 0.3656535E-08
  1123.0 0.3981317E-08
  1124.0 0.4234960E-08
  1125.0 0.4413799E-08
  1126.0 0.4515725E-08
  1127.0 0.4540156E-08
  1128.0 0.4488022E-08
  1129.0 0.4361755E-08
  1130.0 0.4165114E-08
  1131.0 0.3903195E-08
  1132.0 0.3582209E-08
  1133.0 0.3209349E-08
  1134.0 0.2792682E-08
  1135.0 0.2340905E-08
  1136.0 0.1863227E-08
  1137.0 0.1369114E-08
  1138.0 0.8681500E-09
  1139.0 0.3698289E-09
  1140.0 -.1166150E-09
  1141.0 -.5823992E-09
  1142.0 -.1019321E-08
  1143.0 -.1419926E-08
  1144.0 -.1777625E-08
  1145.0 -.2086783E-08
  1146.0 -.2342843E-08
  1147.0 -.2542345E-08
  1148.0 -.2683004E-08
  1149.0 -.2763696E-08
  1150.0 -.2784478E-08
  1151.0 -.2746537E-08
  1152.0 -.2652157E-08
  1153.0 -.2504651E-08
  1154.0 -.2308260E-08
  1155.0 -.2068077E-08
  1156.0 -.1789892E-08
  1157.0 -.1480113E-08
  1158.0 -.1145608E-08
  1159.0 -.7935447E-09
  1160.0 -.4312993E-09
  1161.0 -.6626413E-10
  1162.0 0.2942604E-09
  1163.0 0.6432151E-09
  1164.0 0.9738993E-09
  1165.0 0.1280098E-08
  1166.0 0.1556179E-08
  1167.0 0.1797182E-08
  1168.0 0.1998912E-08
  1169.0 0.2157985E-08
  1170.0 0.2271866E-08
  1171.0 0.2338921E-08
  1172.0 0.2358414E-08
  1173.0 0.2330504E-08
  1174.0 0.2256204E-08
  1175.0 0.2137384E-08
  1176.0 0.1976676E-08
  1177.0 0.1777440E-08
  1178.0 0.1543671E-08
  1179.0 0.1279926E-08
  1180.0 0.9912088E-09
  1181.0 0.6828933E-09
  1182.0 0.3606043E-09
  1183.0 0.3011941E-10
  1184.0 -.3027464E-09
  1185.0 -.6322389E-09
  1186.0 -.9527683E-09
  1187.0 -.1259003E-08
  1188.0 -.1545967E-08
  1189.0 -.1809105E-08
  1190.0 -.2044372E-08
  1191.0 -.2248286E-08
  1192.0 -.2417970E-08
  1193.0 -.2551206E-08
  1194.0 -.2646448E-08
  1195.0 -.2702838E-08
  1196.0 -.2720212E-08
  1197.0 -.2699084E-08
  1198.0 -.2640619E-08
  1199.0 -.2546609E-08
  1200.0 -.2419426E-08
  1201.0 -.2261966E-08
  1202.0 -.2077589E-08
  1203.0 -.1870056E-08
  1204.0 -.1643452E-08
  1205.0 -.1402103E-08
  1206.0 -.1150518E-08
  1207.0 -.8932831E-09
  1208.0 -.6349929E-09
  1209.0 -.3801723E-09
  1210.0 -.1331963E-09
  1211.0 0.1017849E-09
  1212.0 0.3209066E-09
  1213.0 0.5206564E-09
  1214.0 0.6979258E-09
  1215.0 0.8500595E-09
  1216.0 0.9748942E-09
  1217.0 0.1070781E-08
  1218.0 0.1136614E-08
  1219.0 0.1171838E-08
  1220.0 0.1176447E-08
  1221.0 0.1150981E-08
  1222.0 0.1096500E-08
  1223.0 0.1014578E-08
  1224.0 0.9072381E-09
  1225.0 0.7769451E-09
  1226.0 0.6265264E-09
  1227.0 0.4591423E-09
  1228.0 0.2782102E-09
  1229.0 0.8735264E-10
  1230.0 -.1096759E-09
  1231.0 -.3090523E-09
  1232.0 -.5069574E-09
  1233.0 -.6996377E-09
  1234.0 -.8834782E-09
  1235.0 -.1055064E-08
  1236.0 -.1211236E-08
  1237.0 -.1349152E-08
  1238.0 -.1466338E-08
  1239.0 -.1560719E-08
  1240.0 -.1630676E-08
  1241.0 -.1675048E-08
  1242.0 -.1693183E-08
  1243.0 -.1684915E-08
  1244.0 -.1650602E-08
  1245.0 -.1591090E-08
  1246.0 -.1507713E-08
  1247.0 -.1402267E-08
  1248.0 -.1276971E-08
  1249.0 -.1134442E-08
  1250.0 -.9776253E-09
  1251.0 -.8097574E-09
  1252.0 -.6343036E-09
  1253.0 -.4548846E-09
  1254.0 -.2752161E-09
  1255.0 -.9903971E-10
  1256.0 0.6995417E-10
  1257.0 0.2281935E-09
  1258.0 0.3723006E-09
  1259.0 0.4991506E-09
  1260.0 0.6059443E-09
  1261.0 0.6902579E-09
  1262.0 0.7501048E-09
  1263.0 0.7839691E-09
  1264.0 0.7908522E-09
  1265.0 0.7702922E-09
  1266.0 0.7223837E-09
  1267.0 0.6477900E-09
  1268.0 0.5477281E-09
  1269.0 0.4239650E-09
  1270.0 0.2787820E-09
  1271.0 0.1149465E-09
  1272.0 -.6433509E-10
  1273.0 -.2554819E-09
  1274.0 -.4545910E-09
  1275.0 -.6575164E-09
  1276.0 -.8599446E-09
  1277.0 -.1057483E-08
  1278.0 -.1245736E-08
  1279.0 -.1420402E-08
  1280.0 -.1577364E-08
  1281.0 -.1712767E-08
  1282.0 -.1823111E-08
  1283.0 -.1905317E-08
  1284.0 -.1956823E-08
  1285.0 -.1975620E-08
  1286.0 -.1960321E-08
  1287.0 -.1910201E-08
  1288.0 -.1825227E-08
  1289.0 -.1706074E-08
  1290.0 -.1554135E-08
  1291.0 -.1371497E-08
  1292.0 -.1160926E-08
  1293.0 -.9258237E-09
  1294.0 -.6701763E-09
  1295.0 -.3984850E-09
  1296.0 -.1156863E-09
  1297.0 0.1729364E-09
  1298.0 0.4618494E-09
  1299.0 0.7453821E-09
  1300.0 0.1017836E-08
  1301.0 0.1273598E-08
  1302.0 0.1507263E-08
  1303.0 0.1713750E-08
  1304.0 0.1888409E-08
  1305.0 0.2027130E-08
  1306.0 0.2126453E-08
  1307.0 0.2183641E-08
  1308.0 0.2196754E-08
  1309.0 0.2164727E-08
  1310.0 0.2087396E-08
  1311.0 0.1965551E-08
  1312.0 0.1800907E-08
  1313.0 0.1596125E-08
  1314.0 0.1354772E-08
  1315.0 0.1081267E-08
  1316.0 0.7808169E-09
  1317.0 0.4593277E-09
  1318.0 0.1233010E-09
  1319.0 -.2202825E-09
  1320.0 -.5641037E-09
  1321.0 -.9006382E-09
  1322.0 -.1222314E-08
  1323.0 -.1521665E-08
  1324.0 -.1791497E-08
  1325.0 -.2025039E-08
  1326.0 -.2216097E-08
  1327.0 -.2359207E-08
  1328.0 -.2449769E-08
  1329.0 -.2484162E-08
  1330.0 -.2459857E-08
  1331.0 -.2375503E-08
  1332.0 -.2230981E-08
  1333.0 -.2027457E-08
  1334.0 -.1767393E-08
  1335.0 -.1454529E-08
  1336.0 -.1093855E-08
  1337.0 -.6915331E-09
  1338.0 -.2548204E-09
  1339.0 0.2080589E-09
  1340.0 0.6880453E-09
  1341.0 0.1175416E-08
  1342.0 0.1659959E-08
  1343.0 0.2131167E-08
  1344.0 0.2578454E-08
  1345.0 0.2991370E-08
  1346.0 0.3359812E-08
  1347.0 0.3674254E-08
  1348.0 0.3925982E-08
  1349.0 0.4107251E-08
  1350.0 0.4211531E-08
  1351.0 0.4233651E-08
  1352.0 0.4169950E-08
  1353.0 0.4018445E-08
  1354.0 0.3778870E-08
  1355.0 0.3452765E-08
  1356.0 0.3043559E-08
  1357.0 0.2556466E-08
  1358.0 0.1998524E-08
  1359.0 0.1378492E-08
  1360.0 0.7067174E-09
  1361.0 -.4995102E-11
  1362.0 -.7435784E-09
  1363.0 -.1494917E-08
  1364.0 -.2244090E-08
  1365.0 -.2975645E-08
  1366.0 -.3673889E-08
  1367.0 -.4323168E-08
  1368.0 -.4908224E-08
  1369.0 -.5414449E-08
  1370.0 -.5828257E-08
  1371.0 -.6137329E-08
  1372.0 -.6330968E-08
  1373.0 -.6400291E-08
  1374.0 -.6338517E-08
  1375.0 -.6141176E-08
  1376.0 -.5806228E-08
  1377.0 -.5334258E-08
  1378.0 -.4728523E-08
  1379.0 -.3994969E-08
  1380.0 -.3142266E-08
  1381.0 -.2181700E-08
  1382.0 -.1127064E-08
  1383.0 0.5497567E-11
  1384.0 0.1197717E-08
  1385.0 0.2429471E-08
  1386.0 0.3679073E-08
  1387.0 0.4923636E-08
  1388.0 0.6139435E-08
  1389.0 0.7302321E-08
  1390.0 0.8388136E-08
  1391.0 0.9373162E-08
  1392.0 0.1023456E-07
  1393.0 0.1095079E-07
  1394.0 0.1150207E-07
  1395.0 0.1187077E-07
  1396.0 0.1204180E-07
  1397.0 0.1200295E-07
  1398.0 0.1174519E-07
  1399.0 0.1126298E-07
  1400.0 0.1055438E-07
  1401.0 0.9621297E-08
  1402.0 0.8469494E-08
  1403.0 0.7108684E-08
  1404.0 0.5552388E-08
  1405.0 0.3817901E-08
  1406.0 0.1926056E-08
  1407.0 -.9900178E-10
  1408.0 -.2230135E-08
  1409.0 -.4437576E-08
  1410.0 -.6689365E-08
  1411.0 -.8951814E-08
  1412.0 -.1119002E-07
  1413.0 -.1336838E-07
  1414.0 -.1545123E-07
  1415.0 -.1740334E-07
  1416.0 -.1919048E-07
  1417.0 -.2078020E-07
  1418.0 -.2214206E-07
  1419.0 -.2324852E-07
  1420.0 -.2407508E-07
  1421.0 -.2460109E-07
  1422.0 -.2480988E-07
  1423.0 -.2468926E-07
  1424.0 -.2423172E-07
  1425.0 -.2343469E-07
  1426.0 -.2230059E-07
  1427.0 -.2083700E-07
  1428.0 -.1905645E-07
  1429.0 -.1697654E-07
  1430.0 -.1461947E-07
  1431.0 -.1201203E-07
  1432.0 -.9185100E-08
  1433.0 -.6173157E-08
  1434.0 -.3014013E-08
  1435.0 0.2519105E-09
  1436.0 0.3582078E-08
  1437.0 0.6932515E-08
  1438.0 0.1025844E-07
  1439.0 0.1351493E-07
  1440.0 0.1665762E-07
  1441.0 0.1964338E-07
  1442.0 0.2243094E-07
  1443.0 0.2498155E-07
  1444.0 0.2725966E-07
  1445.0 0.2923326E-07
  1446.0 0.3087462E-07
  1447.0 0.3216055E-07
  1448.0 0.3307288E-07
  1449.0 0.3359863E-07
  1450.0 0.3373026E-07
  1451.0 0.3346597E-07
  1452.0 0.3280936E-07
  1453.0 0.3176973E-07
  1454.0 0.3036155E-07
  1455.0 0.2860472E-07
  1456.0 0.2652400E-07
  1457.0 0.2414843E-07
  1458.0 0.2151122E-07
  1459.0 0.1864913E-07
  1460.0 0.1560180E-07
  1461.0 0.1241120E-07
  1462.0 0.9121071E-08
  1463.0 0.5776114E-08
  1464.0 0.2421395E-08
  1465.0 -.8983224E-09
  1466.0 -.4139320E-08
  1467.0 -.7259485E-08
  1468.0 -.1021900E-07
  1469.0 -.1298088E-07
  1470.0 -.1551150E-07
  1471.0 -.1778115E-07
  1472.0 -.1976423E-07
  1473.0 -.2143979E-07
  1474.0 -.2279169E-07
  1475.0 -.2380885E-07
  1476.0 -.2448520E-07
  1477.0 -.2481980E-07
  1478.0 -.2481676E-07
  1479.0 -.2448515E-07
  1480.0 -.2383856E-07
  1481.0 -.2289508E-07
  1482.0 -.2167676E-07
  1483.0 -.2020930E-07
  1484.0 -.1852139E-07
  1485.0 -.1664445E-07
  1486.0 -.1461192E-07
  1487.0 -.1245877E-07
  1488.0 -.1022088E-07
  1489.0 -.7934408E-08
  1490.0 -.5635322E-08
  1491.0 -.3358749E-08
  1492.0 -.1138455E-08
  1493.0 0.9936412E-09
  1494.0 0.3007959E-08
  1495.0 0.4877653E-08
  1496.0 0.6579005E-08
  1497.0 0.8091678E-08
  1498.0 0.9399020E-08
  1499.0 0.1048817E-07
  1500.0 0.1135023E-07
  1501.0 0.1198024E-07
  1502.0 0.1237722E-07
  1503.0 0.1254403E-07
  1504.0 0.1248717E-07
  1505.0 0.1221669E-07
  1506.0 0.1174580E-07
  1507.0 0.1109057E-07
  1508.0 0.1026966E-07
  1509.0 0.9303854E-08
  1510.0 0.8215653E-08
  1511.0 0.7028840E-08
  1512.0 0.5768029E-08
  1513.0 0.4458248E-08
  1514.0 0.3124449E-08
  1515.0 0.1791118E-08
  1516.0 0.4818353E-09
  1517.0 -.7810977E-09
  1518.0 -.1976996E-08
  1519.0 -.3087130E-08
  1520.0 -.4094968E-08
  1521.0 -.4986422E-08
  1522.0 -.5749988E-08
  1523.0 -.6376905E-08
  1524.0 -.6861208E-08
  1525.0 -.7199728E-08
  1526.0 -.7392112E-08
  1527.0 -.7440651E-08
  1528.0 -.7350268E-08
  1529.0 -.7128238E-08
  1530.0 -.6784037E-08
  1531.0 -.6329104E-08
  1532.0 -.5776549E-08
  1533.0 -.5140848E-08
  1534.0 -.4437548E-08
  1535.0 -.3682974E-08
  1536.0 -.2893844E-08
  1537.0 -.2086983E-08
  1538.0 -.1279007E-08
  1539.0 -.4860009E-09
  1540.0 0.2767568E-09
  1541.0 0.9950535E-09
  1542.0 0.1655995E-08
  1543.0 0.2248183E-08
  1544.0 0.2761911E-08
  1545.0 0.3189299E-08
  1546.0 0.3524358E-08
  1547.0 0.3763103E-08
  1548.0 0.3903532E-08
  1549.0 0.3945621E-08
  1550.0 0.3891289E-08
  1551.0 0.3744291E-08
  1552.0 0.3510097E-08
  1553.0 0.3195759E-08
  1554.0 0.2809737E-08
  1555.0 0.2361689E-08
  1556.0 0.1862277E-08
  1557.0 0.1322933E-08
  1558.0 0.7556133E-09
  1559.0 0.1725918E-09
  1560.0 -.4138067E-09
  1561.0 -.9914203E-09
  1562.0 -.1548488E-08
  1563.0 -.2073846E-08
  1564.0 -.2557139E-08
  1565.0 -.2988980E-08
  1566.0 -.3361112E-08
  1567.0 -.3666539E-08
  1568.0 -.3899624E-08
  1569.0 -.4056161E-08
  1570.0 -.4133443E-08
  1571.0 -.4130257E-08
  1572.0 -.4046888E-08
  1573.0 -.3885108E-08
  1574.0 -.3648082E-08
  1575.0 -.3340287E-08
  1576.0 -.2967439E-08
  1577.0 -.2536345E-08
  1578.0 -.2054777E-08
  1579.0 -.1531296E-08
  1580.0 -.9751104E-09
  1581.0 -.3959057E-09
  1582.0 0.1963508E-09
  1583.0 0.7915635E-09
  1584.0 0.1379698E-08
  1585.0 0.1950946E-08
  1586.0 0.2495886E-08
  1587.0 0.3005632E-08
  1588.0 0.3471979E-08
  1589.0 0.3887520E-08
  1590.0 0.4245754E-08
  1591.0 0.4541190E-08
  1592.0 0.4769400E-08
  1593.0 0.4927067E-08
  1594.0 0.5012058E-08
  1595.0 0.5023400E-08
  1596.0 0.4961265E-08
  1597.0 0.4826987E-08
  1598.0 0.4622989E-08
  1599.0 0.4352731E-08
  1600.0 0.4020662E-08
  1601.0 0.3632081E-08
  1602.0 0.3193083E-08
  1603.0 0.2710449E-08
  1604.0 0.2191505E-08
  1605.0 0.1644014E-08
  1606.0 0.1076079E-08
  1607.0 0.4959649E-09
  1608.0 -.8798642E-10
  1609.0 -.6674993E-09
  1610.0 -.1234471E-08
  1611.0 -.1781103E-08
  1612.0 -.2299988E-08
  1613.0 -.2784224E-08
  1614.0 -.3227499E-08
  1615.0 -.3624154E-08
  1616.0 -.3969282E-08
  1617.0 -.4258750E-08
  1618.0 -.4489266E-08
  1619.0 -.4658389E-08
  1620.0 -.4764571E-08
  1621.0 -.4807144E-08
  1622.0 -.4786312E-08
  1623.0 -.4703149E-08
  1624.0 -.4559561E-08
  1625.0 -.4358225E-08
  1626.0 -.4102584E-08
  1627.0 -.3796767E-08
  1628.0 -.3445496E-08
  1629.0 -.3054067E-08
  1630.0 -.2628231E-08
  1631.0 -.2174129E-08
  1632.0 -.1698204E-08
  1633.0 -.1207107E-08
  1634.0 -.7076185E-09
  1635.0 -.2065457E-09
  1636.0 0.2893588E-09
  1637.0 0.7734838E-09
  1638.0 0.1239443E-08
  1639.0 0.1681167E-08
  1640.0 0.2092961E-08
  1641.0 0.2469588E-08
  1642.0 0.2806326E-08
  1643.0 0.3099047E-08
  1644.0 0.3344220E-08
  1645.0 0.3539006E-08
  1646.0 0.3681260E-08
  1647.0 0.3769563E-08
  1648.0 0.3803246E-08
  1649.0 0.3782369E-08
  1650.0 0.3707778E-08
  1651.0 0.3581009E-08
  1652.0 0.3404345E-08
  1653.0 0.3180740E-08
  1654.0 0.2913793E-08
  1655.0 0.2607689E-08
  1656.0 0.2267175E-08
  1657.0 0.1897461E-08
  1658.0 0.1504170E-08
  1659.0 0.1093263E-08
  1660.0 0.6709472E-09
  1661.0 0.2436052E-09
  1662.0 -.1822992E-09
  1663.0 -.6003119E-09
  1664.0 -.1004074E-08
  1665.0 -.1387410E-08
  1666.0 -.1744426E-08
  1667.0 -.2069579E-08
  1668.0 -.2357773E-08
  1669.0 -.2604424E-08
  1670.0 -.2805546E-08
  1671.0 -.2957785E-08
  1672.0 -.3058503E-08
  1673.0 -.3105803E-08
  1674.0 -.3098580E-08
  1675.0 -.3036521E-08
  1676.0 -.2920140E-08
  1677.0 -.2750773E-08
  1678.0 -.2530564E-08
  1679.0 -.2262430E-08
  1680.0 -.1950060E-08
  1681.0 -.1597820E-08
  1682.0 -.1210745E-08
  1683.0 -.7944399E-09
  1684.0 -.3550030E-09
  1685.0 0.1010441E-09
  1686.0 0.5668644E-09
  1687.0 0.1035394E-08
  1688.0 0.1499459E-08
  1689.0 0.1951872E-08
  1690.0 0.2385537E-08
  1691.0 0.2793575E-08
  1692.0 0.3169421E-08
  1693.0 0.3506919E-08
  1694.0 0.3800436E-08
  1695.0 0.4044920E-08
  1696.0 0.4236039E-08
  1697.0 0.4370205E-08
  1698.0 0.4444663E-08
  1699.0 0.4457499E-08
  1700.0 0.4407749E-08
  1701.0 0.4295358E-08
  1702.0 0.4121196E-08
  1703.0 0.3887107E-08
  1704.0 0.3595805E-08
  1705.0 0.3250907E-08
  1706.0 0.2856852E-08
  1707.0 0.2418840E-08
  1708.0 0.1942768E-08
  1709.0 0.1435134E-08
  1710.0 0.9029456E-09
  1711.0 0.3536119E-09
  1712.0 -.2051648E-09
  1713.0 -.7655119E-09
  1714.0 -.1319495E-08
  1715.0 -.1859252E-08
  1716.0 -.2377108E-08
  1717.0 -.2865697E-08
  1718.0 -.3318066E-08
  1719.0 -.3727790E-08
  1720.0 -.4089082E-08
  1721.0 -.4396858E-08
  1722.0 -.4646832E-08
  1723.0 -.4835575E-08
  1724.0 -.4960572E-08
  1725.0 -.5020266E-08
  1726.0 -.5014052E-08
  1727.0 -.4942314E-08
  1728.0 -.4806409E-08
  1729.0 -.4608628E-08
  1730.0 -.4352175E-08
  1731.0 -.4041104E-08
  1732.0 -.3680258E-08
  1733.0 -.3275186E-08
  1734.0 -.2832038E-08
  1735.0 -.2357514E-08
  1736.0 -.1858689E-08
  1737.0 -.1342952E-08
  1738.0 -.8178741E-09
  1739.0 -.2910771E-09
  1740.0 0.2298693E-09
  1741.0 0.7375741E-09
  1742.0 0.1224933E-08
  1743.0 0.1685241E-08
  1744.0 0.2112291E-08
  1745.0 0.2500461E-08
  1746.0 0.2844807E-08
  1747.0 0.3141115E-08
  1748.0 0.3385971E-08
  1749.0 0.3576796E-08
  1750.0 0.3711890E-08
  1751.0 0.3790419E-08
  1752.0 0.3812445E-08
  1753.0 0.3778891E-08
  1754.0 0.3691508E-08
  1755.0 0.3552869E-08
  1756.0 0.3366268E-08
  1757.0 0.3135688E-08
  1758.0 0.2865719E-08
  1759.0 0.2561454E-08
  1760.0 0.2228430E-08
  1761.0 0.1872510E-08
  1762.0 0.1499776E-08
  1763.0 0.1116456E-08
  1764.0 0.7287897E-09
  1765.0 0.3429489E-09
  1766.0 -.3507337E-10
  1767.0 -.3995491E-09
  1768.0 -.7451045E-09
  1769.0 -.1066801E-08
  1770.0 -.1360206E-08
  1771.0 -.1621445E-08
  1772.0 -.1847267E-08
  1773.0 -.2035070E-08
  1774.0 -.2182941E-08
  1775.0 -.2289653E-08
  1776.0 -.2354678E-08
  1777.0 -.2378195E-08
  1778.0 -.2361038E-08
  1779.0 -.2304681E-08
  1780.0 -.2211208E-08
  1781.0 -.2083245E-08
  1782.0 -.1923915E-08
  1783.0 -.1736758E-08
  1784.0 -.1525681E-08
  1785.0 -.1294872E-08
  1786.0 -.1048718E-08
  1787.0 -.7917430E-09
  1788.0 -.5285079E-09
  1789.0 -.2635513E-09
  1790.0 -.1305658E-11
  1791.0 0.2539715E-09
  1792.0 0.4982636E-09
  1793.0 0.7278554E-09
  1794.0 0.9393860E-09
  1795.0 0.1129896E-08
  1796.0 0.1296861E-08
  1797.0 0.1438224E-08
  1798.0 0.1552418E-08
  1799.0 0.1638367E-08
  1800.0 0.1695504E-08
  1801.0 0.1723752E-08
  1802.0 0.1723515E-08
  1803.0 0.1695656E-08
  1804.0 0.1641469E-08
  1805.0 0.1562642E-08
  1806.0 0.1461215E-08
  1807.0 0.1339534E-08
  1808.0 0.1200208E-08
  1809.0 0.1046050E-08
  1810.0 0.8800246E-09
  1811.0 0.7051956E-09
  1812.0 0.5246705E-09
  1813.0 0.3415467E-09
  1814.0 0.1588636E-09
  1815.0 -.2045099E-10
  1816.0 -.1936213E-09
  1817.0 -.3580674E-09
  1818.0 -.5114386E-09
  1819.0 -.6516437E-09
  1820.0 -.7768791E-09
  1821.0 -.8856475E-09
  1822.0 -.9767682E-09
  1823.0 -.1049391E-08
  1824.0 -.1102988E-08
  1825.0 -.1137366E-08
  1826.0 -.1152642E-08
  1827.0 -.1149239E-08
  1828.0 -.1127867E-08
  1829.0 -.1089496E-08
  1830.0 -.1035334E-08
  1831.0 -.9668069E-09
  1832.0 -.8855084E-09
  1833.0 -.7931885E-09
  1834.0 -.6917090E-09
  1835.0 -.5830105E-09
  1836.0 -.4690845E-09
  1837.0 -.3519333E-09
  1838.0 -.2335450E-09
  1839.0 -.1158587E-09
  1840.0 -.7400183E-12
  1841.0 0.1100487E-09
  1842.0 0.2148662E-09
  1843.0 0.3122190E-09
  1844.0 0.4007711E-09
  1845.0 0.4793653E-09
  1846.0 0.5470270E-09
  1847.0 0.6029803E-09
  1848.0 0.6466439E-09
  1849.0 0.6776383E-09
  1850.0 0.6957826E-09
  1851.0 0.7010911E-09
  1852.0 0.6937657E-09
  1853.0 0.6741894E-09
  1854.0 0.6429094E-09
  1855.0 0.6006361E-09
  1856.0 0.5482153E-09
  1857.0 0.4866250E-09
  1858.0 0.4169481E-09
  1859.0 0.3403648E-09
  1860.0 0.2581290E-09
  1861.0 0.1715523E-09
  1862.0 0.8198668E-10
  1863.0 -.9195407E-11
  1864.0 -.1006164E-09
  1865.0 -.1909128E-09
  1866.0 -.2787496E-09
  1867.0 -.3628398E-09
  1868.0 -.4419544E-09
  1869.0 -.5149409E-09
  1870.0 -.5807353E-09
  1871.0 -.6383729E-09
  1872.0 -.6869993E-09
  1873.0 -.7258837E-09
  1874.0 -.7544205E-09
  1875.0 -.7721430E-09
  1876.0 -.7787258E-09
  1877.0 -.7739890E-09
  1878.0 -.7579023E-09
  1879.0 -.7305841E-09
  1880.0 -.6923032E-09
  1881.0 -.6434746E-09
  1882.0 -.5846618E-09
  1883.0 -.5165587E-09
  1884.0 -.4399981E-09
  1885.0 -.3559324E-09
  1886.0 -.2654271E-09
  1887.0 -.1696496E-09
  1888.0 -.6985377E-10
  1889.0 0.3263166E-10
  1890.0 0.1364230E-09
  1891.0 0.2400939E-09
  1892.0 0.3421998E-09
  1893.0 0.4412897E-09
  1894.0 0.5359318E-09
  1895.0 0.6247292E-09
  1896.0 0.7063429E-09
  1897.0 0.7795097E-09
  1898.0 0.8430626E-09
  1899.0 0.8959485E-09
  1900.0 0.9372449E-09
  1901.0 0.9661798E-09
  1902.0 0.9821449E-09
  1903.0 0.9847021E-09
  1904.0 0.9736052E-09
  1905.0 0.9487947E-09
  1906.0 0.9104124E-09
  1907.0 0.8588040E-09
  1908.0 0.7945112E-09
  1909.0 0.7182735E-09
  1910.0 0.6310200E-09
  1911.0 0.5338581E-09
  1912.0 0.4280613E-09
  1913.0 0.3150548E-09
  1914.0 0.1963918E-09
  1915.0 0.7373872E-10
  1916.0 -.5115635E-10
  1917.0 -.1764812E-09
  1918.0 -.3003933E-09
  1919.0 -.4210449E-09
  1920.0 -.5366121E-09
  1921.0 -.6453258E-09
  1922.0 -.7454977E-09
  1923.0 -.8355526E-09
  1924.0 -.9140522E-09
  1925.0 -.9797207E-09
  1926.0 -.1031470E-08
  1927.0 -.1068413E-08
  1928.0 -.1089891E-08
  1929.0 -.1095478E-08
  1930.0 -.1084994E-08
  1931.0 -.1058517E-08
  1932.0 -.1016372E-08
  1933.0 -.9591375E-09
  1934.0 -.8876381E-09
  1935.0 -.8029265E-09
  1936.0 -.7062754E-09
  1937.0 -.5991579E-09
  1938.0 -.4832197E-09
  1939.0 -.3602585E-09
  1940.0 -.2321894E-09
  1941.0 -.1010193E-09
  1942.0 0.3118937E-10
  1943.0 0.1623529E-09
  1944.0 0.2903995E-09
  1945.0 0.4133076E-09
  1946.0 0.5291362E-09
  1947.0 0.6360616E-09
  1948.0 0.7324050E-09
  1949.0 0.8166663E-09
  1950.0 0.8875466E-09
  1951.0 0.9439702E-09
  1952.0 0.9851070E-09
  1953.0 0.1010381E-08
  1954.0 0.1019486E-08
  1955.0 0.1012392E-08
  1956.0 0.9893341E-09
  1957.0 0.9508235E-09
  1958.0 0.8976260E-09
  1959.0 0.8307544E-09
  1960.0 0.7514490E-09
  1961.0 0.6611538E-09
  1962.0 0.5614900E-09
  1963.0 0.4542300E-09
  1964.0 0.3412627E-09
  1965.0 0.2245598E-09
  1966.0 0.1061403E-09
  1967.0 -.1196429E-10
  1968.0 -.1277481E-09
  1969.0 -.2392654E-09
  1970.0 -.3446659E-09
  1971.0 -.4422272E-09
  1972.0 -.5303849E-09
  1973.0 -.6077591E-09
  1974.0 -.6731798E-09
  1975.0 -.7257040E-09
  1976.0 -.7646320E-09
  1977.0 -.7895233E-09
  1978.0 -.8001888E-09
  1979.0 -.7967071E-09
  1980.0 -.7794111E-09
  1981.0 -.7488832E-09
  1982.0 -.7059390E-09
  1983.0 -.6516148E-09
  1984.0 -.5871377E-09
  1985.0 -.5139085E-09
  1986.0 -.4334686E-09
  1987.0 -.3474721E-09
  1988.0 -.2576491E-09
  1989.0 -.1657763E-09
  1990.0 -.7363925E-10
  1991.0 0.1700225E-10
  1992.0 0.1044440E-09
  1993.0 0.1870758E-09
  1994.0 0.2634065E-09
  1995.0 0.3320944E-09
  1996.0 0.3919721E-09
  1997.0 0.4420670E-09
  1998.0 0.4816181E-09
  1999.0 0.5100911E-09
  2000.0 0.5271816E-09
  2001.0 0.5328251E-09
  2002.0 0.5271918E-09
  2003.0 0.5106841E-09
  2004.0 0.4839225E-09
  2005.0 0.4477326E-09
  2006.0 0.4031314E-09
  2007.0 0.3512941E-09
  2008.0 0.2935403E-09
  2009.0 0.2313009E-09
  2010.0 0.1660851E-09
  2011.0 0.9945415E-10
  2012.0 0.3298413E-10
  2013.0 -.3176448E-10
  2014.0 -.9327978E-10
  2015.0 -.1501301E-09
  2016.0 -.2009945E-09
  2017.0 -.2446900E-09
  2018.0 -.2801961E-09
  2019.0 -.3066786E-09
  2020.0 -.3235029E-09
  2021.0 -.3302549E-09
  2022.0 -.3267445E-09
  2023.0 -.3130138E-09
  2024.0 -.2893371E-09
  2025.0 -.2562183E-09
  2026.0 -.2143797E-09
  2027.0 -.1647518E-09
  2028.0 -.1084533E-09
  2029.0 -.4677307E-10
  2030.0 0.1885595E-10
  2031.0 0.8688428E-10
  2032.0 0.1556755E-09
  2033.0 0.2235379E-09
  2034.0 0.2887588E-09
  2035.0 0.3496368E-09
  2036.0 0.4045187E-09
  2037.0 0.4518305E-09
  2038.0 0.4901122E-09
  2039.0 0.5180470E-09
  2040.0 0.5344905E-09
  2041.0 0.5384944E-09
  2042.0 0.5293339E-09
  2043.0 0.5065179E-09
  2044.0 0.4698137E-09
  2045.0 0.4192458E-09
  2046.0 0.3551100E-09
  2047.0 0.2779690E-09
  2048.0 0.1886490E-09
  2049.0 0.8823095E-10
  2050.0 -.2196376E-10
  2051.0 -.1403916E-09
  2052.0 -.2653099E-09
  2053.0 -.3948031E-09
  2054.0 -.5268112E-09
  2055.0 -.6591675E-09
  2056.0 -.7896250E-09
  2057.0 -.9159037E-09
  2058.0 -.1035720E-08
  2059.0 -.1146833E-08
  2060.0 -.1247077E-08
  2061.0 -.1334404E-08
  2062.0 -.1406918E-08
  2063.0 -.1462913E-08
  2064.0 -.1500899E-08
  2065.0 -.1519633E-08
  2066.0 -.1518152E-08
  2067.0 -.1495785E-08
  2068.0 -.1452167E-08
  2069.0 -.1387266E-08
  2070.0 -.1301376E-08
  2071.0 -.1195122E-08
  2072.0 -.1069455E-08
  2073.0 -.9256517E-09
  2074.0 -.7652882E-09
  2075.0 -.5902266E-09
  2076.0 -.4025912E-09
  2077.0 -.2047399E-09
  2078.0 0.7713401E-12
  2079.0 0.2112199E-09
  2080.0 0.4237605E-09
  2081.0 0.6354631E-09
  2082.0 0.8433597E-09
  2083.0 0.1044484E-08
  2084.0 0.1235928E-08
  2085.0 0.1414868E-08
  2086.0 0.1578622E-08
  2087.0 0.1724696E-08
  2088.0 0.1850808E-08
  2089.0 0.1954946E-08
  2090.0 0.2035383E-08
  2091.0 0.2090703E-08
  2092.0 0.2119864E-08
  2093.0 0.2122166E-08
  2094.0 0.2097294E-08
  2095.0 0.2045333E-08
  2096.0 0.1966757E-08
  2097.0 0.1862418E-08
  2098.0 0.1733567E-08
  2099.0 0.1581809E-08
  2100.0 0.1409098E-08
  2101.0 0.1217706E-08
  2102.0 0.1010195E-08
  2103.0 0.7893756E-09
  2104.0 0.5582765E-09
  2105.0 0.3200918E-09
  2106.0 0.7813963E-10
  2107.0 -.1641900E-09
  2108.0 -.4034820E-09
  2109.0 -.6363492E-09
  2110.0 -.8594842E-09
  2111.0 -.1069706E-08
  2112.0 -.1264013E-08
  2113.0 -.1439622E-08
  2114.0 -.1594025E-08
  2115.0 -.1725010E-08
  2116.0 -.1830709E-08
  2117.0 -.1909625E-08
  2118.0 -.1960655E-08
  2119.0 -.1983111E-08
  2120.0 -.1976715E-08
  2121.0 -.1941634E-08
  2122.0 -.1878458E-08
  2123.0 -.1788194E-08
  2124.0 -.1672254E-08
  2125.0 -.1532440E-08
  2126.0 -.1370903E-08
  2127.0 -.1190128E-08
  2128.0 -.9928729E-09
  2129.0 -.7821518E-09
  2130.0 -.5611683E-09
  2131.0 -.3332735E-09
  2132.0 -.1019137E-09
  2133.0 0.1294257E-09
  2134.0 0.3572733E-09
  2135.0 0.5782271E-09
  2136.0 0.7890087E-09
  2137.0 0.9865109E-09
  2138.0 0.1167855E-08
  2139.0 0.1330428E-08
  2140.0 0.1471922E-08
  2141.0 0.1590383E-08
  2142.0 0.1684222E-08
  2143.0 0.1752257E-08
  2144.0 0.1793719E-08
  2145.0 0.1808264E-08
  2146.0 0.1795981E-08
  2147.0 0.1757381E-08
  2148.0 0.1693392E-08
  2149.0 0.1605341E-08
  2150.0 0.1494923E-08
  2151.0 0.1364172E-08
  2152.0 0.1215440E-08
  2153.0 0.1051324E-08
  2154.0 0.8746512E-09
  2155.0 0.6884138E-09
  2156.0 0.4957200E-09
  2157.0 0.2997388E-09
  2158.0 0.1036484E-09
  2159.0 -.8941888E-10
  2160.0 -.2764316E-09
  2161.0 -.4545080E-09
  2162.0 -.6209654E-09
  2163.0 -.7733634E-09
  2164.0 -.9095432E-09
  2165.0 -.1027662E-08
  2166.0 -.1126223E-08
  2167.0 -.1204091E-08
  2168.0 -.1260513E-08
  2169.0 -.1295125E-08
  2170.0 -.1307953E-08
  2171.0 -.1299394E-08
  2172.0 -.1270222E-08
  2173.0 -.1221555E-08
  2174.0 -.1154829E-08
  2175.0 -.1071766E-08
  2176.0 -.9743351E-09
  2177.0 -.8647182E-09
  2178.0 -.7452518E-09
  2179.0 -.6183855E-09
  2180.0 -.4866345E-09
  2181.0 -.3525205E-09
  2182.0 -.2185318E-09
  2183.0 -.8706657E-10
  2184.0 0.3961015E-10
  2185.0 0.1594090E-09
  2186.0 0.2704568E-09
  2187.0 0.3711281E-09
  2188.0 0.4600770E-09
  2189.0 0.5362543E-09
  2190.0 0.5989269E-09
  2191.0 0.6476837E-09
  2192.0 0.6824393E-09
  2193.0 0.7034228E-09
  2194.0 0.7111705E-09
  2195.0 0.7065056E-09
  2196.0 0.6905060E-09
  2197.0 0.6644814E-09
  2198.0 0.6299297E-09
  2199.0 0.5885040E-09
  2200.0 0.5419574E-09
  2201.0 0.4921069E-09
  2202.0 0.4407840E-09
  2203.0 0.3897790E-09
  2204.0 0.3408085E-09
  2205.0 0.2954560E-09
  2206.0 0.2551393E-09
  2207.0 0.2210716E-09
  2208.0 0.1942274E-09
  2209.0 0.1753147E-09
  2210.0 0.1647579E-09
  2211.0 0.1626818E-09
  2212.0 0.1689054E-09
  2213.0 0.1829463E-09
  2214.0 0.2040275E-09
  2215.0 0.2310953E-09
  2216.0 0.2628439E-09
  2217.0 0.2977466E-09
  2218.0 0.3340932E-09
  2219.0 0.3700338E-09
  2220.0 0.4036255E-09
  2221.0 0.4328850E-09
  2222.0 0.4558408E-09
  2223.0 0.4705895E-09
  2224.0 0.4753511E-09
  2225.0 0.4685228E-09
  2226.0 0.4487277E-09
  2227.0 0.4148664E-09
  2228.0 0.3661543E-09
  2229.0 0.3021619E-09
  2230.0 0.2228413E-09
  2231.0 0.1285466E-09
  2232.0 0.2004675E-10
  2233.0 -.1014709E-09
  2234.0 -.2344130E-09
  2235.0 -.3767899E-09
  2236.0 -.5262509E-09
  2237.0 -.6801132E-09
  2238.0 -.8354121E-09
  2239.0 -.9889574E-09
  2240.0 -.1137383E-08
  2241.0 -.1277230E-08
  2242.0 -.1405014E-08
  2243.0 -.1517291E-08
  2244.0 -.1610752E-08
  2245.0 -.1682290E-08
  2246.0 -.1729088E-08
  2247.0 -.1748677E-08
  2248.0 -.1739024E-08
  2249.0 -.1698587E-08
  2250.0 -.1626366E-08
  2251.0 -.1521961E-08
  2252.0 -.1385594E-08
  2253.0 -.1218143E-08
  2254.0 -.1021148E-08
  2255.0 -.7968107E-09
  2256.0 -.5479755E-09
  2257.0 -.2781002E-09
  2258.0 0.8785025E-11
  2259.0 0.3081387E-09
  2260.0 0.6149777E-09
  2261.0 0.9239564E-09
  2262.0 0.1229463E-08
  2263.0 0.1525713E-08
  2264.0 0.1806868E-08
  2265.0 0.2067134E-08
  2266.0 0.2300895E-08
  2267.0 0.2502820E-08
  2268.0 0.2667966E-08
  2269.0 0.2791918E-08
  2270.0 0.2870870E-08
  2271.0 0.2901734E-08
  2272.0 0.2882214E-08
  2273.0 0.2810905E-08
  2274.0 0.2687304E-08
  2275.0 0.2511913E-08
  2276.0 0.2286206E-08
  2277.0 0.2012678E-08
  2278.0 0.1694811E-08
  2279.0 0.1337040E-08
  2280.0 0.9447092E-09
  2281.0 0.5239975E-09
  2282.0 0.8182652E-10
  2283.0 -.3742442E-09
  2284.0 -.8361440E-09
  2285.0 -.1295419E-08
  2286.0 -.1743394E-08
  2287.0 -.2171313E-08
  2288.0 -.2570516E-08
  2289.0 -.2932599E-08
  2290.0 -.3249582E-08
  2291.0 -.3514076E-08
  2292.0 -.3719433E-08
  2293.0 -.3859909E-08
  2294.0 -.3930785E-08
  2295.0 -.3928494E-08
  2296.0 -.3850734E-08
  2297.0 -.3696533E-08
  2298.0 -.3466331E-08
  2299.0 -.3161986E-08
  2300.0 -.2786826E-08
  2301.0 -.2345601E-08
  2302.0 -.1844446E-08
  2303.0 -.1290829E-08
  2304.0 -.6934389E-09
  2305.0 -.6206948E-10
  2306.0 0.5925196E-09
  2307.0 0.1258772E-08
  2308.0 0.1924518E-08
  2309.0 0.2577183E-08
  2310.0 0.3203973E-08
  2311.0 0.3792144E-08
  2312.0 0.4329189E-08
  2313.0 0.4803073E-08
  2314.0 0.5202507E-08
  2315.0 0.5517091E-08
  2316.0 0.5737600E-08
  2317.0 0.5856127E-08
  2318.0 0.5866292E-08
  2319.0 0.5763386E-08
  2320.0 0.5544498E-08
  2321.0 0.5208608E-08
  2322.0 0.4756711E-08
  2323.0 0.4191750E-08
  2324.0 0.3518754E-08
  2325.0 0.2744703E-08
  2326.0 0.1878520E-08
  2327.0 0.9309387E-09
  2328.0 -.8559381E-10
  2329.0 -.1157110E-08
  2330.0 -.2268298E-08
  2331.0 -.3402736E-08
  2332.0 -.4543106E-08
  2333.0 -.5671513E-08
  2334.0 -.6769700E-08
  2335.0 -.7819373E-08
  2336.0 -.8802481E-08
  2337.0 -.9701554E-08
  2338.0 -.1049995E-07
  2339.0 -.1118214E-07
  2340.0 -.1173403E-07
  2341.0 -.1214319E-07
  2342.0 -.1239902E-07
  2343.0 -.1249308E-07
  2344.0 -.1241917E-07
  2345.0 -.1217348E-07
  2346.0 -.1175475E-07
  2347.0 -.1116425E-07
  2348.0 -.1040590E-07
  2349.0 -.9486121E-08
  2350.0 -.8413949E-08
  2351.0 -.7200768E-08
  2352.0 -.5860251E-08
  2353.0 -.4408196E-08
  2354.0 -.2862274E-08
  2355.0 -.1241789E-08
  2356.0 0.4325798E-09
  2357.0 0.2139084E-08
  2358.0 0.3855231E-08
  2359.0 0.5558108E-08
  2360.0 0.7224724E-08
  2361.0 0.8832368E-08
  2362.0 0.1035893E-07
  2363.0 0.1178324E-07
  2364.0 0.1308545E-07
  2365.0 0.1424722E-07
  2366.0 0.1525213E-07
  2367.0 0.1608584E-07
  2368.0 0.1673635E-07
  2369.0 0.1719421E-07
  2370.0 0.1745258E-07
  2371.0 0.1750752E-07
  2372.0 0.1735779E-07
  2373.0 0.1700511E-07
  2374.0 0.1645403E-07
  2375.0 0.1571178E-07
  2376.0 0.1478843E-07
  2377.0 0.1369643E-07
  2378.0 0.1245053E-07
  2379.0 0.1106770E-07
  2380.0 0.9566613E-08
  2381.0 0.7967629E-08
  2382.0 0.6292278E-08
  2383.0 0.4563020E-08
  2384.0 0.2802931E-08
  2385.0 0.1035307E-08
  2386.0 -.7166362E-09
  2387.0 -.2430141E-08
  2388.0 -.4083223E-08
  2389.0 -.5654990E-08
  2390.0 -.7125947E-08
  2391.0 -.8478258E-08
  2392.0 -.9696000E-08
  2393.0 -.1076537E-07
  2394.0 -.1167492E-07
  2395.0 -.1241554E-07
  2396.0 -.1298079E-07
  2397.0 -.1336676E-07
  2398.0 -.1357218E-07
  2399.0 -.1359843E-07
