     0.0 0.0000000E+00
     1.0 -.4334778E-17
     2.0 0.1439332E-15
     3.0 0.9189996E-15
     4.0 0.3098863E-14
     5.0 0.7748688E-14
     6.0 0.1618731E-13
     7.0 0.2994094E-13
     8.0 0.5068858E-13
     9.0 0.8019993E-13
    10.0 0.1202670E-12
    11.0 0.1726317E-12
    12.0 0.2389122E-12
    13.0 0.3205298E-12
    14.0 0.4186387E-12
    15.0 0.5340603E-12
    16.0 0.6672247E-12
    17.0 0.8181205E-12
    18.0 0.9862533E-12
    19.0 0.1170615E-11
    20.0 0.1369667E-11
    21.0 0.1581327E-11
    22.0 0.1802977E-11
    23.0 0.2031474E-11
    24.0 0.2263177E-11
    25.0 0.2493980E-11
    26.0 0.2719353E-11
    27.0 0.2934394E-11
    28.0 0.3133887E-11
    29.0 0.3312364E-11
    30.0 0.3464173E-11
    31.0 0.3583551E-11
    32.0 0.3664696E-11
    33.0 0.3701851E-11
    34.0 0.3689383E-11
    35.0 0.3621861E-11
    36.0 0.3494149E-11
    37.0 0.3301481E-11
    38.0 0.3039559E-11
    39.0 0.2704628E-11
    40.0 0.2293569E-11
    41.0 0.1803977E-11
    42.0 0.1234241E-11
    43.0 0.5836246E-12
    44.0 -.1476754E-12
    45.0 -.9584665E-12
    46.0 -.1846514E-11
    47.0 -.2808514E-11
    48.0 -.3840078E-11
    49.0 -.4935745E-11
    50.0 -.6089007E-11
    51.0 -.7292376E-11
    52.0 -.8537462E-11
    53.0 -.9815098E-11
    54.0 -.1111547E-10
    55.0 -.1242834E-10
    56.0 -.1374316E-10
    57.0 -.1504943E-10
    58.0 -.1633682E-10
    59.0 -.1759554E-10
    60.0 -.1881660E-10
    61.0 -.1999208E-10
    62.0 -.2111538E-10
    63.0 -.2218156E-10
    64.0 -.2318756E-10
    65.0 -.2413239E-10
    66.0 -.2501730E-10
    67.0 -.2584596E-10
    68.0 -.2662437E-10
    69.0 -.2736101E-10
    70.0 -.2806665E-10
    71.0 -.2875415E-10
    72.0 -.2943834E-10
    73.0 -.3013553E-10
    74.0 -.3086318E-10
    75.0 -.3163947E-10
    76.0 -.3248263E-10
    77.0 -.3341049E-10
    78.0 -.3443977E-10
    79.0 -.3558543E-10
    80.0 -.3686021E-10
    81.0 -.3827369E-10
    82.0 -.3983210E-10
    83.0 -.4153757E-10
    84.0 -.4338787E-10
    85.0 -.4537598E-10
    86.0 -.4749001E-10
    87.0 -.4971319E-10
    88.0 -.5202384E-10
    89.0 -.5439589E-10
    90.0 -.5679906E-10
    91.0 -.5919963E-10
    92.0 -.6156110E-10
    93.0 -.6384512E-10
    94.0 -.6601240E-10
    95.0 -.6802393E-10
    96.0 -.6984190E-10
    97.0 -.7143113E-10
    98.0 -.7276015E-10
    99.0 -.7380228E-10
   100.0 -.7453656E-10
   101.0 -.7494903E-10
   102.0 -.7503343E-10
   103.0 -.7479240E-10
   104.0 -.7423794E-10
   105.0 -.7339147E-10
   106.0 -.7228355E-10
   107.0 -.7095364E-10
   108.0 -.6944940E-10
   109.0 -.6782561E-10
   110.0 -.6614255E-10
   111.0 -.6446511E-10
   112.0 -.6286045E-10
   113.0 -.6139620E-10
   114.0 -.6013866E-10
   115.0 -.5915046E-10
   116.0 -.5848855E-10
   117.0 -.5820226E-10
   118.0 -.5833116E-10
   119.0 -.5890395E-10
   120.0 -.5993627E-10
   121.0 -.6143044E-10
   122.0 -.6337426E-10
   123.0 -.6574081E-10
   124.0 -.6848890E-10
   125.0 -.7156324E-10
   126.0 -.7489585E-10
   127.0 -.7840734E-10
   128.0 -.8200919E-10
   129.0 -.8560559E-10
   130.0 -.8909646E-10
   131.0 -.9237992E-10
   132.0 -.9535562E-10
   133.0 -.9792772E-10
   134.0 -.1000079E-09
   135.0 -.1015185E-09
   136.0 -.1023951E-09
   137.0 -.1025888E-09
   138.0 -.1020689E-09
   139.0 -.1008235E-09
   140.0 -.9886147E-10
   141.0 -.9621194E-10
   142.0 -.9292481E-10
   143.0 -.8906943E-10
   144.0 -.8473303E-10
   145.0 -.8001885E-10
   146.0 -.7504289E-10
   147.0 -.6993088E-10
   148.0 -.6481451E-10
   149.0 -.5982721E-10
   150.0 -.5509981E-10
   151.0 -.5075635E-10
   152.0 -.4690907E-10
   153.0 -.4365501E-10
   154.0 -.4107156E-10
   155.0 -.3921301E-10
   156.0 -.3810802E-10
   157.0 -.3775692E-10
   158.0 -.3813090E-10
   159.0 -.3917115E-10
   160.0 -.4078913E-10
   161.0 -.4286846E-10
   162.0 -.4526634E-10
   163.0 -.4781754E-10
   164.0 -.5033807E-10
   165.0 -.5262964E-10
   166.0 -.5448562E-10
   167.0 -.5569642E-10
   168.0 -.5605603E-10
   169.0 -.5536774E-10
   170.0 -.5345131E-10
   171.0 -.5014797E-10
   172.0 -.4532678E-10
   173.0 -.3888891E-10
   174.0 -.3077184E-10
   175.0 -.2095309E-10
   176.0 -.9450911E-11
   177.0 0.3673710E-11
   178.0 0.1831833E-10
   179.0 0.3434061E-10
   180.0 0.5156199E-10
   181.0 0.6977142E-10
   182.0 0.8873158E-10
   183.0 0.1081853E-09
   184.0 0.1278634E-09
   185.0 0.1474924E-09
   186.0 0.1668042E-09
   187.0 0.1855436E-09
   188.0 0.2034786E-09
   189.0 0.2204069E-09
   190.0 0.2361659E-09
   191.0 0.2506384E-09
   192.0 0.2637581E-09
   193.0 0.2755143E-09
   194.0 0.2859551E-09
   195.0 0.2951875E-09
   196.0 0.3033777E-09
   197.0 0.3107470E-09
   198.0 0.3175691E-09
   199.0 0.3241623E-09
   200.0 0.3308821E-09
   201.0 0.3381119E-09
   202.0 0.3462515E-09
   203.0 0.3557067E-09
   204.0 0.3668751E-09
   205.0 0.3801356E-09
   206.0 0.3958348E-09
   207.0 0.4142733E-09
   208.0 0.4356981E-09
   209.0 0.4602901E-09
   210.0 0.4881560E-09
   211.0 0.5193236E-09
   212.0 0.5537353E-09
   213.0 0.5912486E-09
   214.0 0.6316362E-09
   215.0 0.6745901E-09
   216.0 0.7197263E-09
   217.0 0.7665962E-09
   218.0 0.8146971E-09
   219.0 0.8634842E-09
   220.0 0.9123882E-09
   221.0 0.9608313E-09
   222.0 0.1008244E-08
   223.0 0.1054087E-08
   224.0 0.1097865E-08
   225.0 0.1139148E-08
   226.0 0.1177586E-08
   227.0 0.1212924E-08
   228.0 0.1245013E-08
   229.0 0.1273827E-08
   230.0 0.1299458E-08
   231.0 0.1322129E-08
   232.0 0.1342186E-08
   233.0 0.1360096E-08
   234.0 0.1376443E-08
   235.0 0.1391904E-08
   236.0 0.1407242E-08
   237.0 0.1423279E-08
   238.0 0.1440881E-08
   239.0 0.1460921E-08
   240.0 0.1484264E-08
   241.0 0.1511724E-08
   242.0 0.1544047E-08
   243.0 0.1581877E-08
   244.0 0.1625722E-08
   245.0 0.1675946E-08
   246.0 0.1732723E-08
   247.0 0.1796037E-08
   248.0 0.1865655E-08
   249.0 0.1941128E-08
   250.0 0.2021777E-08
   251.0 0.2106696E-08
   252.0 0.2194767E-08
   253.0 0.2284668E-08
   254.0 0.2374888E-08
   255.0 0.2463765E-08
   256.0 0.2549502E-08
   257.0 0.2630219E-08
   258.0 0.2703976E-08
   259.0 0.2768825E-08
   260.0 0.2822851E-08
   261.0 0.2864219E-08
   262.0 0.2891216E-08
   263.0 0.2902300E-08
   264.0 0.2896135E-08
   265.0 0.2871630E-08
   266.0 0.2827974E-08
   267.0 0.2764660E-08
   268.0 0.2681505E-08
   269.0 0.2578665E-08
   270.0 0.2456633E-08
   271.0 0.2316242E-08
   272.0 0.2158651E-08
   273.0 0.1985323E-08
   274.0 0.1797996E-08
   275.0 0.1598648E-08
   276.0 0.1389455E-08
   277.0 0.1172744E-08
   278.0 0.9509352E-09
   279.0 0.7264923E-09
   280.0 0.5018581E-09
   281.0 0.2794013E-09
   282.0 0.6135852E-10
   283.0 -.1502248E-09
   284.0 -.3535345E-09
   285.0 -.5470427E-09
   286.0 -.7295375E-09
   287.0 -.9001565E-09
   288.0 -.1058404E-08
   289.0 -.1204160E-08
   290.0 -.1337687E-08
   291.0 -.1459608E-08
   292.0 -.1570897E-08
   293.0 -.1672837E-08
   294.0 -.1766990E-08
   295.0 -.1855137E-08
   296.0 -.1939233E-08
   297.0 -.2021332E-08
   298.0 -.2103537E-08
   299.0 -.2187913E-08
   300.0 -.2276431E-08
   301.0 -.2370897E-08
   302.0 -.2472887E-08
   303.0 -.2583684E-08
   304.0 -.2704231E-08
   305.0 -.2835086E-08
   306.0 -.2976395E-08
   307.0 -.3127852E-08
   308.0 -.3288712E-08
   309.0 -.3457787E-08
   310.0 -.3633452E-08
   311.0 -.3813690E-08
   312.0 -.3996124E-08
   313.0 -.4178077E-08
   314.0 -.4356636E-08
   315.0 -.4528735E-08
   316.0 -.4691207E-08
   317.0 -.4840909E-08
   318.0 -.4974772E-08
   319.0 -.5089938E-08
   320.0 -.5183794E-08
   321.0 -.5254098E-08
   322.0 -.5299042E-08
   323.0 -.5317303E-08
   324.0 -.5308132E-08
   325.0 -.5271362E-08
   326.0 -.5207448E-08
   327.0 -.5117504E-08
   328.0 -.5003245E-08
   329.0 -.4867032E-08
   330.0 -.4711744E-08
   331.0 -.4540816E-08
   332.0 -.4358101E-08
   333.0 -.4167814E-08
   334.0 -.3974417E-08
   335.0 -.3782514E-08
   336.0 -.3596761E-08
   337.0 -.3421694E-08
   338.0 -.3261654E-08
   339.0 -.3120642E-08
   340.0 -.3002224E-08
   341.0 -.2909381E-08
   342.0 -.2844485E-08
   343.0 -.2809143E-08
   344.0 -.2804189E-08
   345.0 -.2829608E-08
   346.0 -.2884521E-08
   347.0 -.2967188E-08
   348.0 -.3075019E-08
   349.0 -.3204620E-08
   350.0 -.3351876E-08
   351.0 -.3512013E-08
   352.0 -.3679718E-08
   353.0 -.3849258E-08
   354.0 -.4014645E-08
   355.0 -.4169733E-08
   356.0 -.4308447E-08
   357.0 -.4424878E-08
   358.0 -.4513493E-08
   359.0 -.4569277E-08
   360.0 -.4587877E-08
   361.0 -.4565759E-08
   362.0 -.4500295E-08
   363.0 -.4389911E-08
   364.0 -.4234125E-08
   365.0 -.4033592E-08
   366.0 -.3790180E-08
   367.0 -.3506906E-08
   368.0 -.3187940E-08
   369.0 -.2838506E-08
   370.0 -.2464819E-08
   371.0 -.2073925E-08
   372.0 -.1673586E-08
   373.0 -.1272085E-08
   374.0 -.8780642E-09
   375.0 -.5002794E-09
   376.0 -.1474329E-09
   377.0 0.1720871E-09
   378.0 0.4503860E-09
   379.0 0.6802953E-09
   380.0 0.8555837E-09
   381.0 0.9710964E-09
   382.0 0.1022961E-08
   383.0 0.1008687E-08
   384.0 0.9273013E-09
   385.0 0.7793932E-09
   386.0 0.5671519E-09
   387.0 0.2943678E-09
   388.0 -.3360795E-10
   389.0 -.4099465E-09
   390.0 -.8264840E-09
   391.0 -.1273840E-08
   392.0 -.1741633E-08
   393.0 -.2218677E-08
   394.0 -.2693246E-08
   395.0 -.3153321E-08
   396.0 -.3586860E-08
   397.0 -.3982072E-08
   398.0 -.4327740E-08
   399.0 -.4613435E-08
   400.0 -.4829797E-08
   401.0 -.4968810E-08
   402.0 -.5023976E-08
   403.0 -.4990508E-08
   404.0 -.4865463E-08
   405.0 -.4647895E-08
   406.0 -.4338852E-08
   407.0 -.3941419E-08
   408.0 -.3460719E-08
   409.0 -.2903753E-08
   410.0 -.2279350E-08
   411.0 -.1597932E-08
   412.0 -.8713509E-09
   413.0 -.1126058E-09
   414.0 0.6644340E-09
   415.0 0.1445319E-08
   416.0 0.2215366E-08
   417.0 0.2959966E-08
   418.0 0.3664956E-08
   419.0 0.4316911E-08
   420.0 0.4903492E-08
   421.0 0.5413732E-08
   422.0 0.5838285E-08
   423.0 0.6169693E-08
   424.0 0.6402554E-08
   425.0 0.6533663E-08
   426.0 0.6562095E-08
   427.0 0.6489256E-08
   428.0 0.6318878E-08
   429.0 0.6056906E-08
   430.0 0.5711390E-08
   431.0 0.5292303E-08
   432.0 0.4811321E-08
   433.0 0.4281516E-08
   434.0 0.3717089E-08
   435.0 0.3132987E-08
   436.0 0.2544574E-08
   437.0 0.1967248E-08
   438.0 0.1416049E-08
   439.0 0.9052999E-09
   440.0 0.4482487E-09
   441.0 0.5673084E-10
   442.0 -.2591225E-09
   443.0 -.4911565E-09
   444.0 -.6333836E-09
   445.0 -.6821516E-09
   446.0 -.6362392E-09
   447.0 -.4968841E-09
   448.0 -.2677561E-09
   449.0 0.4513467E-10
   450.0 0.4336014E-09
   451.0 0.8874844E-09
   452.0 0.1394944E-08
   453.0 0.1942756E-08
   454.0 0.2516675E-08
   455.0 0.3101858E-08
   456.0 0.3683234E-08
   457.0 0.4245944E-08
   458.0 0.4775812E-08
   459.0 0.5259683E-08
   460.0 0.5685879E-08
   461.0 0.6044530E-08
   462.0 0.6327885E-08
   463.0 0.6530602E-08
   464.0 0.6649947E-08
   465.0 0.6685902E-08
   466.0 0.6641235E-08
   467.0 0.6521487E-08
   468.0 0.6334914E-08
   469.0 0.6092219E-08
   470.0 0.5806433E-08
   471.0 0.5492454E-08
   472.0 0.5166783E-08
   473.0 0.4846995E-08
   474.0 0.4551323E-08
   475.0 0.4298075E-08
   476.0 0.4105130E-08
   477.0 0.3989366E-08
   478.0 0.3966145E-08
   479.0 0.4048749E-08
   480.0 0.4247916E-08
   481.0 0.4571419E-08
   482.0 0.5023668E-08
   483.0 0.5605430E-08
   484.0 0.6313592E-08
   485.0 0.7141092E-08
   486.0 0.8076873E-08
   487.0 0.9105991E-08
   488.0 0.1020982E-07
   489.0 0.1136633E-07
   490.0 0.1255058E-07
   491.0 0.1373511E-07
   492.0 0.1489069E-07
   493.0 0.1598682E-07
   494.0 0.1699263E-07
   495.0 0.1787756E-07
   496.0 0.1861217E-07
   497.0 0.1916911E-07
   498.0 0.1952366E-07
   499.0 0.1965474E-07
   500.0 0.1954551E-07
   501.0 0.1918418E-07
   502.0 0.1856423E-07
   503.0 0.1768525E-07
   504.0 0.1655298E-07
   505.0 0.1517970E-07
   506.0 0.1358398E-07
   507.0 0.1179089E-07
   508.0 0.9831481E-08
   509.0 0.7742382E-08
   510.0 0.5565255E-08
   511.0 0.3345992E-08
   512.0 0.1133810E-08
   513.0 -.1019710E-08
   514.0 -.3061775E-08
   515.0 -.4939588E-08
   516.0 -.6601564E-08
   517.0 -.7998641E-08
   518.0 -.9085557E-08
   519.0 -.9822068E-08
   520.0 -.1017421E-07
   521.0 -.1011531E-07
   522.0 -.9627043E-08
   523.0 -.8700179E-08
   524.0 -.7335275E-08
   525.0 -.5543168E-08
   526.0 -.3345128E-08
   527.0 -.7729249E-09
   528.0 0.2131405E-08
   529.0 0.5316101E-08
   530.0 0.8720309E-08
   531.0 0.1227511E-07
   532.0 0.1590472E-07
   533.0 0.1952784E-07
   534.0 0.2305925E-07
   535.0 0.2641167E-07
   536.0 0.2949740E-07
   537.0 0.3223041E-07
   538.0 0.3452850E-07
   539.0 0.3631497E-07
   540.0 0.3752093E-07
   541.0 0.3808691E-07
   542.0 0.3796483E-07
   543.0 0.3711938E-07
   544.0 0.3552953E-07
   545.0 0.3318970E-07
   546.0 0.3011037E-07
   547.0 0.2631865E-07
   548.0 0.2185858E-07
   549.0 0.1679066E-07
   550.0 0.1119152E-07
   551.0 0.5152787E-08
   552.0 -.1220127E-08
   553.0 -.7809790E-08
   554.0 -.1448864E-07
   555.0 -.2112142E-07
   556.0 -.2756767E-07
   557.0 -.3368444E-07
   558.0 -.3932945E-07
   559.0 -.4436385E-07
   560.0 -.4865567E-07
   561.0 -.5208268E-07
   562.0 -.5453527E-07
   563.0 -.5591960E-07
   564.0 -.5616011E-07
   565.0 -.5520188E-07
   566.0 -.5301236E-07
   567.0 -.4958363E-07
   568.0 -.4493285E-07
   569.0 -.3910337E-07
   570.0 -.3216484E-07
   571.0 -.2421264E-07
   572.0 -.1536706E-07
   573.0 -.5771899E-08
   574.0 0.4407682E-08
   575.0 0.1498776E-07
   576.0 0.2576850E-07
   577.0 0.3653778E-07
   578.0 0.4707512E-07
   579.0 0.5715561E-07
   580.0 0.6655449E-07
   581.0 0.7505174E-07
   582.0 0.8243678E-07
   583.0 0.8851246E-07
   584.0 0.9310090E-07
   585.0 0.9604608E-07
   586.0 0.9721941E-07
   587.0 0.9652203E-07
   588.0 0.9388854E-07
   589.0 0.8928952E-07
   590.0 0.8273296E-07
   591.0 0.7426576E-07
   592.0 0.6397421E-07
   593.0 0.5198325E-07
   594.0 0.3845584E-07
   595.0 0.2359049E-07
   596.0 0.7618784E-08
   597.0 -.9198151E-08
   598.0 -.2657384E-07
   599.0 -.4420138E-07
   600.0 -.6175868E-07
   601.0 -.7891479E-07
   602.0 -.9533550E-07
   603.0 -.1106904E-06
   604.0 -.1246595E-06
   605.0 -.1369396E-06
   606.0 -.1472512E-06
   607.0 -.1553443E-06
   608.0 -.1610049E-06
   609.0 -.1640597E-06
   610.0 -.1643817E-06
   611.0 -.1618930E-06
   612.0 -.1565689E-06
   613.0 -.1484391E-06
   614.0 -.1375903E-06
   615.0 -.1241644E-06
   616.0 -.1083586E-06
   617.0 -.9042306E-07
   618.0 -.7065731E-07
   619.0 -.4940617E-07
   620.0 -.2705425E-07
   621.0 -.4019600E-08
   622.0 0.1925342E-07
   623.0 0.4230205E-07
   624.0 0.6465358E-07
   625.0 0.8583442E-07
   626.0 0.1053791E-06
   627.0 0.1228399E-06
   628.0 0.1377954E-06
   629.0 0.1498608E-06
   630.0 0.1586951E-06
   631.0 0.1640095E-06
   632.0 0.1655755E-06
   633.0 0.1632289E-06
   634.0 0.1568776E-06
   635.0 0.1465032E-06
   636.0 0.1321644E-06
   637.0 0.1139991E-06
   638.0 0.9222202E-07
   639.0 0.6712425E-07
   640.0 0.3906959E-07
   641.0 0.8489137E-08
   642.0 -.2412444E-07
   643.0 -.5822512E-07
   644.0 -.9322206E-07
   645.0 -.1284901E-06
   646.0 -.1633802E-06
   647.0 -.1972319E-06
   648.0 -.2293851E-06
   649.0 -.2591927E-06
   650.0 -.2860340E-06
   651.0 -.3093267E-06
   652.0 -.3285375E-06
   653.0 -.3431981E-06
   654.0 -.3529116E-06
   655.0 -.3573631E-06
   656.0 -.3563295E-06
   657.0 -.3496858E-06
   658.0 -.3374070E-06
   659.0 -.3195773E-06
   660.0 -.2963864E-06
   661.0 -.2681303E-06
   662.0 -.2352113E-06
   663.0 -.1981287E-06
   664.0 -.1574759E-06
   665.0 -.1139295E-06
   666.0 -.6824128E-07
   667.0 -.2122306E-07
   668.0 0.2626438E-07
   669.0 0.7332761E-07
   670.0 0.1190555E-06
   671.0 0.1625362E-06
   672.0 0.2028745E-06
   673.0 0.2392089E-06
   674.0 0.2707282E-06
   675.0 0.2966883E-06
   676.0 0.3164303E-06
   677.0 0.3293896E-06
   678.0 0.3351168E-06
   679.0 0.3332826E-06
   680.0 0.3236913E-06
   681.0 0.3062884E-06
   682.0 0.2811636E-06
   683.0 0.2485548E-06
   684.0 0.2088508E-06
   685.0 0.1625833E-06
   686.0 0.1104267E-06
   687.0 0.5318775E-07
   688.0 -.8203952E-08
   689.0 -.7270928E-07
   690.0 -.1391945E-06
   691.0 -.2064480E-06
   692.0 -.2732008E-06
   693.0 -.3381447E-06
   694.0 -.3999565E-06
   695.0 -.4573185E-06
   696.0 -.5089428E-06
   697.0 -.5535941E-06
   698.0 -.5901096E-06
   699.0 -.6174267E-06
   700.0 -.6346015E-06
   701.0 -.6408229E-06
   702.0 -.6354365E-06
   703.0 -.6179601E-06
   704.0 -.5880908E-06
   705.0 -.5457192E-06
   706.0 -.4909366E-06
   707.0 -.4240363E-06
   708.0 -.3455164E-06
   709.0 -.2560754E-06
   710.0 -.1566070E-06
   711.0 -.4818910E-07
   712.0 0.6792596E-07
   713.0 0.1903314E-06
   714.0 0.3174808E-06
   715.0 0.4477118E-06
   716.0 0.5792674E-06
   717.0 0.7103257E-06
   718.0 0.8390200E-06
   719.0 0.9634736E-06
   720.0 0.1081821E-05
   721.0 0.1192250E-05
   722.0 0.1293007E-05
   723.0 0.1382456E-05
   724.0 0.1459076E-05
   725.0 0.1521505E-05
   726.0 0.1568552E-05
   727.0 0.1599221E-05
   728.0 0.1612738E-05
   729.0 0.1608544E-05
   730.0 0.1586329E-05
   731.0 0.1546028E-05
   732.0 0.1487816E-05
   733.0 0.1412129E-05
   734.0 0.1319647E-05
   735.0 0.1211288E-05
   736.0 0.1088192E-05
   737.0 0.9517170E-06
   738.0 0.8034133E-06
   739.0 0.6450015E-06
   740.0 0.4783518E-06
   741.0 0.3054557E-06
   742.0 0.1283989E-06
   743.0 -.5067022E-07
   744.0 -.2295696E-06
   745.0 -.4061160E-06
   746.0 -.5781577E-06
   747.0 -.7436020E-06
   748.0 -.9004483E-06
   749.0 -.1046817E-05
   750.0 -.1180971E-05
   751.0 -.1301349E-05
   752.0 -.1406582E-05
   753.0 -.1495510E-05
   754.0 -.1567199E-05
   755.0 -.1620959E-05
   756.0 -.1656344E-05
   757.0 -.1673163E-05
   758.0 -.1671473E-05
   759.0 -.1651586E-05
   760.0 -.1614054E-05
   761.0 -.1559659E-05
   762.0 -.1489409E-05
   763.0 -.1404503E-05
   764.0 -.1306328E-05
   765.0 -.1196427E-05
   766.0 -.1076477E-05
   767.0 -.9482621E-06
   768.0 -.8136475E-06
   769.0 -.6745466E-06
   770.0 -.5328961E-06
   771.0 -.3906252E-06
   772.0 -.2496286E-06
   773.0 -.1117378E-06
   774.0 0.2130519E-07
   775.0 0.1478711E-06
   776.0 0.2664659E-06
   777.0 0.3757491E-06
   778.0 0.4745518E-06
   779.0 0.5618917E-06
   780.0 0.6369809E-06
   781.0 0.6992337E-06
   782.0 0.7482723E-06
   783.0 0.7839263E-06
   784.0 0.8062306E-06
   785.0 0.8154178E-06
   786.0 0.8119127E-06
   787.0 0.7963157E-06
   788.0 0.7693931E-06
   789.0 0.7320585E-06
   790.0 0.6853533E-06
   791.0 0.6304272E-06
   792.0 0.5685183E-06
   793.0 0.5009279E-06
   794.0 0.4290011E-06
   795.0 0.3540989E-06
   796.0 0.2775814E-06
   797.0 0.2007811E-06
   798.0 0.1249844E-06
   799.0 0.5141129E-07
   800.0 -.1880233E-07
   801.0 -.8462115E-07
   802.0 -.1451239E-06
   803.0 -.1995152E-06
   804.0 -.2471344E-06
   805.0 -.2874635E-06
   806.0 -.3201275E-06
   807.0 -.3449010E-06
   808.0 -.3617022E-06
   809.0 -.3705923E-06
   810.0 -.3717682E-06
   811.0 -.3655552E-06
   812.0 -.3523951E-06
   813.0 -.3328357E-06
   814.0 -.3075189E-06
   815.0 -.2771625E-06
   816.0 -.2425473E-06
   817.0 -.2045007E-06
   818.0 -.1638800E-06
   819.0 -.1215559E-06
   820.0 -.7839595E-07
   821.0 -.3525023E-07
   822.0 0.7064397E-08
   823.0 0.4777781E-07
   824.0 0.8617874E-07
   825.0 0.1216260E-06
   826.0 0.1535575E-06
   827.0 0.1814981E-06
   828.0 0.2050648E-06
   829.0 0.2239717E-06
   830.0 0.2380303E-06
   831.0 0.2471510E-06
   832.0 0.2513411E-06
   833.0 0.2507006E-06
   834.0 0.2454181E-06
   835.0 0.2357628E-06
   836.0 0.2220788E-06
   837.0 0.2047739E-06
   838.0 0.1843114E-06
   839.0 0.1611981E-06
   840.0 0.1359745E-06
   841.0 0.1092026E-06
   842.0 0.8145457E-07
   843.0 0.5330166E-07
   844.0 0.2530372E-07
   845.0 -.2001858E-08
   846.0 -.2810887E-07
   847.0 -.5255151E-07
   848.0 -.7491163E-07
   849.0 -.9482529E-07
   850.0 -.1119878E-06
   851.0 -.1261579E-06
   852.0 -.1371598E-06
   853.0 -.1448853E-06
   854.0 -.1492924E-06
   855.0 -.1504046E-06
   856.0 -.1483089E-06
   857.0 -.1431507E-06
   858.0 -.1351305E-06
   859.0 -.1244965E-06
   860.0 -.1115401E-06
   861.0 -.9658752E-07
   862.0 -.7999320E-07
   863.0 -.6213097E-07
   864.0 -.4338763E-07
   865.0 -.2415351E-07
   866.0 -.4815898E-08
   867.0 0.1424901E-07
   868.0 0.3268263E-07
   869.0 0.5015073E-07
   870.0 0.6634881E-07
   871.0 0.8100719E-07
   872.0 0.9389511E-07
   873.0 0.1048238E-06
   874.0 0.1136486E-06
   875.0 0.1202711E-06
   876.0 0.1246379E-06
   877.0 0.1267427E-06
   878.0 0.1266211E-06
   879.0 0.1243523E-06
   880.0 0.1200538E-06
   881.0 0.1138786E-06
   882.0 0.1060097E-06
   883.0 0.9665808E-07
   884.0 0.8605491E-07
   885.0 0.7444785E-07
   886.0 0.6209498E-07
   887.0 0.4925975E-07
   888.0 0.3620530E-07
   889.0 0.2318959E-07
   890.0 0.1046023E-07
   891.0 -.1749847E-08
   892.0 -.1322659E-07
   893.0 -.2377819E-07
   894.0 -.3323816E-07
   895.0 -.4146775E-07
   896.0 -.4835761E-07
   897.0 -.5382867E-07
   898.0 -.5783321E-07
   899.0 -.6035383E-07
   900.0 -.6140314E-07
   901.0 -.6102244E-07
   902.0 -.5927938E-07
   903.0 -.5626617E-07
   904.0 -.5209637E-07
   905.0 -.4690192E-07
   906.0 -.4082990E-07
   907.0 -.3403877E-07
   908.0 -.2669499E-07
   909.0 -.1896937E-07
   910.0 -.1103321E-07
   911.0 -.3055073E-08
   912.0 0.4802567E-08
   913.0 0.1238640E-07
   914.0 0.1955498E-07
   915.0 0.2618100E-07
   916.0 0.3215335E-07
   917.0 0.3737893E-07
   918.0 0.4178343E-07
   919.0 0.4531210E-07
   920.0 0.4793035E-07
   921.0 0.4962333E-07
   922.0 0.5039539E-07
   923.0 0.5026932E-07
   924.0 0.4928500E-07
   925.0 0.4749793E-07
   926.0 0.4497699E-07
   927.0 0.4180320E-07
   928.0 0.3806686E-07
   929.0 0.3386548E-07
   930.0 0.2930149E-07
   931.0 0.2447985E-07
   932.0 0.1950579E-07
   933.0 0.1448253E-07
   934.0 0.9509303E-08
   935.0 0.4679388E-08
   936.0 0.7857376E-10
   937.0 -.4216423E-08
   938.0 -.8139050E-08
   939.0 -.1163388E-07
   940.0 -.1465720E-07
   941.0 -.1717740E-07
   942.0 -.1917494E-07
   943.0 -.2064226E-07
   944.0 -.2158333E-07
   945.0 -.2201285E-07
   946.0 -.2195558E-07
   947.0 -.2144502E-07
   948.0 -.2052247E-07
   949.0 -.1923557E-07
   950.0 -.1763679E-07
   951.0 -.1578235E-07
   952.0 -.1373042E-07
   953.0 -.1154001E-07
   954.0 -.9269227E-08
   955.0 -.6974497E-08
   956.0 -.4708963E-08
   957.0 -.2521675E-08
   958.0 -.4566823E-09
   959.0 0.1447733E-08
   960.0 0.3159567E-08
   961.0 0.4653488E-08
   962.0 0.5911049E-08
   963.0 0.6920641E-08
   964.0 0.7677394E-08
   965.0 0.8182917E-08
   966.0 0.8444751E-08
   967.0 0.8475956E-08
   968.0 0.8294258E-08
   969.0 0.7921454E-08
   970.0 0.7382559E-08
   971.0 0.6704920E-08
   972.0 0.5917402E-08
   973.0 0.5049535E-08
   974.0 0.4130595E-08
   975.0 0.3189023E-08
   976.0 0.2251455E-08
   977.0 0.1342338E-08
   978.0 0.4832580E-09
   979.0 -.3074961E-09
   980.0 -.1015192E-08
   981.0 -.1628900E-08
   982.0 -.2141595E-08
   983.0 -.2550097E-08
   984.0 -.2854999E-08
   985.0 -.3060397E-08
   986.0 -.3173571E-08
   987.0 -.3204626E-08
   988.0 -.3166024E-08
   989.0 -.3072030E-08
   990.0 -.2938235E-08
   991.0 -.2780926E-08
   992.0 -.2616598E-08
   993.0 -.2461350E-08
   994.0 -.2330359E-08
   995.0 -.2237450E-08
   996.0 -.2194599E-08
   997.0 -.2211620E-08
   998.0 -.2295885E-08
   999.0 -.2452082E-08
  1000.0 -.2682110E-08
  1001.0 -.2985011E-08
  1002.0 -.3357028E-08
  1003.0 -.3791760E-08
  1004.0 -.4280345E-08
  1005.0 -.4811665E-08
  1006.0 -.5372809E-08
  1007.0 -.5949345E-08
  1008.0 -.6525801E-08
  1009.0 -.7086101E-08
  1010.0 -.7614086E-08
  1011.0 -.8093892E-08
  1012.0 -.8510500E-08
  1013.0 -.8850140E-08
  1014.0 -.9100673E-08
  1015.0 -.9252042E-08
  1016.0 -.9296475E-08
  1017.0 -.9228796E-08
  1018.0 -.9046603E-08
  1019.0 -.8750332E-08
  1020.0 -.8343377E-08
  1021.0 -.7831940E-08
  1022.0 -.7224991E-08
  1023.0 -.6534068E-08
  1024.0 -.5772987E-08
  1025.0 -.4957574E-08
  1026.0 -.4105266E-08
  1027.0 -.3234720E-08
  1028.0 -.2365395E-08
  1029.0 -.1517048E-08
  1030.0 -.7092671E-09
  1031.0 0.3894909E-10
  1032.0 0.7097068E-09
  1033.0 0.1286605E-08
  1034.0 0.1755170E-08
  1035.0 0.2103196E-08
  1036.0 0.2321022E-08
  1037.0 0.2401826E-08
  1038.0 0.2341763E-08
  1039.0 0.2140081E-08
  1040.0 0.1799182E-08
  1041.0 0.1324554E-08
  1042.0 0.7246876E-09
  1043.0 0.1090421E-10
  1044.0 -.8029148E-09
  1045.0 -.1700561E-08
  1046.0 -.2663923E-08
  1047.0 -.3673327E-08
  1048.0 -.4707970E-08
  1049.0 -.5746395E-08
  1050.0 -.6766926E-08
  1051.0 -.7748159E-08
  1052.0 -.8669386E-08
  1053.0 -.9511104E-08
  1054.0 -.1025540E-07
  1055.0 -.1088626E-07
  1056.0 -.1139002E-07
  1057.0 -.1175560E-07
  1058.0 -.1197474E-07
  1059.0 -.1204209E-07
  1060.0 -.1195549E-07
  1061.0 -.1171574E-07
  1062.0 -.1132686E-07
  1063.0 -.1079576E-07
  1064.0 -.1013216E-07
  1065.0 -.9348418E-08
  1066.0 -.8459170E-08
  1067.0 -.7481045E-08
  1068.0 -.6432335E-08
  1069.0 -.5332553E-08
  1070.0 -.4202049E-08
  1071.0 -.3061590E-08
  1072.0 -.1931924E-08
  1073.0 -.8333411E-09
  1074.0 0.2147175E-09
  1075.0 0.1194022E-08
  1076.0 0.2087959E-08
  1077.0 0.2881794E-08
  1078.0 0.3562979E-08
  1079.0 0.4121357E-08
  1080.0 0.4549296E-08
  1081.0 0.4841874E-08
  1082.0 0.4996866E-08
  1083.0 0.5014752E-08
  1084.0 0.4898695E-08
  1085.0 0.4654353E-08
  1086.0 0.4289779E-08
  1087.0 0.3815202E-08
  1088.0 0.3242705E-08
  1089.0 0.2586048E-08
  1090.0 0.1860266E-08
  1091.0 0.1081375E-08
  1092.0 0.2660122E-09
  1093.0 -.5688908E-09
  1094.0 -.1406496E-08
  1095.0 -.2230347E-08
  1096.0 -.3024735E-08
  1097.0 -.3774951E-08
  1098.0 -.4467605E-08
  1099.0 -.5090815E-08
  1100.0 -.5634365E-08
  1101.0 -.6089988E-08
  1102.0 -.6451303E-08
  1103.0 -.6714035E-08
  1104.0 -.6875899E-08
  1105.0 -.6936681E-08
  1106.0 -.6898099E-08
  1107.0 -.6763722E-08
  1108.0 -.6538822E-08
  1109.0 -.6230235E-08
  1110.0 -.5846065E-08
  1111.0 -.5395579E-08
  1112.0 -.4888889E-08
  1113.0 -.4336746E-08
  1114.0 -.3750266E-08
  1115.0 -.3140671E-08
  1116.0 -.2519097E-08
  1117.0 -.1896307E-08
  1118.0 -.1282528E-08
  1119.0 -.6872261E-09
  1120.0 -.1189523E-09
  1121.0 0.4147835E-09
  1122.0 0.9076175E-09
  1123.0 0.1354433E-08
  1124.0 0.1751372E-08
  1125.0 0.2095870E-08
  1126.0 0.2386643E-08
  1127.0 0.2623598E-08
  1128.0 0.2807798E-08
  1129.0 0.2941352E-08
  1130.0 0.3027314E-08
  1131.0 0.3069515E-08
  1132.0 0.3072435E-08
  1133.0 0.3041051E-08
  1134.0 0.2980684E-08
  1135.0 0.2896803E-08
  1136.0 0.2794935E-08
  1137.0 0.2680441E-08
  1138.0 0.2558440E-08
  1139.0 0.2433673E-08
  1140.0 0.2310386E-08
  1141.0 0.2192243E-08
  1142.0 0.2082304E-08
  1143.0 0.1982926E-08
  1144.0 0.1895771E-08
  1145.0 0.1821810E-08
  1146.0 0.1761333E-08
  1147.0 0.1714003E-08
  1148.0 0.1678904E-08
  1149.0 0.1654610E-08
  1150.0 0.1639288E-08
  1151.0 0.1630778E-08
  1152.0 0.1626705E-08
  1153.0 0.1624573E-08
  1154.0 0.1621894E-08
  1155.0 0.1616260E-08
  1156.0 0.1605472E-08
  1157.0 0.1587599E-08
  1158.0 0.1561085E-08
  1159.0 0.1524789E-08
  1160.0 0.1478039E-08
  1161.0 0.1420700E-08
  1162.0 0.1353130E-08
  1163.0 0.1276224E-08
  1164.0 0.1191392E-08
  1165.0 0.1100512E-08
  1166.0 0.1005881E-08
  1167.0 0.9101778E-09
  1168.0 0.8163329E-09
  1169.0 0.7275171E-09
  1170.0 0.6469902E-09
  1171.0 0.5780200E-09
  1172.0 0.5238051E-09
  1173.0 0.4873499E-09
  1174.0 0.4713703E-09
  1175.0 0.4782321E-09
  1176.0 0.5098398E-09
  1177.0 0.5675870E-09
  1178.0 0.6522848E-09
  1179.0 0.7641294E-09
  1180.0 0.9026808E-09
  1181.0 0.1066828E-08
  1182.0 0.1254831E-08
  1183.0 0.1464306E-08
  1184.0 0.1692299E-08
  1185.0 0.1935320E-08
  1186.0 0.2189407E-08
  1187.0 0.2450241E-08
  1188.0 0.2713191E-08
  1189.0 0.2973465E-08
  1190.0 0.3226170E-08
  1191.0 0.3466447E-08
  1192.0 0.3689590E-08
  1193.0 0.3891133E-08
  1194.0 0.4066970E-08
  1195.0 0.4213455E-08
  1196.0 0.4327450E-08
  1197.0 0.4406483E-08
  1198.0 0.4448697E-08
  1199.0 0.4453030E-08
  1200.0 0.4419130E-08
  1201.0 0.4347455E-08
  1202.0 0.4239185E-08
  1203.0 0.4096285E-08
  1204.0 0.3921448E-08
  1205.0 0.3717967E-08
  1206.0 0.3489788E-08
  1207.0 0.3241323E-08
  1208.0 0.2977442E-08
  1209.0 0.2703288E-08
  1210.0 0.2424241E-08
  1211.0 0.2145749E-08
  1212.0 0.1873245E-08
  1213.0 0.1612019E-08
  1214.0 0.1367102E-08
  1215.0 0.1143166E-08
  1216.0 0.9444132E-09
  1217.0 0.7745042E-09
  1218.0 0.6364608E-09
  1219.0 0.5326167E-09
  1220.0 0.4645634E-09
  1221.0 0.4331139E-09
  1222.0 0.4382942E-09
  1223.0 0.4793408E-09
  1224.0 0.5547076E-09
  1225.0 0.6621262E-09
  1226.0 0.7986254E-09
  1227.0 0.9606149E-09
  1228.0 0.1143953E-08
  1229.0 0.1344038E-08
  1230.0 0.1555898E-08
  1231.0 0.1774315E-08
  1232.0 0.1993912E-08
  1233.0 0.2209256E-08
  1234.0 0.2415022E-08
  1235.0 0.2606035E-08
  1236.0 0.2777423E-08
  1237.0 0.2924677E-08
  1238.0 0.3043795E-08
  1239.0 0.3131314E-08
  1240.0 0.3184385E-08
  1241.0 0.3200844E-08
  1242.0 0.3179248E-08
  1243.0 0.3118897E-08
  1244.0 0.3019848E-08
  1245.0 0.2882909E-08
  1246.0 0.2709606E-08
  1247.0 0.2502203E-08
  1248.0 0.2263594E-08
  1249.0 0.1997273E-08
  1250.0 0.1707267E-08
  1251.0 0.1398066E-08
  1252.0 0.1074496E-08
  1253.0 0.7416920E-09
  1254.0 0.4049508E-09
  1255.0 0.6964315E-10
  1256.0 -.2588610E-09
  1257.0 -.5753196E-09
  1258.0 -.8746862E-09
  1259.0 -.1152213E-08
  1260.0 -.1403535E-08
  1261.0 -.1624731E-08
  1262.0 -.1812402E-08
  1263.0 -.1963710E-08
  1264.0 -.2076444E-08
  1265.0 -.2149025E-08
  1266.0 -.2180567E-08
  1267.0 -.2170844E-08
  1268.0 -.2120314E-08
  1269.0 -.2030112E-08
  1270.0 -.1902002E-08
  1271.0 -.1738358E-08
  1272.0 -.1542134E-08
  1273.0 -.1316786E-08
  1274.0 -.1066236E-08
  1275.0 -.7947961E-09
  1276.0 -.5071074E-09
  1277.0 -.2080594E-09
  1278.0 0.9728661E-10
  1279.0 0.4037649E-09
  1280.0 0.7061899E-09
  1281.0 0.9994425E-09
  1282.0 0.1278523E-08
  1283.0 0.1538644E-08
  1284.0 0.1775287E-08
  1285.0 0.1984271E-08
  1286.0 0.2161826E-08
  1287.0 0.2304614E-08
  1288.0 0.2409806E-08
  1289.0 0.2475113E-08
  1290.0 0.2498805E-08
  1291.0 0.2479766E-08
  1292.0 0.2417484E-08
  1293.0 0.2312078E-08
  1294.0 0.2164303E-08
  1295.0 0.1975517E-08
  1296.0 0.1747701E-08
  1297.0 0.1483429E-08
  1298.0 0.1185821E-08
  1299.0 0.8585288E-09
  1300.0 0.5056775E-09
  1301.0 0.1318327E-09
  1302.0 -.2580834E-09
  1303.0 -.6588209E-09
  1304.0 -.1064901E-08
  1305.0 -.1470660E-08
  1306.0 -.1870355E-08
  1307.0 -.2258216E-08
  1308.0 -.2628550E-08
  1309.0 -.2975807E-08
  1310.0 -.3294684E-08
  1311.0 -.3580179E-08
  1312.0 -.3827709E-08
  1313.0 -.4033156E-08
  1314.0 -.4192946E-08
  1315.0 -.4304172E-08
  1316.0 -.4364554E-08
  1317.0 -.4372579E-08
  1318.0 -.4327528E-08
  1319.0 -.4229484E-08
  1320.0 -.4079380E-08
  1321.0 -.3878997E-08
  1322.0 -.3630981E-08
  1323.0 -.3338788E-08
  1324.0 -.3006715E-08
  1325.0 -.2639801E-08
  1326.0 -.2243782E-08
  1327.0 -.1825043E-08
  1328.0 -.1390503E-08
  1329.0 -.9475294E-09
  1330.0 -.5038254E-09
  1331.0 -.6730264E-10
  1332.0 0.3540388E-09
  1333.0 0.7522518E-09
  1334.0 0.1119588E-08
  1335.0 0.1448627E-08
  1336.0 0.1732442E-08
  1337.0 0.1964711E-08
  1338.0 0.2139879E-08
  1339.0 0.2253278E-08
  1340.0 0.2301222E-08
  1341.0 0.2281140E-08
  1342.0 0.2191638E-08
  1343.0 0.2032580E-08
  1344.0 0.1805136E-08
  1345.0 0.1511787E-08
  1346.0 0.1156345E-08
  1347.0 0.7439276E-09
  1348.0 0.2808988E-09
  1349.0 -.2251966E-09
  1350.0 -.7657490E-09
  1351.0 -.1331188E-08
  1352.0 -.1911140E-08
  1353.0 -.2494606E-08
  1354.0 -.3070138E-08
  1355.0 -.3626035E-08
  1356.0 -.4150586E-08
  1357.0 -.4632259E-08
  1358.0 -.5059963E-08
  1359.0 -.5423262E-08
  1360.0 -.5712598E-08
  1361.0 -.5919512E-08
  1362.0 -.6036882E-08
  1363.0 -.6059043E-08
  1364.0 -.5982007E-08
  1365.0 -.5803592E-08
  1366.0 -.5523535E-08
  1367.0 -.5143544E-08
  1368.0 -.4667389E-08
  1369.0 -.4100872E-08
  1370.0 -.3451798E-08
  1371.0 -.2729915E-08
  1372.0 -.1946800E-08
  1373.0 -.1115696E-08
  1374.0 -.2513325E-09
  1375.0 0.6302985E-09
  1376.0 0.1512204E-08
  1377.0 0.2376665E-08
  1378.0 0.3205558E-08
  1379.0 0.3980680E-08
  1380.0 0.4684061E-08
  1381.0 0.5298377E-08
  1382.0 0.5807220E-08
  1383.0 0.6195495E-08
  1384.0 0.6449756E-08
  1385.0 0.6558466E-08
  1386.0 0.6512336E-08
  1387.0 0.6304564E-08
  1388.0 0.5931045E-08
  1389.0 0.5390558E-08
  1390.0 0.4684894E-08
  1391.0 0.3818930E-08
  1392.0 0.2800665E-08
  1393.0 0.1641170E-08
  1394.0 0.3545237E-09
  1395.0 -.1042353E-08
  1396.0 -.2529878E-08
  1397.0 -.4086084E-08
  1398.0 -.5686892E-08
  1399.0 -.7306495E-08
  1400.0 -.8917721E-08
  1401.0 -.1049249E-07
  1402.0 -.1200226E-07
  1403.0 -.1341845E-07
  1404.0 -.1471300E-07
  1405.0 -.1585888E-07
  1406.0 -.1683046E-07
  1407.0 -.1760414E-07
  1408.0 -.1815875E-07
  1409.0 -.1847584E-07
  1410.0 -.1854030E-07
  1411.0 -.1834052E-07
  1412.0 -.1786879E-07
  1413.0 -.1712141E-07
  1414.0 -.1609898E-07
  1415.0 -.1480644E-07
  1416.0 -.1325311E-07
  1417.0 -.1145254E-07
  1418.0 -.9422583E-08
  1419.0 -.7184988E-08
  1420.0 -.4765326E-08
  1421.0 -.2192546E-08
  1422.0 0.5014219E-09
  1423.0 0.3282068E-08
  1424.0 0.6112830E-08
  1425.0 0.8955624E-08
  1426.0 0.1177145E-07
  1427.0 0.1452094E-07
  1428.0 0.1716501E-07
  1429.0 0.1966549E-07
  1430.0 0.2198566E-07
  1431.0 0.2409096E-07
  1432.0 0.2594938E-07
  1433.0 0.2753222E-07
  1434.0 0.2881439E-07
  1435.0 0.2977484E-07
  1436.0 0.3039706E-07
  1437.0 0.3066931E-07
  1438.0 0.3058465E-07
  1439.0 0.3014143E-07
  1440.0 0.2934307E-07
  1441.0 0.2819826E-07
  1442.0 0.2672055E-07
  1443.0 0.2492846E-07
  1444.0 0.2284505E-07
  1445.0 0.2049769E-07
  1446.0 0.1791744E-07
  1447.0 0.1513894E-07
  1448.0 0.1219942E-07
  1449.0 0.9138565E-08
  1450.0 0.5997581E-08
  1451.0 0.2818795E-08
  1452.0 -.3551743E-09
  1453.0 -.3481953E-08
  1454.0 -.6520104E-08
  1455.0 -.9429749E-08
  1456.0 -.1217323E-07
  1457.0 -.1471552E-07
  1458.0 -.1702494E-07
  1459.0 -.1907343E-07
  1460.0 -.2083713E-07
  1461.0 -.2229660E-07
  1462.0 -.2343703E-07
  1463.0 -.2424861E-07
  1464.0 -.2472636E-07
  1465.0 -.2487048E-07
  1466.0 -.2468589E-07
  1467.0 -.2418243E-07
  1468.0 -.2337456E-07
  1469.0 -.2228085E-07
  1470.0 -.2092393E-07
  1471.0 -.1932982E-07
  1472.0 -.1752768E-07
  1473.0 -.1554920E-07
  1474.0 -.1342793E-07
  1475.0 -.1119896E-07
  1476.0 -.8898112E-08
  1477.0 -.6561511E-08
  1478.0 -.4224924E-08
  1479.0 -.1923211E-08
  1480.0 0.3102346E-09
  1481.0 0.2443945E-08
  1482.0 0.4448895E-08
  1483.0 0.6298894E-08
  1484.0 0.7970913E-08
  1485.0 0.9445506E-08
  1486.0 0.1070686E-07
  1487.0 0.1174311E-07
  1488.0 0.1254640E-07
  1489.0 0.1311284E-07
  1490.0 0.1344258E-07
  1491.0 0.1353962E-07
  1492.0 0.1341166E-07
  1493.0 0.1306986E-07
  1494.0 0.1252858E-07
  1495.0 0.1180502E-07
  1496.0 0.1091885E-07
  1497.0 0.9891843E-08
  1498.0 0.8747348E-08
  1499.0 0.7509940E-08
  1500.0 0.6204885E-08
  1501.0 0.4857750E-08
  1502.0 0.3493852E-08
  1503.0 0.2137924E-08
  1504.0 0.8136249E-09
  1505.0 -.4568137E-09
  1506.0 -.1652942E-08
  1507.0 -.2756400E-08
  1508.0 -.3751176E-08
  1509.0 -.4623836E-08
  1510.0 -.5363659E-08
  1511.0 -.5962755E-08
  1512.0 -.6416127E-08
  1513.0 -.6721651E-08
  1514.0 -.6880038E-08
  1515.0 -.6894697E-08
  1516.0 -.6771634E-08
  1517.0 -.6519213E-08
  1518.0 -.6147952E-08
  1519.0 -.5670222E-08
  1520.0 -.5099991E-08
  1521.0 -.4452491E-08
  1522.0 -.3743894E-08
  1523.0 -.2990958E-08
  1524.0 -.2210727E-08
  1525.0 -.1420143E-08
  1526.0 -.6357738E-09
  1527.0 0.1265279E-09
  1528.0 0.8518871E-09
  1529.0 0.1526682E-08
  1530.0 0.2138760E-08
  1531.0 0.2677624E-08
  1532.0 0.3134612E-08
  1533.0 0.3502992E-08
  1534.0 0.3778037E-08
  1535.0 0.3957069E-08
  1536.0 0.4039453E-08
  1537.0 0.4026563E-08
  1538.0 0.3921665E-08
  1539.0 0.3729847E-08
  1540.0 0.3457838E-08
  1541.0 0.3113845E-08
  1542.0 0.2707347E-08
  1543.0 0.2248889E-08
  1544.0 0.1749832E-08
  1545.0 0.1222113E-08
  1546.0 0.6779977E-09
  1547.0 0.1298310E-09
  1548.0 -.4102095E-09
  1549.0 -.9303551E-09
  1550.0 -.1419457E-08
  1551.0 -.1867211E-08
  1552.0 -.2264318E-08
  1553.0 -.2602667E-08
  1554.0 -.2875469E-08
  1555.0 -.3077346E-08
  1556.0 -.3204432E-08
  1557.0 -.3254403E-08
  1558.0 -.3226503E-08
  1559.0 -.3121532E-08
  1560.0 -.2941796E-08
  1561.0 -.2691058E-08
  1562.0 -.2374403E-08
  1563.0 -.1998169E-08
  1564.0 -.1569778E-08
  1565.0 -.1097579E-08
  1566.0 -.5907009E-09
  1567.0 -.5883782E-10
  1568.0 0.4879078E-09
  1569.0 0.1039236E-08
  1570.0 0.1584833E-08
  1571.0 0.2114560E-08
  1572.0 0.2618639E-08
  1573.0 0.3087816E-08
  1574.0 0.3513521E-08
  1575.0 0.3888021E-08
  1576.0 0.4204534E-08
  1577.0 0.4457327E-08
  1578.0 0.4641834E-08
  1579.0 0.4754674E-08
  1580.0 0.4793741E-08
  1581.0 0.4758165E-08
  1582.0 0.4648368E-08
  1583.0 0.4465989E-08
  1584.0 0.4213852E-08
  1585.0 0.3895955E-08
  1586.0 0.3517269E-08
  1587.0 0.3083758E-08
  1588.0 0.2602191E-08
  1589.0 0.2080057E-08
  1590.0 0.1525399E-08
  1591.0 0.9467018E-09
  1592.0 0.3527421E-09
  1593.0 -.2475721E-09
  1594.0 -.8453315E-09
  1595.0 -.1431770E-08
  1596.0 -.1998399E-08
  1597.0 -.2537144E-08
  1598.0 -.3040455E-08
  1599.0 -.3501401E-08
  1600.0 -.3913801E-08
  1601.0 -.4272281E-08
  1602.0 -.4572317E-08
  1603.0 -.4810347E-08
  1604.0 -.4983730E-08
  1605.0 -.5090862E-08
  1606.0 -.5131084E-08
  1607.0 -.5104718E-08
  1608.0 -.5013050E-08
  1609.0 -.4858276E-08
  1610.0 -.4643457E-08
  1611.0 -.4372439E-08
  1612.0 -.4049811E-08
  1613.0 -.3680796E-08
  1614.0 -.3271177E-08
  1615.0 -.2827207E-08
  1616.0 -.2355491E-08
  1617.0 -.1862906E-08
  1618.0 -.1356485E-08
  1619.0 -.8433253E-09
  1620.0 -.3304799E-09
  1621.0 0.1751332E-09
  1622.0 0.6668236E-09
  1623.0 0.1138215E-08
  1624.0 0.1583328E-08
  1625.0 0.1996652E-08
  1626.0 0.2373203E-08
  1627.0 0.2708590E-08
  1628.0 0.2999053E-08
  1629.0 0.3241499E-08
  1630.0 0.3433548E-08
  1631.0 0.3573516E-08
  1632.0 0.3660461E-08
  1633.0 0.3694160E-08
  1634.0 0.3675088E-08
  1635.0 0.3604435E-08
  1636.0 0.3484043E-08
  1637.0 0.3316391E-08
  1638.0 0.3104545E-08
  1639.0 0.2852103E-08
  1640.0 0.2563163E-08
  1641.0 0.2242240E-08
  1642.0 0.1894212E-08
  1643.0 0.1524257E-08
  1644.0 0.1137776E-08
  1645.0 0.7403269E-09
  1646.0 0.3375553E-09
  1647.0 -.6488390E-10
  1648.0 -.4613942E-09
  1649.0 -.8465085E-09
  1650.0 -.1214953E-08
  1651.0 -.1561716E-08
  1652.0 -.1882102E-08
  1653.0 -.2171803E-08
  1654.0 -.2426930E-08
  1655.0 -.2644069E-08
  1656.0 -.2820342E-08
  1657.0 -.2953396E-08
  1658.0 -.3041468E-08
  1659.0 -.3083392E-08
  1660.0 -.3078619E-08
  1661.0 -.3027214E-08
  1662.0 -.2929863E-08
  1663.0 -.2787855E-08
  1664.0 -.2603084E-08
  1665.0 -.2377999E-08
  1666.0 -.2115601E-08
  1667.0 -.1819391E-08
  1668.0 -.1493328E-08
  1669.0 -.1141779E-08
  1670.0 -.7694709E-09
  1671.0 -.3814263E-09
  1672.0 0.1709974E-10
  1673.0 0.4206844E-09
  1674.0 0.8238114E-09
  1675.0 0.1220934E-08
  1676.0 0.1606556E-08
  1677.0 0.1975297E-08
  1678.0 0.2321968E-08
  1679.0 0.2641645E-08
  1680.0 0.2929715E-08
  1681.0 0.3181967E-08
  1682.0 0.3394636E-08
  1683.0 0.3564453E-08
  1684.0 0.3688705E-08
  1685.0 0.3765259E-08
  1686.0 0.3792627E-08
  1687.0 0.3769927E-08
  1688.0 0.3696978E-08
  1689.0 0.3574248E-08
  1690.0 0.3402889E-08
  1691.0 0.3184711E-08
  1692.0 0.2922154E-08
  1693.0 0.2618285E-08
  1694.0 0.2276738E-08
  1695.0 0.1901679E-08
  1696.0 0.1497757E-08
  1697.0 0.1070035E-08
  1698.0 0.6239320E-09
  1699.0 0.1651445E-09
  1700.0 -.3004251E-09
  1701.0 -.7667478E-09
  1702.0 -.1227752E-08
  1703.0 -.1677406E-08
  1704.0 -.2109801E-08
  1705.0 -.2519231E-08
  1706.0 -.2900276E-08
  1707.0 -.3247873E-08
  1708.0 -.3557401E-08
  1709.0 -.3824729E-08
  1710.0 -.4046287E-08
  1711.0 -.4219106E-08
  1712.0 -.4340875E-08
  1713.0 -.4409987E-08
  1714.0 -.4425515E-08
  1715.0 -.4387280E-08
  1716.0 -.4295817E-08
  1717.0 -.4152393E-08
  1718.0 -.3958994E-08
  1719.0 -.3718266E-08
  1720.0 -.3433493E-08
  1721.0 -.3108581E-08
  1722.0 -.2747951E-08
  1723.0 -.2356517E-08
  1724.0 -.1939593E-08
  1725.0 -.1502835E-08
  1726.0 -.1052133E-08
  1727.0 -.5935571E-09
  1728.0 -.1332479E-09
  1729.0 0.3226636E-09
  1730.0 0.7681416E-09
  1731.0 0.1197340E-08
  1732.0 0.1604679E-08
  1733.0 0.1984931E-08
  1734.0 0.2333284E-08
  1735.0 0.2645431E-08
  1736.0 0.2917615E-08
  1737.0 0.3146667E-08
  1738.0 0.3330102E-08
  1739.0 0.3466072E-08
  1740.0 0.3553466E-08
  1741.0 0.3591883E-08
  1742.0 0.3581624E-08
  1743.0 0.3523719E-08
  1744.0 0.3419875E-08
  1745.0 0.3272453E-08
  1746.0 0.3084432E-08
  1747.0 0.2859366E-08
  1748.0 0.2601300E-08
  1749.0 0.2314732E-08
  1750.0 0.2004523E-08
  1751.0 0.1675825E-08
  1752.0 0.1334003E-08
  1753.0 0.9845379E-09
  1754.0 0.6329550E-09
  1755.0 0.2847257E-09
  1756.0 -.5480999E-10
  1757.0 -.3805297E-09
  1758.0 -.6876051E-09
  1759.0 -.9715798E-09
  1760.0 -.1228427E-08
  1761.0 -.1454620E-08
  1762.0 -.1647179E-08
  1763.0 -.1803707E-08
  1764.0 -.1922427E-08
  1765.0 -.2002216E-08
  1766.0 -.2042591E-08
  1767.0 -.2043742E-08
  1768.0 -.2006482E-08
  1769.0 -.1932268E-08
  1770.0 -.1823135E-08
  1771.0 -.1681688E-08
  1772.0 -.1511026E-08
  1773.0 -.1314707E-08
  1774.0 -.1096662E-08
  1775.0 -.8611433E-09
  1776.0 -.6126455E-09
  1777.0 -.3558200E-09
  1778.0 -.9540578E-10
  1779.0 0.1638621E-09
  1780.0 0.4173250E-09
  1781.0 0.6604822E-09
  1782.0 0.8890660E-09
  1783.0 0.1099115E-08
  1784.0 0.1287033E-08
  1785.0 0.1449656E-08
  1786.0 0.1584293E-08
  1787.0 0.1688774E-08
  1788.0 0.1761483E-08
  1789.0 0.1801381E-08
  1790.0 0.1808014E-08
  1791.0 0.1781525E-08
  1792.0 0.1722636E-08
  1793.0 0.1632640E-08
  1794.0 0.1513366E-08
  1795.0 0.1367148E-08
  1796.0 0.1196776E-08
  1797.0 0.1005447E-08
  1798.0 0.7967041E-09
  1799.0 0.5743693E-09
  1800.0 0.3424743E-09
  1801.0 0.1051933E-09
  1802.0 -.1332392E-09
  1803.0 -.3686005E-09
  1804.0 -.5967536E-09
  1805.0 -.8137214E-09
  1806.0 -.1015757E-08
  1807.0 -.1199407E-08
  1808.0 -.1361567E-08
  1809.0 -.1499546E-08
  1810.0 -.1611094E-08
  1811.0 -.1694458E-08
  1812.0 -.1748394E-08
  1813.0 -.1772195E-08
  1814.0 -.1765693E-08
  1815.0 -.1729267E-08
  1816.0 -.1663818E-08
  1817.0 -.1570769E-08
  1818.0 -.1452017E-08
  1819.0 -.1309903E-08
  1820.0 -.1147172E-08
  1821.0 -.9669107E-09
  1822.0 -.7724965E-09
  1823.0 -.5675339E-09
  1824.0 -.3557849E-09
  1825.0 -.1411034E-09
  1826.0 0.7263608E-10
  1827.0 0.2816085E-09
  1828.0 0.4821050E-09
  1829.0 0.6706019E-09
  1830.0 0.8438168E-09
  1831.0 0.9987721E-09
  1832.0 0.1132845E-08
  1833.0 0.1243803E-08
  1834.0 0.1329855E-08
  1835.0 0.1389667E-08
  1836.0 0.1422389E-08
  1837.0 0.1427667E-08
  1838.0 0.1405632E-08
  1839.0 0.1356912E-08
  1840.0 0.1282607E-08
  1841.0 0.1184252E-08
  1842.0 0.1063814E-08
  1843.0 0.9236173E-09
  1844.0 0.7663252E-09
  1845.0 0.5948720E-09
  1846.0 0.4124192E-09
  1847.0 0.2222825E-09
  1848.0 0.2787897E-10
  1849.0 -.1673390E-09
  1850.0 -.3599473E-09
  1851.0 -.5466116E-09
  1852.0 -.7241459E-09
  1853.0 -.8895696E-09
  1854.0 -.1040161E-08
  1855.0 -.1173499E-08
  1856.0 -.1287505E-08
  1857.0 -.1380483E-08
  1858.0 -.1451136E-08
  1859.0 -.1498579E-08
  1860.0 -.1522373E-08
  1861.0 -.1522498E-08
  1862.0 -.1499367E-08
  1863.0 -.1453801E-08
  1864.0 -.1387012E-08
  1865.0 -.1300573E-08
  1866.0 -.1196377E-08
  1867.0 -.1076618E-08
  1868.0 -.9437116E-09
  1869.0 -.8002752E-09
  1870.0 -.6490574E-09
  1871.0 -.4928964E-09
  1872.0 -.3346573E-09
  1873.0 -.1771788E-09
  1874.0 -.2322374E-10
  1875.0 0.1245764E-09
  1876.0 0.2637653E-09
  1877.0 0.3921073E-09
  1878.0 0.5076260E-09
  1879.0 0.6086341E-09
  1880.0 0.6937639E-09
  1881.0 0.7619858E-09
  1882.0 0.8126209E-09
  1883.0 0.8453470E-09
  1884.0 0.8601987E-09
  1885.0 0.8575597E-09
  1886.0 0.8381466E-09
  1887.0 0.8029877E-09
  1888.0 0.7534014E-09
  1889.0 0.6909567E-09
  1890.0 0.6174406E-09
  1891.0 0.5348207E-09
  1892.0 0.4451980E-09
  1893.0 0.3507625E-09
  1894.0 0.2537498E-09
  1895.0 0.1563908E-09
  1896.0 0.6087177E-10
  1897.0 -.3071447E-10
  1898.0 -.1164076E-09
  1899.0 -.1944162E-09
  1900.0 -.2631550E-09
  1901.0 -.3212719E-09
  1902.0 -.3676731E-09
  1903.0 -.4015414E-09
  1904.0 -.4223495E-09
  1905.0 -.4298645E-09
  1906.0 -.4241531E-09
  1907.0 -.4055719E-09
  1908.0 -.3747595E-09
  1909.0 -.3326176E-09
  1910.0 -.2802907E-09
  1911.0 -.2191397E-09
  1912.0 -.1507093E-09
  1913.0 -.7669813E-10
  1914.0 0.1081838E-11
  1915.0 0.8074121E-10
  1916.0 0.1603535E-09
  1917.0 0.2379950E-09
  1918.0 0.3117858E-09
  1919.0 0.3799246E-09
  1920.0 0.4407296E-09
  1921.0 0.4926687E-09
  1922.0 0.5343908E-09
  1923.0 0.5647552E-09
  1924.0 0.5828495E-09
  1925.0 0.5880120E-09
  1926.0 0.5798392E-09
  1927.0 0.5581998E-09
  1928.0 0.5232296E-09
  1929.0 0.4753352E-09
  1930.0 0.4151827E-09
  1931.0 0.3436857E-09
  1932.0 0.2619852E-09
  1933.0 0.1714329E-09
  1934.0 0.7356031E-10
  1935.0 -.2994616E-10
  1936.0 -.1372792E-09
  1937.0 -.2465419E-09
  1938.0 -.3557843E-09
  1939.0 -.4630398E-09
  1940.0 -.5663554E-09
  1941.0 -.6638357E-09
  1942.0 -.7536691E-09
  1943.0 -.8341619E-09
  1944.0 -.9037706E-09
  1945.0 -.9611216E-09
  1946.0 -.1005046E-08
  1947.0 -.1034587E-08
  1948.0 -.1049022E-08
  1949.0 -.1047873E-08
  1950.0 -.1030912E-08
  1951.0 -.9981670E-09
  1952.0 -.9499153E-09
  1953.0 -.8866812E-09
  1954.0 -.8092262E-09
  1955.0 -.7185287E-09
  1956.0 -.6157747E-09
  1957.0 -.5023315E-09
  1958.0 -.3797269E-09
  1959.0 -.2496212E-09
  1960.0 -.1137831E-09
  1961.0 0.2594241E-10
  1962.0 0.1676616E-09
  1963.0 0.3094617E-09
  1964.0 0.4494418E-09
  1965.0 0.5857380E-09
  1966.0 0.7165570E-09
  1967.0 0.8401947E-09
  1968.0 0.9550627E-09
  1969.0 0.1059715E-08
  1970.0 0.1152855E-08
  1971.0 0.1233362E-08
  1972.0 0.1300297E-08
  1973.0 0.1352918E-08
  1974.0 0.1390683E-08
  1975.0 0.1413248E-08
  1976.0 0.1420482E-08
  1977.0 0.1412442E-08
  1978.0 0.1389391E-08
  1979.0 0.1351773E-08
  1980.0 0.1300207E-08
  1981.0 0.1235473E-08
  1982.0 0.1158499E-08
  1983.0 0.1070347E-08
  1984.0 0.9721864E-09
  1985.0 0.8652871E-09
  1986.0 0.7509919E-09
  1987.0 0.6307000E-09
  1988.0 0.5058503E-09
  1989.0 0.3779003E-09
  1990.0 0.2483077E-09
  1991.0 0.1185147E-09
  1992.0 -.1006859E-10
  1993.0 -.1360790E-09
  1994.0 -.2582142E-09
  1995.0 -.3752438E-09
  1996.0 -.4860223E-09
  1997.0 -.5894938E-09
  1998.0 -.6847041E-09
  1999.0 -.7708038E-09
  2000.0 -.8470534E-09
  2001.0 -.9128282E-09
  2002.0 -.9676153E-09
  2003.0 -.1011019E-08
  2004.0 -.1042764E-08
  2005.0 -.1062680E-08
  2006.0 -.1070715E-08
  2007.0 -.1066925E-08
  2008.0 -.1051471E-08
  2009.0 -.1024617E-08
  2010.0 -.9867233E-09
  2011.0 -.9382439E-09
  2012.0 -.8797242E-09
  2013.0 -.8117913E-09
  2014.0 -.7351512E-09
  2015.0 -.6505846E-09
  2016.0 -.5589399E-09
  2017.0 -.4611287E-09
  2018.0 -.3581214E-09
  2019.0 -.2509388E-09
  2020.0 -.1406471E-09
  2021.0 -.2835147E-10
  2022.0 0.8481113E-10
  2023.0 0.1976791E-09
  2024.0 0.3090754E-09
  2025.0 0.4178133E-09
  2026.0 0.5227099E-09
  2027.0 0.6225921E-09
  2028.0 0.7163078E-09
  2029.0 0.8027382E-09
  2030.0 0.8808091E-09
  2031.0 0.9495006E-09
  2032.0 0.1007861E-08
  2033.0 0.1055021E-08
  2034.0 0.1090203E-08
  2035.0 0.1112734E-08
  2036.0 0.1122060E-08
  2037.0 0.1117755E-08
  2038.0 0.1099529E-08
  2039.0 0.1067255E-08
  2040.0 0.1020949E-08
  2041.0 0.9607976E-09
  2042.0 0.8871610E-09
  2043.0 0.8005699E-09
  2044.0 0.7017317E-09
  2045.0 0.5915304E-09
  2046.0 0.4710189E-09
  2047.0 0.3414166E-09
  2048.0 0.2041003E-09
  2049.0 0.6059124E-10
  2050.0 -.8745606E-10
  2051.0 -.2382728E-09
  2052.0 -.3899938E-09
  2053.0 -.5406782E-09
  2054.0 -.6883338E-09
  2055.0 -.8309439E-09
  2056.0 -.9664901E-09
  2057.0 -.1092984E-08
  2058.0 -.1208495E-08
  2059.0 -.1311180E-08
  2060.0 -.1399312E-08
  2061.0 -.1471308E-08
  2062.0 -.1525763E-08
  2063.0 -.1561463E-08
  2064.0 -.1577424E-08
  2065.0 -.1572907E-08
  2066.0 -.1547432E-08
  2067.0 -.1500805E-08
  2068.0 -.1433120E-08
  2069.0 -.1344771E-08
  2070.0 -.1236451E-08
  2071.0 -.1109164E-08
  2072.0 -.9641971E-09
  2073.0 -.8031360E-09
  2074.0 -.6278247E-09
  2075.0 -.4403631E-09
  2076.0 -.2430760E-09
  2077.0 -.3848319E-10
  2078.0 0.1707298E-09
  2079.0 0.3817496E-09
  2080.0 0.5916745E-09
  2081.0 0.7975549E-09
  2082.0 0.9964340E-09
  2083.0 0.1185400E-08
  2084.0 0.1361622E-08
  2085.0 0.1522404E-08
  2086.0 0.1665219E-08
  2087.0 0.1787757E-08
  2088.0 0.1887958E-08
  2089.0 0.1964074E-08
  2090.0 0.2014659E-08
  2091.0 0.2038625E-08
  2092.0 0.2035267E-08
  2093.0 0.2004269E-08
  2094.0 0.1945723E-08
  2095.0 0.1860127E-08
  2096.0 0.1748391E-08
  2097.0 0.1611837E-08
  2098.0 0.1452157E-08
  2099.0 0.1271430E-08
  2100.0 0.1072061E-08
  2101.0 0.8567719E-09
  2102.0 0.6285538E-09
  2103.0 0.3906210E-09
  2104.0 0.1463712E-09
  2105.0 -.1006708E-09
  2106.0 -.3469064E-09
  2107.0 -.5887159E-09
  2108.0 -.8225215E-09
  2109.0 -.1044837E-08
  2110.0 -.1252329E-08
  2111.0 -.1441868E-08
  2112.0 -.1610584E-08
  2113.0 -.1755907E-08
  2114.0 -.1875623E-08
  2115.0 -.1967901E-08
  2116.0 -.2031322E-08
  2117.0 -.2064925E-08
  2118.0 -.2068198E-08
  2119.0 -.2041114E-08
  2120.0 -.1984110E-08
  2121.0 -.1898107E-08
  2122.0 -.1784478E-08
  2123.0 -.1645041E-08
  2124.0 -.1482020E-08
  2125.0 -.1298018E-08
  2126.0 -.1095971E-08
  2127.0 -.8791059E-09
  2128.0 -.6508797E-09
  2129.0 -.4149338E-09
  2130.0 -.1750264E-09
  2131.0 0.6502772E-10
  2132.0 0.3014201E-09
  2133.0 0.5304082E-09
  2134.0 0.7483859E-09
  2135.0 0.9519360E-09
  2136.0 0.1137890E-08
  2137.0 0.1303381E-08
  2138.0 0.1445894E-08
  2139.0 0.1563299E-08
  2140.0 0.1653897E-08
  2141.0 0.1716440E-08
  2142.0 0.1750152E-08
  2143.0 0.1754743E-08
  2144.0 0.1730407E-08
  2145.0 0.1677825E-08
  2146.0 0.1598141E-08
  2147.0 0.1492945E-08
  2148.0 0.1364243E-08
  2149.0 0.1214423E-08
  2150.0 0.1046197E-08
  2151.0 0.8625762E-09
  2152.0 0.6667895E-09
  2153.0 0.4622442E-09
  2154.0 0.2524565E-09
  2155.0 0.4099554E-10
  2156.0 -.1685899E-09
  2157.0 -.3728252E-09
  2158.0 -.5683726E-09
  2159.0 -.7520938E-09
  2160.0 -.9210963E-09
  2161.0 -.1072784E-08
  2162.0 -.1204911E-08
  2163.0 -.1315595E-08
  2164.0 -.1403364E-08
  2165.0 -.1467182E-08
  2166.0 -.1506440E-08
  2167.0 -.1520978E-08
  2168.0 -.1511075E-08
  2169.0 -.1477439E-08
  2170.0 -.1421186E-08
  2171.0 -.1343809E-08
  2172.0 -.1247148E-08
  2173.0 -.1133347E-08
  2174.0 -.1004807E-08
  2175.0 -.8641385E-09
  2176.0 -.7141023E-09
  2177.0 -.5575613E-09
  2178.0 -.3974143E-09
  2179.0 -.2365443E-09
  2180.0 -.7776423E-10
  2181.0 0.7624391E-10
  2182.0 0.2229715E-09
  2183.0 0.3601310E-09
  2184.0 0.4856995E-09
  2185.0 0.5979501E-09
  2186.0 0.6954776E-09
  2187.0 0.7772246E-09
  2188.0 0.8424855E-09
  2189.0 0.8909178E-09
  2190.0 0.9225374E-09
  2191.0 0.9377037E-09
  2192.0 0.9371058E-09
  2193.0 0.9217358E-09
  2194.0 0.8928578E-09
  2195.0 0.8519675E-09
  2196.0 0.8007545E-09
  2197.0 0.7410546E-09
  2198.0 0.6748007E-09
  2199.0 0.6039754E-09
  2200.0 0.5305594E-09
  2201.0 0.4564846E-09
  2202.0 0.3835841E-09
  2203.0 0.3135487E-09
  2204.0 0.2478876E-09
  2205.0 0.1878935E-09
  2206.0 0.1346114E-09
  2207.0 0.8881883E-10
  2208.0 0.5100730E-10
  2209.0 0.2137646E-10
  2210.0 -.1681955E-12
  2211.0 -.1400684E-10
  2212.0 -.2079133E-10
  2213.0 -.2142291E-10
  2214.0 -.1702168E-10
  2215.0 -.8897189E-11
  2216.0 0.1498425E-11
  2217.0 0.1261098E-10
  2218.0 0.2283320E-10
  2219.0 0.3055128E-10
  2220.0 0.3420222E-10
  2221.0 0.3231687E-10
  2222.0 0.2357356E-10
  2223.0 0.6842370E-11
  2224.0 -.1877507E-10
  2225.0 -.5390561E-10
  2226.0 -.9887636E-10
  2227.0 -.1536909E-09
  2228.0 -.2180160E-09
  2229.0 -.2911702E-09
  2230.0 -.3721309E-09
  2231.0 -.4595422E-09
  2232.0 -.5517347E-09
  2233.0 -.6467543E-09
  2234.0 -.7424040E-09
  2235.0 -.8362814E-09
  2236.0 -.9258344E-09
  2237.0 -.1008415E-08
  2238.0 -.1081351E-08
  2239.0 -.1141999E-08
  2240.0 -.1187815E-08
  2241.0 -.1216430E-08
  2242.0 -.1225706E-08
  2243.0 -.1213810E-08
  2244.0 -.1179264E-08
  2245.0 -.1121003E-08
  2246.0 -.1038417E-08
  2247.0 -.9314028E-09
  2248.0 -.8003747E-09
  2249.0 -.6462913E-09
  2250.0 -.4706578E-09
  2251.0 -.2755260E-09
  2252.0 -.6347010E-10
  2253.0 0.1624415E-09
  2254.0 0.3986869E-09
  2255.0 0.6413496E-09
  2256.0 0.8861753E-09
  2257.0 0.1128656E-08
  2258.0 0.1364101E-08
  2259.0 0.1587742E-08
  2260.0 0.1794809E-08
  2261.0 0.1980649E-08
  2262.0 0.2140811E-08
  2263.0 0.2271161E-08
  2264.0 0.2367949E-08
  2265.0 0.2427943E-08
  2266.0 0.2448476E-08
  2267.0 0.2427554E-08
  2268.0 0.2363891E-08
  2269.0 0.2256992E-08
  2270.0 0.2107169E-08
  2271.0 0.1915580E-08
  2272.0 0.1684228E-08
  2273.0 0.1415963E-08
  2274.0 0.1114440E-08
  2275.0 0.7840970E-09
  2276.0 0.4300751E-09
  2277.0 0.5815830E-10
  2278.0 -.3253292E-09
  2279.0 -.7136205E-09
  2280.0 -.1099625E-08
  2281.0 -.1476055E-08
  2282.0 -.1835563E-08
  2283.0 -.2170881E-08
  2284.0 -.2474956E-08
  2285.0 -.2741110E-08
  2286.0 -.2963166E-08
  2287.0 -.3135596E-08
  2288.0 -.3253628E-08
  2289.0 -.3313391E-08
  2290.0 -.3311997E-08
  2291.0 -.3247628E-08
  2292.0 -.3119614E-08
  2293.0 -.2928484E-08
  2294.0 -.2675982E-08
  2295.0 -.2365085E-08
  2296.0 -.1999973E-08
  2297.0 -.1586007E-08
  2298.0 -.1129640E-08
  2299.0 -.6383457E-09
  2300.0 -.1205177E-09
  2301.0 0.4146781E-09
  2302.0 0.9574368E-09
  2303.0 0.1497480E-08
  2304.0 0.2024232E-08
  2305.0 0.2527010E-08
  2306.0 0.2995203E-08
  2307.0 0.3418489E-08
  2308.0 0.3787015E-08
  2309.0 0.4091610E-08
  2310.0 0.4323932E-08
  2311.0 0.4476708E-08
  2312.0 0.4543837E-08
  2313.0 0.4520539E-08
  2314.0 0.4403552E-08
  2315.0 0.4191133E-08
  2316.0 0.3883195E-08
  2317.0 0.3481343E-08
  2318.0 0.2988887E-08
  2319.0 0.2410845E-08
  2320.0 0.1753878E-08
  2321.0 0.1026257E-08
  2322.0 0.2377310E-09
  2323.0 -.6005819E-09
  2324.0 -.1476357E-08
  2325.0 -.2376245E-08
  2326.0 -.3286059E-08
  2327.0 -.4191007E-08
  2328.0 -.5075917E-08
  2329.0 -.5925488E-08
  2330.0 -.6724540E-08
  2331.0 -.7458278E-08
  2332.0 -.8112500E-08
  2333.0 -.8673966E-08
  2334.0 -.9130440E-08
  2335.0 -.9471142E-08
  2336.0 -.9686764E-08
  2337.0 -.9769753E-08
  2338.0 -.9714463E-08
  2339.0 -.9517207E-08
  2340.0 -.9176496E-08
  2341.0 -.8692944E-08
  2342.0 -.8069425E-08
  2343.0 -.7311042E-08
  2344.0 -.6424970E-08
  2345.0 -.5420541E-08
  2346.0 -.4309032E-08
  2347.0 -.3103571E-08
  2348.0 -.1818903E-08
  2349.0 -.4712338E-09
  2350.0 0.9220170E-09
  2351.0 0.2342476E-08
  2352.0 0.3771083E-08
  2353.0 0.5188356E-08
  2354.0 0.6574732E-08
  2355.0 0.7910832E-08
  2356.0 0.9177743E-08
  2357.0 0.1035732E-07
  2358.0 0.1143255E-07
  2359.0 0.1238767E-07
  2360.0 0.1320847E-07
  2361.0 0.1388264E-07
  2362.0 0.1439979E-07
  2363.0 0.1475171E-07
  2364.0 0.1493245E-07
  2365.0 0.1493851E-07
  2366.0 0.1476887E-07
  2367.0 0.1442486E-07
  2368.0 0.1391037E-07
  2369.0 0.1323170E-07
  2370.0 0.1239739E-07
  2371.0 0.1141827E-07
  2372.0 0.1030714E-07
  2373.0 0.9078640E-08
  2374.0 0.7749013E-08
  2375.0 0.6335943E-08
  2376.0 0.4858140E-08
  2377.0 0.3335199E-08
  2378.0 0.1787213E-08
  2379.0 0.2345360E-09
  2380.0 -.1302557E-08
  2381.0 -.2804148E-08
  2382.0 -.4250986E-08
  2383.0 -.5624747E-08
  2384.0 -.6908298E-08
  2385.0 -.8085960E-08
  2386.0 -.9143712E-08
  2387.0 -.1006937E-07
  2388.0 -.1085278E-07
  2389.0 -.1148590E-07
  2390.0 -.1196292E-07
  2391.0 -.1228036E-07
  2392.0 -.1243700E-07
  2393.0 -.1243395E-07
  2394.0 -.1227458E-07
  2395.0 -.1196438E-07
  2396.0 -.1151096E-07
  2397.0 -.1092376E-07
  2398.0 -.1021404E-07
  2399.0 -.9394529E-08
