     0.0 0.0000000E+00
     1.0 0.5913643E-19
     2.0 -.1029722E-17
     3.0 -.7036186E-17
     4.0 -.2427647E-16
     5.0 -.6159592E-16
     6.0 -.1301736E-15
     7.0 -.2431804E-15
     8.0 -.4153282E-15
     9.0 -.6623026E-15
    10.0 -.1000077E-14
    11.0 -.1444121E-14
    12.0 -.2008528E-14
    13.0 -.2705065E-14
    14.0 -.3542184E-14
    15.0 -.4524005E-14
    16.0 -.5649305E-14
    17.0 -.6910545E-14
    18.0 -.8292955E-14
    19.0 -.9773720E-14
    20.0 -.1132130E-13
    21.0 -.1289489E-13
    22.0 -.1444411E-13
    23.0 -.1590886E-13
    24.0 -.1721946E-13
    25.0 -.1829705E-13
    26.0 -.1905430E-13
    27.0 -.1939634E-13
    28.0 -.1922216E-13
    29.0 -.1842615E-13
    30.0 -.1690015E-13
    31.0 -.1453560E-13
    32.0 -.1122625E-13
    33.0 -.6870892E-14
    34.0 -.1376532E-14
    35.0 0.5338330E-14
    36.0 0.1334021E-13
    37.0 0.2267703E-13
    38.0 0.3337454E-13
    39.0 0.4543263E-13
    40.0 0.5882189E-13
    41.0 0.7348027E-13
    42.0 0.8931008E-13
    43.0 0.1061753E-12
    44.0 0.1238998E-12
    45.0 0.1422651E-12
    46.0 0.1610102E-12
    47.0 0.1798316E-12
    48.0 0.1983837E-12
    49.0 0.2162810E-12
    50.0 0.2331012E-12
    51.0 0.2483894E-12
    52.0 0.2616628E-12
    53.0 0.2724178E-12
    54.0 0.2801374E-12
    55.0 0.2843004E-12
    56.0 0.2843906E-12
    57.0 0.2799082E-12
    58.0 0.2703815E-12
    59.0 0.2553786E-12
    60.0 0.2345211E-12
    61.0 0.2074969E-12
    62.0 0.1740721E-12
    63.0 0.1341048E-12
    64.0 0.8755568E-13
    65.0 0.3449963E-13
    66.0 -.2486552E-13
    67.0 -.9021160E-13
    68.0 -.1610748E-12
    69.0 -.2368528E-12
    70.0 -.3168049E-12
    71.0 -.4000548E-12
    72.0 -.4855973E-12
    73.0 -.5723082E-12
    74.0 -.6589566E-12
    75.0 -.7442232E-12
    76.0 -.8267188E-12
    77.0 -.9050092E-12
    78.0 -.9776396E-12
    79.0 -.1043166E-11
    80.0 -.1100184E-11
    81.0 -.1147362E-11
    82.0 -.1183478E-11
    83.0 -.1207444E-11
    84.0 -.1218350E-11
    85.0 -.1215488E-11
    86.0 -.1198384E-11
    87.0 -.1166825E-11
    88.0 -.1120875E-11
    89.0 -.1060903E-11
    90.0 -.9875811E-12
    91.0 -.9019017E-12
    92.0 -.8051684E-12
    93.0 -.6989898E-12
    94.0 -.5852631E-12
    95.0 -.4661493E-12
    96.0 -.3440439E-12
    97.0 -.2215370E-12
    98.0 -.1013677E-12
    99.0 0.1362629E-13
   100.0 0.1205643E-12
   101.0 0.2165861E-12
   102.0 0.2989134E-12
   103.0 0.3649207E-12
   104.0 0.4121989E-12
   105.0 0.4386227E-12
   106.0 0.4424036E-12
   107.0 0.4221534E-12
   108.0 0.3769258E-12
   109.0 0.3062596E-12
   110.0 0.2102102E-12
   111.0 0.8936421E-13
   112.0 -.5514774E-13
   113.0 -.2216572E-12
   114.0 -.4079773E-12
   115.0 -.6114298E-12
   116.0 -.8288974E-12
   117.0 -.1056875E-11
   118.0 -.1291535E-11
   119.0 -.1528810E-11
   120.0 -.1764481E-11
   121.0 -.1994270E-11
   122.0 -.2213938E-11
   123.0 -.2419396E-11
   124.0 -.2606785E-11
   125.0 -.2772600E-11
   126.0 -.2913770E-11
   127.0 -.3027746E-11
   128.0 -.3112574E-11
   129.0 -.3166972E-11
   130.0 -.3190359E-11
   131.0 -.3182893E-11
   132.0 -.3145496E-11
   133.0 -.3079837E-11
   134.0 -.2988304E-11
   135.0 -.2873972E-11
   136.0 -.2740540E-11
   137.0 -.2592233E-11
   138.0 -.2433724E-11
   139.0 -.2270013E-11
   140.0 -.2106306E-11
   141.0 -.1947888E-11
   142.0 -.1799988E-11
   143.0 -.1667612E-11
   144.0 -.1555459E-11
   145.0 -.1467736E-11
   146.0 -.1408071E-11
   147.0 -.1379387E-11
   148.0 -.1383817E-11
   149.0 -.1422629E-11
   150.0 -.1496172E-11
   151.0 -.1603852E-11
   152.0 -.1744138E-11
   153.0 -.1914569E-11
   154.0 -.2111824E-11
   155.0 -.2331790E-11
   156.0 -.2569669E-11
   157.0 -.2820109E-11
   158.0 -.3077327E-11
   159.0 -.3335298E-11
   160.0 -.3587899E-11
   161.0 -.3829128E-11
   162.0 -.4053239E-11
   163.0 -.4254973E-11
   164.0 -.4429672E-11
   165.0 -.4573489E-11
   166.0 -.4683525E-11
   167.0 -.4757899E-11
   168.0 -.4795903E-11
   169.0 -.4798017E-11
   170.0 -.4765929E-11
   171.0 -.4702590E-11
   172.0 -.4612085E-11
   173.0 -.4499619E-11
   174.0 -.4371334E-11
   175.0 -.4234214E-11
   176.0 -.4095868E-11
   177.0 -.3964326E-11
   178.0 -.3847820E-11
   179.0 -.3754514E-11
   180.0 -.3692264E-11
   181.0 -.3668356E-11
   182.0 -.3689239E-11
   183.0 -.3760323E-11
   184.0 -.3885696E-11
   185.0 -.4067992E-11
   186.0 -.4308173E-11
   187.0 -.4605484E-11
   188.0 -.4957285E-11
   189.0 -.5359121E-11
   190.0 -.5804669E-11
   191.0 -.6285865E-11
   192.0 -.6793052E-11
   193.0 -.7315111E-11
   194.0 -.7839746E-11
   195.0 -.8353748E-11
   196.0 -.8843331E-11
   197.0 -.9294471E-11
   198.0 -.9693278E-11
   199.0 -.1002644E-10
   200.0 -.1028152E-10
   201.0 -.1044749E-10
   202.0 -.1051495E-10
   203.0 -.1047662E-10
   204.0 -.1032754E-10
   205.0 -.1006536E-10
   206.0 -.9690616E-11
   207.0 -.9206779E-11
   208.0 -.8620326E-11
   209.0 -.7940781E-11
   210.0 -.7180618E-11
   211.0 -.6355030E-11
   212.0 -.5481761E-11
   213.0 -.4580697E-11
   214.0 -.3673540E-11
   215.0 -.2783311E-11
   216.0 -.1933841E-11
   217.0 -.1149199E-11
   218.0 -.4530934E-12
   219.0 0.1316533E-12
   220.0 0.5838293E-12
   221.0 0.8843907E-12
   222.0 0.1016986E-11
   223.0 0.9685254E-12
   224.0 0.7296064E-12
   225.0 0.2949800E-12
   226.0 -.3362375E-12
   227.0 -.1160299E-11
   228.0 -.2168724E-11
   229.0 -.3348354E-11
   230.0 -.4681384E-11
   231.0 -.6145666E-11
   232.0 -.7715099E-11
   233.0 -.9359977E-11
   234.0 -.1104767E-10
   235.0 -.1274319E-10
   236.0 -.1440998E-10
   237.0 -.1601067E-10
   238.0 -.1750797E-10
   239.0 -.1886556E-10
   240.0 -.2004878E-10
   241.0 -.2102577E-10
   242.0 -.2176807E-10
   243.0 -.2225152E-10
   244.0 -.2245695E-10
   245.0 -.2237064E-10
   246.0 -.2198497E-10
   247.0 -.2129869E-10
   248.0 -.2031719E-10
   249.0 -.1905250E-10
   250.0 -.1752328E-10
   251.0 -.1575454E-10
   252.0 -.1377725E-10
   253.0 -.1162781E-10
   254.0 -.9347374E-11
   255.0 -.6981016E-11
   256.0 -.4576845E-11
   257.0 -.2184958E-11
   258.0 0.1436145E-12
   259.0 0.2358016E-11
   260.0 0.4408726E-11
   261.0 0.6248785E-11
   262.0 0.7834734E-11
   263.0 0.9127788E-11
   264.0 0.1009477E-10
   265.0 0.1070895E-10
   266.0 0.1095076E-10
   267.0 0.1080839E-10
   268.0 0.1027818E-10
   269.0 0.9364800E-11
   270.0 0.8081425E-11
   271.0 0.6449364E-11
   272.0 0.4497886E-11
   273.0 0.2263636E-11
   274.0 -.2101139E-12
   275.0 -.2874274E-11
   276.0 -.5675046E-11
   277.0 -.8554920E-11
   278.0 -.1145408E-10
   279.0 -.1431161E-10
   280.0 -.1706685E-10
   281.0 -.1966082E-10
   282.0 -.2203745E-10
   283.0 -.2414501E-10
   284.0 -.2593711E-10
   285.0 -.2737403E-10
   286.0 -.2842341E-10
   287.0 -.2906122E-10
   288.0 -.2927224E-10
   289.0 -.2905050E-10
   290.0 -.2839946E-10
   291.0 -.2733195E-10
   292.0 -.2586995E-10
   293.0 -.2404404E-10
   294.0 -.2189277E-10
   295.0 -.1946186E-10
   296.0 -.1680302E-10
   297.0 -.1397283E-10
   298.0 -.1103148E-10
   299.0 -.8041270E-11
   300.0 -.5065219E-11
   301.0 -.2165573E-11
   302.0 0.5976637E-12
   303.0 0.3168130E-11
   304.0 0.5494443E-11
   305.0 0.7531431E-11
   306.0 0.9241102E-11
   307.0 0.1059365E-10
   308.0 0.1156803E-10
   309.0 0.1215254E-10
   310.0 0.1234490E-10
   311.0 0.1215239E-10
   312.0 0.1159153E-10
   313.0 0.1068767E-10
   314.0 0.9474143E-11
   315.0 0.7991594E-11
   316.0 0.6286584E-11
   317.0 0.4410608E-11
   318.0 0.2418566E-11
   319.0 0.3672548E-12
   320.0 -.1686027E-11
   321.0 -.3685180E-11
   322.0 -.5576692E-11
   323.0 -.7311256E-11
   324.0 -.8844936E-11
   325.0 -.1014061E-10
   326.0 -.1116876E-10
   327.0 -.1190851E-10
   328.0 -.1234814E-10
   329.0 -.1248543E-10
   330.0 -.1232777E-10
   331.0 -.1189200E-10
   332.0 -.1120388E-10
   333.0 -.1029743E-10
   334.0 -.9214029E-11
   335.0 -.8001044E-11
   336.0 -.6710655E-11
   337.0 -.5398104E-11
   338.0 -.4120150E-11
   339.0 -.2933219E-11
   340.0 -.1891670E-11
   341.0 -.1045918E-11
   342.0 -.4407840E-12
   343.0 -.1138539E-12
   344.0 -.9397884E-13
   345.0 -.4000747E-12
   346.0 -.1040098E-11
   347.0 -.2010275E-11
   348.0 -.3294762E-11
   349.0 -.4865453E-11
   350.0 -.6682391E-11
   351.0 -.8694197E-11
   352.0 -.1083926E-10
   353.0 -.1304680E-10
   354.0 -.1523864E-10
   355.0 -.1733112E-10
   356.0 -.1923715E-10
   357.0 -.2086860E-10
   358.0 -.2213885E-10
   359.0 -.2296539E-10
   360.0 -.2327213E-10
   361.0 -.2299246E-10
   362.0 -.2207125E-10
   363.0 -.2046740E-10
   364.0 -.1815557E-10
   365.0 -.1512822E-10
   366.0 -.1139670E-10
   367.0 -.6992173E-11
   368.0 -.1966150E-11
   369.0 0.3609600E-11
   370.0 0.9643624E-11
   371.0 0.1602591E-10
   372.0 0.2262950E-10
   373.0 0.2931263E-10
   374.0 0.3592136E-10
   375.0 0.4229264E-10
   376.0 0.4825777E-10
   377.0 0.5364631E-10
   378.0 0.5829000E-10
   379.0 0.6202662E-10
   380.0 0.6470512E-10
   381.0 0.6618914E-10
   382.0 0.6636126E-10
   383.0 0.6512701E-10
   384.0 0.6241848E-10
   385.0 0.5819728E-10
   386.0 0.5245731E-10
   387.0 0.4522615E-10
   388.0 0.3656745E-10
   389.0 0.2658033E-10
   390.0 0.1539980E-10
   391.0 0.3195469E-11
   392.0 -.9830445E-11
   393.0 -.2344575E-10
   394.0 -.3739206E-10
   395.0 -.5138901E-10
   396.0 -.6513935E-10
   397.0 -.7833465E-10
   398.0 -.9066166E-10
   399.0 -.1018087E-09
   400.0 -.1114728E-09
   401.0 -.1193668E-09
   402.0 -.1252264E-09
   403.0 -.1288165E-09
   404.0 -.1299387E-09
   405.0 -.1284372E-09
   406.0 -.1242035E-09
   407.0 -.1171820E-09
   408.0 -.1073733E-09
   409.0 -.9483715E-10
   410.0 -.7969355E-10
   411.0 -.6212383E-10
   412.0 -.4236918E-10
   413.0 -.2072838E-10
   414.0 0.2445515E-11
   415.0 0.2675045E-10
   416.0 0.5174130E-10
   417.0 0.7693746E-10
   418.0 0.1018311E-09
   419.0 0.1258970E-09
   420.0 0.1486017E-09
   421.0 0.1694161E-09
   422.0 0.1878246E-09
   423.0 0.2033384E-09
   424.0 0.2155050E-09
   425.0 0.2239204E-09
   426.0 0.2282402E-09
   427.0 0.2281870E-09
   428.0 0.2235612E-09
   429.0 0.2142480E-09
   430.0 0.2002227E-09
   431.0 0.1815553E-09
   432.0 0.1584143E-09
   433.0 0.1310653E-09
   434.0 0.9987141E-10
   435.0 0.6528889E-10
   436.0 0.2786214E-10
   437.0 -.1178370E-10
   438.0 -.5295246E-10
   439.0 -.9488799E-10
   440.0 -.1367872E-09
   441.0 -.1778144E-09
   442.0 -.2171168E-09
   443.0 -.2538415E-09
   444.0 -.2871525E-09
   445.0 -.3162482E-09
   446.0 -.3403789E-09
   447.0 -.3588645E-09
   448.0 -.3711106E-09
   449.0 -.3766240E-09
   450.0 -.3750260E-09
   451.0 -.3660651E-09
   452.0 -.3496280E-09
   453.0 -.3257451E-09
   454.0 -.2945963E-09
   455.0 -.2565144E-09
   456.0 -.2119833E-09
   457.0 -.1616335E-09
   458.0 -.1062360E-09
   459.0 -.4669298E-10
   460.0 0.1597665E-10
   461.0 0.8065213E-10
   462.0 0.1461296E-09
   463.0 0.2111430E-09
   464.0 0.2743853E-09
   465.0 0.3345356E-09
   466.0 0.3902829E-09
   467.0 0.4403514E-09
   468.0 0.4835296E-09
   469.0 0.5186953E-09
   470.0 0.5448390E-09
   471.0 0.5610923E-09
   472.0 0.5667434E-09
   473.0 0.5612683E-09
   474.0 0.5443339E-09
   475.0 0.5158209E-09
   476.0 0.4758325E-09
   477.0 0.4246976E-09
   478.0 0.3629763E-09
   479.0 0.2914531E-09
   480.0 0.2111359E-09
   481.0 0.1232385E-09
   482.0 0.2916830E-10
   483.0 -.6949499E-10
   484.0 -.1710232E-09
   485.0 -.2735683E-09
   486.0 -.3751923E-09
   487.0 -.4739020E-09
   488.0 -.5676853E-09
   489.0 -.6545484E-09
   490.0 -.7325529E-09
   491.0 -.7998565E-09
   492.0 -.8547530E-09
   493.0 -.8957036E-09
   494.0 -.9213751E-09
   495.0 -.9306759E-09
   496.0 -.9227742E-09
   497.0 -.8971358E-09
   498.0 -.8535306E-09
   499.0 -.7920601E-09
   500.0 -.7131539E-09
   501.0 -.6175849E-09
   502.0 -.5064559E-09
   503.0 -.3811970E-09
   504.0 -.2435469E-09
   505.0 -.9553066E-10
   506.0 0.6056673E-10
   507.0 0.2222347E-09
   508.0 0.3867758E-09
   509.0 0.5513490E-09
   510.0 0.7130174E-09
   511.0 0.8687970E-09
   512.0 0.1015711E-08
   513.0 0.1150843E-08
   514.0 0.1271392E-08
   515.0 0.1374726E-08
   516.0 0.1458429E-08
   517.0 0.1520365E-08
   518.0 0.1558710E-08
   519.0 0.1571994E-08
   520.0 0.1559151E-08
   521.0 0.1519532E-08
   522.0 0.1452944E-08
   523.0 0.1359648E-08
   524.0 0.1240389E-08
   525.0 0.1096377E-08
   526.0 0.9292840E-09
   527.0 0.7412347E-09
   528.0 0.5347703E-09
   529.0 0.3128202E-09
   530.0 0.7866039E-10
   531.0 -.1641347E-09
   532.0 -.4117476E-09
   533.0 -.6601763E-09
   534.0 -.9053023E-09
   535.0 -.1142955E-08
   536.0 -.1368981E-08
   537.0 -.1579325E-08
   538.0 -.1770091E-08
   539.0 -.1937616E-08
   540.0 -.2078544E-08
   541.0 -.2189876E-08
   542.0 -.2269046E-08
   543.0 -.2313957E-08
   544.0 -.2323040E-08
   545.0 -.2295288E-08
   546.0 -.2230272E-08
   547.0 -.2128179E-08
   548.0 -.1989806E-08
   549.0 -.1816571E-08
   550.0 -.1610482E-08
   551.0 -.1374142E-08
   552.0 -.1110683E-08
   553.0 -.8237520E-09
   554.0 -.5174444E-09
   555.0 -.1962449E-09
   556.0 0.1350379E-09
   557.0 0.4713482E-09
   558.0 0.8074589E-09
   559.0 0.1138064E-08
   560.0 0.1457851E-08
   561.0 0.1761608E-08
   562.0 0.2044291E-08
   563.0 0.2301119E-08
   564.0 0.2527659E-08
   565.0 0.2719898E-08
   566.0 0.2874316E-08
   567.0 0.2987956E-08
   568.0 0.3058458E-08
   569.0 0.3084137E-08
   570.0 0.3063988E-08
   571.0 0.2997730E-08
   572.0 0.2885816E-08
   573.0 0.2729418E-08
   574.0 0.2530437E-08
   575.0 0.2291469E-08
   576.0 0.2015760E-08
   577.0 0.1707180E-08
   578.0 0.1370148E-08
   579.0 0.1009580E-08
   580.0 0.6308067E-09
   581.0 0.2394861E-09
   582.0 -.1584742E-09
   583.0 -.5570164E-09
   584.0 -.9500249E-09
   585.0 -.1331428E-08
   586.0 -.1695291E-08
   587.0 -.2035920E-08
   588.0 -.2347928E-08
   589.0 -.2626362E-08
   590.0 -.2866766E-08
   591.0 -.3065223E-08
   592.0 -.3218468E-08
   593.0 -.3323926E-08
   594.0 -.3379736E-08
   595.0 -.3384804E-08
   596.0 -.3338816E-08
   597.0 -.3242237E-08
   598.0 -.3096324E-08
   599.0 -.2903083E-08
   600.0 -.2665265E-08
   601.0 -.2386301E-08
   602.0 -.2070260E-08
   603.0 -.1721788E-08
   604.0 -.1346027E-08
   605.0 -.9485396E-09
   606.0 -.5352272E-09
   607.0 -.1122284E-09
   608.0 0.3141686E-09
   609.0 0.7376295E-09
   610.0 0.1151868E-08
   611.0 0.1550738E-08
   612.0 0.1928341E-08
   613.0 0.2279104E-08
   614.0 0.2597868E-08
   615.0 0.2879972E-08
   616.0 0.3121301E-08
   617.0 0.3318376E-08
   618.0 0.3468386E-08
   619.0 0.3569220E-08
   620.0 0.3619522E-08
   621.0 0.3618676E-08
   622.0 0.3566835E-08
   623.0 0.3464898E-08
   624.0 0.3314507E-08
   625.0 0.3118002E-08
   626.0 0.2878383E-08
   627.0 0.2599266E-08
   628.0 0.2284827E-08
   629.0 0.1939720E-08
   630.0 0.1569021E-08
   631.0 0.1178137E-08
   632.0 0.7727257E-09
   633.0 0.3586111E-09
   634.0 -.5830286E-10
   635.0 -.4721265E-09
   636.0 -.8770601E-09
   637.0 -.1267485E-08
   638.0 -.1638047E-08
   639.0 -.1983718E-08
   640.0 -.2299876E-08
   641.0 -.2582367E-08
   642.0 -.2827550E-08
   643.0 -.3032349E-08
   644.0 -.3194293E-08
   645.0 -.3311528E-08
   646.0 -.3382863E-08
   647.0 -.3407735E-08
   648.0 -.3386251E-08
   649.0 -.3319155E-08
   650.0 -.3207802E-08
   651.0 -.3054147E-08
   652.0 -.2860691E-08
   653.0 -.2630459E-08
   654.0 -.2366922E-08
   655.0 -.2073961E-08
   656.0 -.1755819E-08
   657.0 -.1417000E-08
   658.0 -.1062237E-08
   659.0 -.6964072E-09
   660.0 -.3244731E-09
   661.0 0.4859050E-10
   662.0 0.4178624E-09
   663.0 0.7785378E-09
   664.0 0.1125986E-08
   665.0 0.1455814E-08
   666.0 0.1763918E-08
   667.0 0.2046519E-08
   668.0 0.2300228E-08
   669.0 0.2522069E-08
   670.0 0.2709493E-08
   671.0 0.2860435E-08
   672.0 0.2973318E-08
   673.0 0.3047042E-08
   674.0 0.3081030E-08
   675.0 0.3075189E-08
   676.0 0.3029918E-08
   677.0 0.2946110E-08
   678.0 0.2825093E-08
   679.0 0.2668661E-08
   680.0 0.2478992E-08
   681.0 0.2258650E-08
   682.0 0.2010547E-08
   683.0 0.1737882E-08
   684.0 0.1444126E-08
   685.0 0.1132969E-08
   686.0 0.8082682E-09
   687.0 0.4740148E-09
   688.0 0.1342781E-09
   689.0 -.2068360E-09
   690.0 -.5452314E-09
   691.0 -.8768664E-09
   692.0 -.1197803E-08
   693.0 -.1504237E-08
   694.0 -.1792555E-08
   695.0 -.2059360E-08
   696.0 -.2301511E-08
   697.0 -.2516147E-08
   698.0 -.2700757E-08
   699.0 -.2853134E-08
   700.0 -.2971473E-08
   701.0 -.3054344E-08
   702.0 -.3100726E-08
   703.0 -.3110018E-08
   704.0 -.3082033E-08
   705.0 -.3017027E-08
   706.0 -.2915680E-08
   707.0 -.2779091E-08
   708.0 -.2608776E-08
   709.0 -.2406658E-08
   710.0 -.2175033E-08
   711.0 -.1916575E-08
   712.0 -.1634277E-08
   713.0 -.1331450E-08
   714.0 -.1011667E-08
   715.0 -.6787421E-09
   716.0 -.3366810E-09
   717.0 0.1036150E-10
   718.0 0.3581264E-09
   719.0 0.7023006E-09
   720.0 0.1038567E-08
   721.0 0.1362654E-08
   722.0 0.1670389E-08
   723.0 0.1957753E-08
   724.0 0.2220925E-08
   725.0 0.2456346E-08
   726.0 0.2660749E-08
   727.0 0.2831223E-08
   728.0 0.2965237E-08
   729.0 0.3060702E-08
   730.0 0.3115986E-08
   731.0 0.3129953E-08
   732.0 0.3101985E-08
   733.0 0.3031991E-08
   734.0 0.2920433E-08
   735.0 0.2768328E-08
   736.0 0.2577224E-08
   737.0 0.2349217E-08
   738.0 0.2086921E-08
   739.0 0.1793430E-08
   740.0 0.1472316E-08
   741.0 0.1127555E-08
   742.0 0.7635074E-09
   743.0 0.3848472E-09
   744.0 -.3487239E-11
   745.0 -.3963562E-09
   746.0 -.7884919E-09
   747.0 -.1174563E-08
   748.0 -.1549253E-08
   749.0 -.1907330E-08
   750.0 -.2243715E-08
   751.0 -.2553583E-08
   752.0 -.2832396E-08
   753.0 -.3075998E-08
   754.0 -.3280675E-08
   755.0 -.3443211E-08
   756.0 -.3560938E-08
   757.0 -.3631789E-08
   758.0 -.3654326E-08
   759.0 -.3627795E-08
   760.0 -.3552100E-08
   761.0 -.3427864E-08
   762.0 -.3256395E-08
   763.0 -.3039687E-08
   764.0 -.2780400E-08
   765.0 -.2481839E-08
   766.0 -.2147890E-08
   767.0 -.1782991E-08
   768.0 -.1392066E-08
   769.0 -.9804599E-09
   770.0 -.5538645E-09
   771.0 -.1182363E-09
   772.0 0.3202816E-09
   773.0 0.7554575E-09
   774.0 0.1181051E-08
   775.0 0.1590918E-08
   776.0 0.1979085E-08
   777.0 0.2339854E-08
   778.0 0.2667890E-08
   779.0 0.2958282E-08
   780.0 0.3206656E-08
   781.0 0.3409205E-08
   782.0 0.3562772E-08
   783.0 0.3664913E-08
   784.0 0.3713900E-08
   785.0 0.3708803E-08
   786.0 0.3649464E-08
   787.0 0.3536536E-08
   788.0 0.3371462E-08
   789.0 0.3156470E-08
   790.0 0.2894542E-08
   791.0 0.2589358E-08
   792.0 0.2245280E-08
   793.0 0.1867257E-08
   794.0 0.1460775E-08
   795.0 0.1031773E-08
   796.0 0.5865513E-09
   797.0 0.1316910E-09
   798.0 -.3260545E-09
   799.0 -.7798534E-09
   800.0 -.1222894E-08
   801.0 -.1648501E-08
   802.0 -.2050210E-08
   803.0 -.2421904E-08
   804.0 -.2757858E-08
   805.0 -.3052870E-08
   806.0 -.3302319E-08
   807.0 -.3502236E-08
   808.0 -.3649383E-08
   809.0 -.3741270E-08
   810.0 -.3776251E-08
   811.0 -.3753489E-08
   812.0 -.3673023E-08
   813.0 -.3535734E-08
   814.0 -.3343364E-08
   815.0 -.3098479E-08
   816.0 -.2804431E-08
   817.0 -.2465326E-08
   818.0 -.2085945E-08
   819.0 -.1671695E-08
   820.0 -.1228515E-08
   821.0 -.7628125E-09
   822.0 -.2813423E-09
   823.0 0.2088710E-09
   824.0 0.7006470E-09
   825.0 0.1186753E-08
   826.0 0.1660004E-08
   827.0 0.2113376E-08
   828.0 0.2540113E-08
   829.0 0.2933814E-08
   830.0 0.3288552E-08
   831.0 0.3598933E-08
   832.0 0.3860193E-08
   833.0 0.4068279E-08
   834.0 0.4219903E-08
   835.0 0.4312581E-08
   836.0 0.4344688E-08
   837.0 0.4315492E-08
   838.0 0.4225142E-08
   839.0 0.4074684E-08
   840.0 0.3866049E-08
   841.0 0.3602055E-08
   842.0 0.3286310E-08
   843.0 0.2923207E-08
   844.0 0.2517864E-08
   845.0 0.2076035E-08
   846.0 0.1604044E-08
   847.0 0.1108683E-08
   848.0 0.5971246E-09
   849.0 0.7682476E-10
   850.0 -.4445900E-09
   851.0 -.9594320E-09
   852.0 -.1460054E-08
   853.0 -.1938973E-08
   854.0 -.2388956E-08
   855.0 -.2803150E-08
   856.0 -.3175165E-08
   857.0 -.3499171E-08
   858.0 -.3769979E-08
   859.0 -.3983151E-08
   860.0 -.4135009E-08
   861.0 -.4222739E-08
   862.0 -.4244428E-08
   863.0 -.4199081E-08
   864.0 -.4086662E-08
   865.0 -.3908081E-08
   866.0 -.3665203E-08
   867.0 -.3360824E-08
   868.0 -.2998650E-08
   869.0 -.2583226E-08
   870.0 -.2119909E-08
   871.0 -.1614781E-08
   872.0 -.1074583E-08
   873.0 -.5066169E-09
   874.0 0.8133946E-10
   875.0 0.6811440E-09
   876.0 0.1284393E-08
   877.0 0.1882539E-08
   878.0 0.2466999E-08
   879.0 0.3029280E-08
   880.0 0.3561090E-08
   881.0 0.4054454E-08
   882.0 0.4501830E-08
   883.0 0.4896198E-08
   884.0 0.5231198E-08
   885.0 0.5501173E-08
   886.0 0.5701289E-08
   887.0 0.5827603E-08
   888.0 0.5877108E-08
   889.0 0.5847807E-08
   890.0 0.5738737E-08
   891.0 0.5549980E-08
   892.0 0.5282716E-08
   893.0 0.4939167E-08
   894.0 0.4522614E-08
   895.0 0.4037346E-08
   896.0 0.3488650E-08
   897.0 0.2882689E-08
   898.0 0.2226488E-08
   899.0 0.1527817E-08
   900.0 0.7951140E-09
   901.0 0.3737172E-10
   902.0 -.7359723E-09
   903.0 -.1515156E-08
   904.0 -.2290218E-08
   905.0 -.3051126E-08
   906.0 -.3787915E-08
   907.0 -.4490810E-08
   908.0 -.5150364E-08
   909.0 -.5757579E-08
   910.0 -.6304032E-08
   911.0 -.6782011E-08
   912.0 -.7184596E-08
   913.0 -.7505776E-08
   914.0 -.7740528E-08
   915.0 -.7884903E-08
   916.0 -.7936097E-08
   917.0 -.7892469E-08
   918.0 -.7753631E-08
   919.0 -.7520379E-08
   920.0 -.7194783E-08
   921.0 -.6780136E-08
   922.0 -.6280903E-08
   923.0 -.5702711E-08
   924.0 -.5052244E-08
   925.0 -.4337195E-08
   926.0 -.3566179E-08
   927.0 -.2748590E-08
   928.0 -.1894511E-08
   929.0 -.1014573E-08
   930.0 -.1198268E-09
   931.0 0.7784155E-09
   932.0 0.1668721E-08
   933.0 0.2539691E-08
   934.0 0.3380129E-08
   935.0 0.4179162E-08
   936.0 0.4926437E-08
   937.0 0.5612222E-08
   938.0 0.6227574E-08
   939.0 0.6764451E-08
   940.0 0.7215822E-08
   941.0 0.7575824E-08
   942.0 0.7839739E-08
   943.0 0.8004206E-08
   944.0 0.8067158E-08
   945.0 0.8027944E-08
   946.0 0.7887259E-08
   947.0 0.7647253E-08
   948.0 0.7311393E-08
   949.0 0.6884481E-08
   950.0 0.6372621E-08
   951.0 0.5783058E-08
   952.0 0.5124141E-08
   953.0 0.4405198E-08
   954.0 0.3636384E-08
   955.0 0.2828559E-08
   956.0 0.1993122E-08
   957.0 0.1141853E-08
   958.0 0.2867358E-09
   959.0 -.5602048E-09
   960.0 -.1387097E-08
   961.0 -.2182380E-08
   962.0 -.2934994E-08
   963.0 -.3634527E-08
   964.0 -.4271393E-08
   965.0 -.4836957E-08
   966.0 -.5323686E-08
   967.0 -.5725258E-08
   968.0 -.6036650E-08
   969.0 -.6254253E-08
   970.0 -.6375870E-08
   971.0 -.6400820E-08
   972.0 -.6329925E-08
   973.0 -.6165462E-08
   974.0 -.5911200E-08
   975.0 -.5572304E-08
   976.0 -.5155259E-08
   977.0 -.4667789E-08
   978.0 -.4118716E-08
   979.0 -.3517850E-08
   980.0 -.2875823E-08
   981.0 -.2203903E-08
   982.0 -.1513860E-08
   983.0 -.8177391E-09
   984.0 -.1276981E-09
   985.0 0.5442069E-09
   986.0 0.1186202E-08
   987.0 0.1787002E-08
   988.0 0.2335968E-08
   989.0 0.2823322E-08
   990.0 0.3240262E-08
   991.0 0.3579144E-08
   992.0 0.3833593E-08
   993.0 0.3998621E-08
   994.0 0.4070705E-08
   995.0 0.4047857E-08
   996.0 0.3929672E-08
   997.0 0.3717321E-08
   998.0 0.3413551E-08
   999.0 0.3022658E-08
  1000.0 0.2550404E-08
  1001.0 0.2003947E-08
  1002.0 0.1391721E-08
  1003.0 0.7233169E-09
  1004.0 0.9317910E-11
  1005.0 -.7388596E-09
  1006.0 -.1509146E-08
  1007.0 -.2289007E-08
  1008.0 -.3065665E-08
  1009.0 -.3826268E-08
  1010.0 -.4558124E-08
  1011.0 -.5248921E-08
  1012.0 -.5886865E-08
  1013.0 -.6460943E-08
  1014.0 -.6961050E-08
  1015.0 -.7378189E-08
  1016.0 -.7704585E-08
  1017.0 -.7933835E-08
  1018.0 -.8061019E-08
  1019.0 -.8082758E-08
  1020.0 -.7997276E-08
  1021.0 -.7804461E-08
  1022.0 -.7505824E-08
  1023.0 -.7104497E-08
  1024.0 -.6605187E-08
  1025.0 -.6014110E-08
  1026.0 -.5338876E-08
  1027.0 -.4588361E-08
  1028.0 -.3772597E-08
  1029.0 -.2902593E-08
  1030.0 -.1990172E-08
  1031.0 -.1047761E-08
  1032.0 -.8822844E-10
  1033.0 0.8753350E-09
  1034.0 0.1829815E-08
  1035.0 0.2762280E-08
  1036.0 0.3660171E-08
  1037.0 0.4511514E-08
  1038.0 0.5305058E-08
  1039.0 0.6030492E-08
  1040.0 0.6678566E-08
  1041.0 0.7241227E-08
  1042.0 0.7711733E-08
  1043.0 0.8084760E-08
  1044.0 0.8356453E-08
  1045.0 0.8524462E-08
  1046.0 0.8587982E-08
  1047.0 0.8547699E-08
  1048.0 0.8405865E-08
  1049.0 0.8166118E-08
  1050.0 0.7833483E-08
  1051.0 0.7414273E-08
  1052.0 0.6915946E-08
  1053.0 0.6346986E-08
  1054.0 0.5716766E-08
  1055.0 0.5035388E-08
  1056.0 0.4313509E-08
  1057.0 0.3562179E-08
  1058.0 0.2792669E-08
  1059.0 0.2016275E-08
  1060.0 0.1244191E-08
  1061.0 0.4872910E-09
  1062.0 -.2439930E-09
  1063.0 -.9398339E-09
  1064.0 -.1591134E-08
  1065.0 -.2189661E-08
  1066.0 -.2728128E-08
  1067.0 -.3200306E-08
  1068.0 -.3601072E-08
  1069.0 -.3926470E-08
  1070.0 -.4173742E-08
  1071.0 -.4341317E-08
  1072.0 -.4428833E-08
  1073.0 -.4437101E-08
  1074.0 -.4368025E-08
  1075.0 -.4224617E-08
  1076.0 -.4010843E-08
  1077.0 -.3731590E-08
  1078.0 -.3392539E-08
  1079.0 -.3000067E-08
  1080.0 -.2561148E-08
  1081.0 -.2083196E-08
  1082.0 -.1573968E-08
  1083.0 -.1041441E-08
  1084.0 -.4936778E-09
  1085.0 0.6128401E-10
  1086.0 0.6155543E-09
  1087.0 0.1161492E-08
  1088.0 0.1691813E-08
  1089.0 0.2199675E-08
  1090.0 0.2678769E-08
  1091.0 0.3123373E-08
  1092.0 0.3528430E-08
  1093.0 0.3889602E-08
  1094.0 0.4203258E-08
  1095.0 0.4466557E-08
  1096.0 0.4677439E-08
  1097.0 0.4834581E-08
  1098.0 0.4937462E-08
  1099.0 0.4986296E-08
  1100.0 0.4981985E-08
  1101.0 0.4926139E-08
  1102.0 0.4820975E-08
  1103.0 0.4669288E-08
  1104.0 0.4474387E-08
  1105.0 0.4240033E-08
  1106.0 0.3970381E-08
  1107.0 0.3669907E-08
  1108.0 0.3343327E-08
  1109.0 0.2995556E-08
  1110.0 0.2631612E-08
  1111.0 0.2256569E-08
  1112.0 0.1875476E-08
  1113.0 0.1493322E-08
  1114.0 0.1114943E-08
  1115.0 0.7450008E-09
  1116.0 0.3879126E-09
  1117.0 0.4781293E-10
  1118.0 -.2714821E-09
  1119.0 -.5665190E-09
  1120.0 -.8342294E-09
  1121.0 -.1071968E-08
  1122.0 -.1277512E-08
  1123.0 -.1449095E-08
  1124.0 -.1585420E-08
  1125.0 -.1685642E-08
  1126.0 -.1749405E-08
  1127.0 -.1776803E-08
  1128.0 -.1768398E-08
  1129.0 -.1725210E-08
  1130.0 -.1648680E-08
  1131.0 -.1540670E-08
  1132.0 -.1403443E-08
  1133.0 -.1239619E-08
  1134.0 -.1052164E-08
  1135.0 -.8443453E-09
  1136.0 -.6197010E-09
  1137.0 -.3819993E-09
  1138.0 -.1351981E-09
  1139.0 0.1166027E-09
  1140.0 0.3692038E-09
  1141.0 0.6183595E-09
  1142.0 0.8598225E-09
  1143.0 0.1089400E-08
  1144.0 0.1303011E-08
  1145.0 0.1496723E-08
  1146.0 0.1666822E-08
  1147.0 0.1809856E-08
  1148.0 0.1922686E-08
  1149.0 0.2002538E-08
  1150.0 0.2047049E-08
  1151.0 0.2054296E-08
  1152.0 0.2022854E-08
  1153.0 0.1951821E-08
  1154.0 0.1840838E-08
  1155.0 0.1690126E-08
  1156.0 0.1500484E-08
  1157.0 0.1273312E-08
  1158.0 0.1010598E-08
  1159.0 0.7149172E-09
  1160.0 0.3894117E-09
  1161.0 0.3776390E-10
  1162.0 -.3358380E-09
  1163.0 -.7267395E-09
  1164.0 -.1129880E-08
  1165.0 -.1539843E-08
  1166.0 -.1950931E-08
  1167.0 -.2357238E-08
  1168.0 -.2752731E-08
  1169.0 -.3131321E-08
  1170.0 -.3486985E-08
  1171.0 -.3813828E-08
  1172.0 -.4106196E-08
  1173.0 -.4358749E-08
  1174.0 -.4566586E-08
  1175.0 -.4725297E-08
  1176.0 -.4831100E-08
  1177.0 -.4880850E-08
  1178.0 -.4872191E-08
  1179.0 -.4803551E-08
  1180.0 -.4674244E-08
  1181.0 -.4484503E-08
  1182.0 -.4235481E-08
  1183.0 -.3929303E-08
  1184.0 -.3569040E-08
  1185.0 -.3158722E-08
  1186.0 -.2703296E-08
  1187.0 -.2208580E-08
  1188.0 -.1681207E-08
  1189.0 -.1128551E-08
  1190.0 -.5586425E-09
  1191.0 0.1994094E-10
  1192.0 0.5981874E-09
  1193.0 0.1166777E-08
  1194.0 0.1716213E-08
  1195.0 0.2236980E-08
  1196.0 0.2719661E-08
  1197.0 0.3155139E-08
  1198.0 0.3534708E-08
  1199.0 0.3850247E-08
  1200.0 0.4094368E-08
  1201.0 0.4260549E-08
  1202.0 0.4343294E-08
  1203.0 0.4338233E-08
  1204.0 0.4242238E-08
  1205.0 0.4053517E-08
  1206.0 0.3771704E-08
  1207.0 0.3397900E-08
  1208.0 0.2934736E-08
  1209.0 0.2386331E-08
  1210.0 0.1758339E-08
  1211.0 0.1057899E-08
  1212.0 0.2935501E-09
  1213.0 -.5248177E-09
  1214.0 -.1386095E-08
  1215.0 -.2278076E-08
  1216.0 -.3187606E-08
  1217.0 -.4100771E-08
  1218.0 -.5003081E-08
  1219.0 -.5879666E-08
  1220.0 -.6715516E-08
  1221.0 -.7495708E-08
  1222.0 -.8205610E-08
  1223.0 -.8831196E-08
  1224.0 -.9359197E-08
  1225.0 -.9777419E-08
  1226.0 -.1007488E-07
  1227.0 -.1024214E-07
  1228.0 -.1027138E-07
  1229.0 -.1015665E-07
  1230.0 -.9894028E-08
  1231.0 -.9481682E-08
  1232.0 -.8920090E-08
  1233.0 -.8211991E-08
  1234.0 -.7362470E-08
  1235.0 -.6378946E-08
  1236.0 -.5271162E-08
  1237.0 -.4051069E-08
  1238.0 -.2732738E-08
  1239.0 -.1332202E-08
  1240.0 0.1327281E-09
  1241.0 0.1642669E-08
  1242.0 0.3176933E-08
  1243.0 0.4713782E-08
  1244.0 0.6230760E-08
  1245.0 0.7704962E-08
  1246.0 0.9113434E-08
  1247.0 0.1043347E-07
  1248.0 0.1164300E-07
  1249.0 0.1272094E-07
  1250.0 0.1364750E-07
  1251.0 0.1440456E-07
  1252.0 0.1497607E-07
  1253.0 0.1534812E-07
  1254.0 0.1550949E-07
  1255.0 0.1545174E-07
  1256.0 0.1516941E-07
  1257.0 0.1466020E-07
  1258.0 0.1392516E-07
  1259.0 0.1296871E-07
  1260.0 0.1179863E-07
  1261.0 0.1042605E-07
  1262.0 0.8865449E-08
  1263.0 0.7134375E-08
  1264.0 0.5253384E-08
  1265.0 0.3245780E-08
  1266.0 0.1137276E-08
  1267.0 -.1044263E-08
  1268.0 -.3269230E-08
  1269.0 -.5506668E-08
  1270.0 -.7724683E-08
  1271.0 -.9890929E-08
  1272.0 -.1197306E-07
  1273.0 -.1393925E-07
  1274.0 -.1575860E-07
  1275.0 -.1740170E-07
  1276.0 -.1884110E-07
  1277.0 -.2005173E-07
  1278.0 -.2101130E-07
  1279.0 -.2170076E-07
  1280.0 -.2210460E-07
  1281.0 -.2221117E-07
  1282.0 -.2201303E-07
  1283.0 -.2150685E-07
  1284.0 -.2069392E-07
  1285.0 -.1957995E-07
  1286.0 -.1817525E-07
  1287.0 -.1649447E-07
  1288.0 -.1455659E-07
  1289.0 -.1238473E-07
  1290.0 -.1000581E-07
  1291.0 -.7450248E-08
  1292.0 -.4751538E-08
  1293.0 -.1945835E-08
  1294.0 0.9285588E-09
  1295.0 0.3831735E-08
  1296.0 0.6722761E-08
  1297.0 0.9560259E-08
  1298.0 0.1230305E-07
  1299.0 0.1491077E-07
  1300.0 0.1734445E-07
  1301.0 0.1956722E-07
  1302.0 0.2154484E-07
  1303.0 0.2324620E-07
  1304.0 0.2464394E-07
  1305.0 0.2571497E-07
  1306.0 0.2644067E-07
  1307.0 0.2680743E-07
  1308.0 0.2680683E-07
  1309.0 0.2643594E-07
  1310.0 0.2569727E-07
  1311.0 0.2459901E-07
  1312.0 0.2315476E-07
  1313.0 0.2138360E-07
  1314.0 0.1930972E-07
  1315.0 0.1696218E-07
  1316.0 0.1437442E-07
  1317.0 0.1158394E-07
  1318.0 0.8631680E-08
  1319.0 0.5561374E-08
  1320.0 0.2418989E-08
  1321.0 -.7480159E-09
  1322.0 -.3891450E-08
  1323.0 -.6963108E-08
  1324.0 -.9915536E-08
  1325.0 -.1270282E-07
  1326.0 -.1528137E-07
  1327.0 -.1761048E-07
  1328.0 -.1965328E-07
  1329.0 -.2137712E-07
  1330.0 -.2275435E-07
  1331.0 -.2376266E-07
  1332.0 -.2438561E-07
  1333.0 -.2461294E-07
  1334.0 -.2444073E-07
  1335.0 -.2387166E-07
  1336.0 -.2291498E-07
  1337.0 -.2158637E-07
  1338.0 -.1990790E-07
  1339.0 -.1790754E-07
  1340.0 -.1561892E-07
  1341.0 -.1308080E-07
  1342.0 -.1033636E-07
  1343.0 -.7432703E-08
  1344.0 -.4419922E-08
  1345.0 -.1350395E-08
  1346.0 0.1722089E-08
  1347.0 0.4743290E-08
  1348.0 0.7659402E-08
  1349.0 0.1041800E-07
  1350.0 0.1296898E-07
  1351.0 0.1526543E-07
  1352.0 0.1726453E-07
  1353.0 0.1892827E-07
  1354.0 0.2022438E-07
  1355.0 0.2112670E-07
  1356.0 0.2161596E-07
  1357.0 0.2168013E-07
  1358.0 0.2131472E-07
  1359.0 0.2052300E-07
  1360.0 0.1931611E-07
  1361.0 0.1771289E-07
  1362.0 0.1573976E-07
  1363.0 0.1343021E-07
  1364.0 0.1082458E-07
  1365.0 0.7969192E-08
  1366.0 0.4915733E-08
  1367.0 0.1720412E-08
  1368.0 -.1557014E-08
  1369.0 -.4854252E-08
  1370.0 -.8107545E-08
  1371.0 -.1125287E-07
  1372.0 -.1422700E-07
  1373.0 -.1696877E-07
  1374.0 -.1942017E-07
  1375.0 -.2152768E-07
  1376.0 -.2324298E-07
  1377.0 -.2452425E-07
  1378.0 -.2533702E-07
  1379.0 -.2565495E-07
  1380.0 -.2546040E-07
  1381.0 -.2474510E-07
  1382.0 -.2351048E-07
  1383.0 -.2176780E-07
  1384.0 -.1953818E-07
  1385.0 -.1685256E-07
  1386.0 -.1375123E-07
  1387.0 -.1028334E-07
  1388.0 -.6506269E-08
  1389.0 -.2484652E-08
  1390.0 0.1710548E-08
  1391.0 0.6003244E-08
  1392.0 0.1031348E-07
  1393.0 0.1455889E-07
  1394.0 0.1865608E-07
  1395.0 0.2252220E-07
  1396.0 0.2607652E-07
  1397.0 0.2924199E-07
  1398.0 0.3194675E-07
  1399.0 0.3412565E-07
  1400.0 0.3572162E-07
  1401.0 0.3668695E-07
  1402.0 0.3698466E-07
  1403.0 0.3658917E-07
  1404.0 0.3548735E-07
  1405.0 0.3367912E-07
  1406.0 0.3117772E-07
  1407.0 0.2801007E-07
  1408.0 0.2421648E-07
  1409.0 0.1985055E-07
  1410.0 0.1497842E-07
  1411.0 0.9678081E-08
  1412.0 0.4038228E-08
  1413.0 -.1842958E-08
  1414.0 -.7859318E-08
  1415.0 -.1389839E-07
  1416.0 -.1984324E-07
  1417.0 -.2557450E-07
  1418.0 -.3097230E-07
  1419.0 -.3591864E-07
  1420.0 -.4029934E-07
  1421.0 -.4400641E-07
  1422.0 -.4694019E-07
  1423.0 -.4901118E-07
  1424.0 -.5014239E-07
  1425.0 -.5027062E-07
  1426.0 -.4934854E-07
  1427.0 -.4734573E-07
  1428.0 -.4425012E-07
  1429.0 -.4006826E-07
  1430.0 -.3482643E-07
  1431.0 -.2857068E-07
  1432.0 -.2136636E-07
  1433.0 -.1329812E-07
  1434.0 -.4468773E-08
  1435.0 0.5001731E-08
  1436.0 0.1497783E-07
  1437.0 0.2531020E-07
  1438.0 0.3583776E-07
  1439.0 0.4639010E-07
  1440.0 0.5678988E-07
  1441.0 0.6685585E-07
  1442.0 0.7640591E-07
  1443.0 0.8525943E-07
  1444.0 0.9324099E-07
  1445.0 0.1001833E-06
  1446.0 0.1059299E-06
  1447.0 0.1103388E-06
  1448.0 0.1132842E-06
  1449.0 0.1146601E-06
  1450.0 0.1143818E-06
  1451.0 0.1123886E-06
  1452.0 0.1086447E-06
  1453.0 0.1031412E-06
  1454.0 0.9589639E-07
  1455.0 0.8695700E-07
  1456.0 0.7639694E-07
  1457.0 0.6431816E-07
  1458.0 0.5084896E-07
  1459.0 0.3614293E-07
  1460.0 0.2037677E-07
  1461.0 0.3748455E-08
  1462.0 -.1352555E-07
  1463.0 -.3121343E-07
  1464.0 -.4907117E-07
  1465.0 -.6684606E-07
  1466.0 -.8428103E-07
  1467.0 -.1011176E-06
  1468.0 -.1171013E-06
  1469.0 -.1319845E-06
  1470.0 -.1455306E-06
  1471.0 -.1575194E-06
  1472.0 -.1677488E-06
  1473.0 -.1760398E-06
  1474.0 -.1822390E-06
  1475.0 -.1862221E-06
  1476.0 -.1878953E-06
  1477.0 -.1871981E-06
  1478.0 -.1841054E-06
  1479.0 -.1786271E-06
  1480.0 -.1708088E-06
  1481.0 -.1607325E-06
  1482.0 -.1485153E-06
  1483.0 -.1343076E-06
  1484.0 -.1182919E-06
  1485.0 -.1006800E-06
  1486.0 -.8171040E-07
  1487.0 -.6164454E-07
  1488.0 -.4076283E-07
  1489.0 -.1936126E-07
  1490.0 0.2254062E-08
  1491.0 0.2377104E-07
  1492.0 0.4487659E-07
  1493.0 0.6526161E-07
  1494.0 0.8462580E-07
  1495.0 0.1026826E-06
  1496.0 0.1191640E-06
  1497.0 0.1338246E-06
  1498.0 0.1464461E-06
  1499.0 0.1568404E-06
  1500.0 0.1648540E-06
  1501.0 0.1703690E-06
  1502.0 0.1733067E-06
  1503.0 0.1736290E-06
  1504.0 0.1713378E-06
  1505.0 0.1664772E-06
  1506.0 0.1591322E-06
  1507.0 0.1494270E-06
  1508.0 0.1375239E-06
  1509.0 0.1236208E-06
  1510.0 0.1079483E-06
  1511.0 0.9076513E-07
  1512.0 0.7235531E-07
  1513.0 0.5302298E-07
  1514.0 0.3308760E-07
  1515.0 0.1287864E-07
  1516.0 -.7269673E-08
  1517.0 -.2702392E-07
  1518.0 -.4605688E-07
  1519.0 -.6405328E-07
  1520.0 -.8071480E-07
  1521.0 -.9576519E-07
  1522.0 -.1089552E-06
  1523.0 -.1200668E-06
  1524.0 -.1289163E-06
  1525.0 -.1353583E-06
  1526.0 -.1392884E-06
  1527.0 -.1406445E-06
  1528.0 -.1394084E-06
  1529.0 -.1356061E-06
  1530.0 -.1293078E-06
  1531.0 -.1206262E-06
  1532.0 -.1097159E-06
  1533.0 -.9676958E-07
  1534.0 -.8201612E-07
  1535.0 -.6571604E-07
  1536.0 -.4815734E-07
  1537.0 -.2965076E-07
  1538.0 -.1052473E-07
  1539.0 0.8880661E-08
  1540.0 0.2821892E-07
  1541.0 0.4714354E-07
  1542.0 0.6531378E-07
  1543.0 0.8240018E-07
  1544.0 0.9809123E-07
  1545.0 0.1120979E-06
  1546.0 0.1241592E-06
  1547.0 0.1340470E-06
  1548.0 0.1415698E-06
  1549.0 0.1465762E-06
  1550.0 0.1489583E-06
  1551.0 0.1486533E-06
  1552.0 0.1456455E-06
  1553.0 0.1399654E-06
  1554.0 0.1316918E-06
  1555.0 0.1209486E-06
  1556.0 0.1079046E-06
  1557.0 0.9276964E-07
  1558.0 0.7579228E-07
  1559.0 0.5725509E-07
  1560.0 0.3747065E-07
  1561.0 0.1677595E-07
  1562.0 -.4472950E-08
  1563.0 -.2590685E-07
  1564.0 -.4714964E-07
  1565.0 -.6782488E-07
  1566.0 -.8756157E-07
  1567.0 -.1060014E-06
  1568.0 -.1228042E-06
  1569.0 -.1376539E-06
  1570.0 -.1502645E-06
  1571.0 -.1603850E-06
  1572.0 -.1678035E-06
  1573.0 -.1723514E-06
  1574.0 -.1739067E-06
  1575.0 -.1723962E-06
  1576.0 -.1677965E-06
  1577.0 -.1601367E-06
  1578.0 -.1494962E-06
  1579.0 -.1360045E-06
  1580.0 -.1198397E-06
  1581.0 -.1012268E-06
  1582.0 -.8043170E-07
  1583.0 -.5775966E-07
  1584.0 -.3355008E-07
  1585.0 -.8170151E-08
  1586.0 0.1798998E-07
  1587.0 0.4452370E-07
  1588.0 0.7101426E-07
  1589.0 0.9704173E-07
  1590.0 0.1221893E-06
  1591.0 0.1460507E-06
  1592.0 0.1682356E-06
  1593.0 0.1883774E-06
  1594.0 0.2061376E-06
  1595.0 0.2212135E-06
  1596.0 0.2333399E-06
  1597.0 0.2422967E-06
  1598.0 0.2479115E-06
  1599.0 0.2500605E-06
  1600.0 0.2486732E-06
  1601.0 0.2437340E-06
  1602.0 0.2352779E-06
  1603.0 0.2233970E-06
  1604.0 0.2082332E-06
  1605.0 0.1899790E-06
  1606.0 0.1688745E-06
  1607.0 0.1452022E-06
  1608.0 0.1192842E-06
  1609.0 0.9147661E-07
  1610.0 0.6216328E-07
  1611.0 0.3175124E-07
  1612.0 0.6635937E-09
  1613.0 -.3066706E-07
  1614.0 -.6180492E-07
  1615.0 -.9231775E-07
  1616.0 -.1217837E-06
  1617.0 -.1497973E-06
  1618.0 -.1759761E-06
  1619.0 -.1999655E-06
  1620.0 -.2214449E-06
  1621.0 -.2401317E-06
  1622.0 -.2557862E-06
  1623.0 -.2682131E-06
  1624.0 -.2772665E-06
  1625.0 -.2828496E-06
  1626.0 -.2849179E-06
  1627.0 -.2834763E-06
  1628.0 -.2785819E-06
  1629.0 -.2703403E-06
  1630.0 -.2589044E-06
  1631.0 -.2444712E-06
  1632.0 -.2272791E-06
  1633.0 -.2076015E-06
  1634.0 -.1857457E-06
  1635.0 -.1620450E-06
  1636.0 -.1368538E-06
  1637.0 -.1105429E-06
  1638.0 -.8349253E-07
  1639.0 -.5608701E-07
  1640.0 -.2870868E-07
  1641.0 -.1732107E-08
  1642.0 0.2448162E-07
  1643.0 0.4959002E-07
  1644.0 0.7327409E-07
  1645.0 0.9524305E-07
  1646.0 0.1152378E-06
  1647.0 0.1330346E-06
  1648.0 0.1484481E-06
  1649.0 0.1613321E-06
  1650.0 0.1715831E-06
  1651.0 0.1791390E-06
  1652.0 0.1839800E-06
  1653.0 0.1861281E-06
  1654.0 0.1856450E-06
  1655.0 0.1826315E-06
  1656.0 0.1772233E-06
  1657.0 0.1695896E-06
  1658.0 0.1599284E-06
  1659.0 0.1484629E-06
  1660.0 0.1354388E-06
  1661.0 0.1211158E-06
  1662.0 0.1057681E-06
  1663.0 0.8967626E-07
  1664.0 0.7312330E-07
  1665.0 0.5639052E-07
  1666.0 0.3975219E-07
  1667.0 0.2347204E-07
  1668.0 0.7798747E-08
  1669.0 -.7037477E-08
  1670.0 -.2082818E-07
  1671.0 -.3338957E-07
  1672.0 -.4456477E-07
  1673.0 -.5422550E-07
  1674.0 -.6227359E-07
  1675.0 -.6864163E-07
  1676.0 -.7329296E-07
  1677.0 -.7622160E-07
  1678.0 -.7745118E-07
  1679.0 -.7703393E-07
  1680.0 -.7504842E-07
  1681.0 -.7159795E-07
  1682.0 -.6680762E-07
  1683.0 -.6082136E-07
  1684.0 -.5379931E-07
  1685.0 -.4591405E-07
  1686.0 -.3734752E-07
  1687.0 -.2828736E-07
  1688.0 -.1892344E-07
  1689.0 -.9444666E-08
  1690.0 -.3530381E-10
  1691.0 0.9127834E-08
  1692.0 0.1787840E-07
  1693.0 0.2606315E-07
  1694.0 0.3354421E-07
  1695.0 0.4020117E-07
  1696.0 0.4593272E-07
  1697.0 0.5065750E-07
  1698.0 0.5431549E-07
  1699.0 0.5686807E-07
  1700.0 0.5829823E-07
  1701.0 0.5860997E-07
  1702.0 0.5782793E-07
  1703.0 0.5599606E-07
  1704.0 0.5317641E-07
  1705.0 0.4944708E-07
  1706.0 0.4490084E-07
  1707.0 0.3964262E-07
  1708.0 0.3378739E-07
  1709.0 0.2745760E-07
  1710.0 0.2078100E-07
  1711.0 0.1388785E-07
  1712.0 0.6908578E-08
  1713.0 -.2854627E-10
  1714.0 -.6799824E-08
  1715.0 -.1328817E-07
  1716.0 -.1938503E-07
  1717.0 -.2499238E-07
  1718.0 -.3002371E-07
  1719.0 -.3440586E-07
  1720.0 -.3807962E-07
  1721.0 -.4100028E-07
  1722.0 -.4313845E-07
  1723.0 -.4447977E-07
  1724.0 -.4502481E-07
  1725.0 -.4478880E-07
  1726.0 -.4380074E-07
  1727.0 -.4210260E-07
  1728.0 -.3974769E-07
  1729.0 -.3680005E-07
  1730.0 -.3333246E-07
  1731.0 -.2942502E-07
  1732.0 -.2516326E-07
  1733.0 -.2063675E-07
  1734.0 -.1593694E-07
  1735.0 -.1115565E-07
  1736.0 -.6383311E-08
  1737.0 -.1707304E-08
  1738.0 0.2789530E-08
  1739.0 0.7030323E-08
  1740.0 0.1094535E-07
  1741.0 0.1447314E-07
  1742.0 0.1756140E-07
  1743.0 0.2016761E-07
  1744.0 0.2225949E-07
  1745.0 0.2381544E-07
  1746.0 0.2482449E-07
  1747.0 0.2528609E-07
  1748.0 0.2520995E-07
  1749.0 0.2461540E-07
  1750.0 0.2353083E-07
  1751.0 0.2199283E-07
  1752.0 0.2004522E-07
  1753.0 0.1773800E-07
  1754.0 0.1512630E-07
  1755.0 0.1226904E-07
  1756.0 0.9227909E-08
  1757.0 0.6065966E-08
  1758.0 0.2846431E-08
  1759.0 -.3684279E-09
  1760.0 -.3518432E-08
  1761.0 -.6546644E-08
  1762.0 -.9400184E-08
  1763.0 -.1203120E-07
  1764.0 -.1439751E-07
  1765.0 -.1646328E-07
  1766.0 -.1819940E-07
  1767.0 -.1958387E-07
  1768.0 -.2060198E-07
  1769.0 -.2124617E-07
  1770.0 -.2151620E-07
  1771.0 -.2141867E-07
  1772.0 -.2096683E-07
  1773.0 -.2017999E-07
  1774.0 -.1908302E-07
  1775.0 -.1770566E-07
  1776.0 -.1608179E-07
  1777.0 -.1424871E-07
  1778.0 -.1224623E-07
  1779.0 -.1011594E-07
  1780.0 -.7900305E-08
  1781.0 -.5641857E-08
  1782.0 -.3382443E-08
  1783.0 -.1162387E-08
  1784.0 0.9801119E-09
  1785.0 0.3009673E-08
  1786.0 0.4894269E-08
  1787.0 0.6605689E-08
  1788.0 0.8119935E-08
  1789.0 0.9417491E-08
  1790.0 0.1048352E-07
  1791.0 0.1130799E-07
  1792.0 0.1188561E-07
  1793.0 0.1221582E-07
  1794.0 0.1230255E-07
  1795.0 0.1215403E-07
  1796.0 0.1178236E-07
  1797.0 0.1120330E-07
  1798.0 0.1043567E-07
  1799.0 0.9500968E-08
  1800.0 0.8422814E-08
  1801.0 0.7226435E-08
  1802.0 0.5938159E-08
  1803.0 0.4584857E-08
  1804.0 0.3193431E-08
  1805.0 0.1790272E-08
  1806.0 0.4008779E-09
  1807.0 -.9506501E-09
  1808.0 -.2241955E-08
  1809.0 -.3452760E-08
  1810.0 -.4565167E-08
  1811.0 -.5563878E-08
  1812.0 -.6436317E-08
  1813.0 -.7172773E-08
  1814.0 -.7766420E-08
  1815.0 -.8213303E-08
  1816.0 -.8512322E-08
  1817.0 -.8664987E-08
  1818.0 -.8675409E-08
  1819.0 -.8549989E-08
  1820.0 -.8297191E-08
  1821.0 -.7927301E-08
  1822.0 -.7452157E-08
  1823.0 -.6884783E-08
  1824.0 -.6239125E-08
  1825.0 -.5529746E-08
  1826.0 -.4771481E-08
  1827.0 -.3979185E-08
  1828.0 -.3167441E-08
  1829.0 -.2350279E-08
  1830.0 -.1540988E-08
  1831.0 -.7518744E-09
  1832.0 0.5880544E-11
  1833.0 0.7223808E-09
  1834.0 0.1389101E-08
  1835.0 0.1998975E-08
  1836.0 0.2546416E-08
  1837.0 0.3027340E-08
  1838.0 0.3439127E-08
  1839.0 0.3780556E-08
  1840.0 0.4051765E-08
  1841.0 0.4254095E-08
  1842.0 0.4390032E-08
  1843.0 0.4463020E-08
  1844.0 0.4477342E-08
  1845.0 0.4437960E-08
  1846.0 0.4350370E-08
  1847.0 0.4220434E-08
  1848.0 0.4054232E-08
  1849.0 0.3857921E-08
  1850.0 0.3637608E-08
  1851.0 0.3399207E-08
  1852.0 0.3148358E-08
  1853.0 0.2890308E-08
  1854.0 0.2629844E-08
  1855.0 0.2371259E-08
  1856.0 0.2118264E-08
  1857.0 0.1874009E-08
  1858.0 0.1641038E-08
  1859.0 0.1421326E-08
  1860.0 0.1216289E-08
  1861.0 0.1026810E-08
  1862.0 0.8532977E-09
  1863.0 0.6957306E-09
  1864.0 0.5537246E-09
  1865.0 0.4265899E-09
  1866.0 0.3133987E-09
  1867.0 0.2130562E-09
  1868.0 0.1243653E-09
  1869.0 0.4608470E-10
  1870.0 -.2301155E-10
  1871.0 -.8407819E-10
  1872.0 -.1381668E-09
  1873.0 -.1861797E-09
  1874.0 -.2288500E-09
  1875.0 -.2667136E-09
  1876.0 -.3001146E-09
  1877.0 -.3291980E-09
  1878.0 -.3539176E-09
  1879.0 -.3740433E-09
  1880.0 -.3892017E-09
  1881.0 -.3988889E-09
  1882.0 -.4025099E-09
  1883.0 -.3994054E-09
  1884.0 -.3889043E-09
  1885.0 -.3703414E-09
  1886.0 -.3431151E-09
  1887.0 -.3067082E-09
  1888.0 -.2607266E-09
  1889.0 -.2049293E-09
  1890.0 -.1392464E-09
  1891.0 -.6380340E-10
  1892.0 0.2106613E-10
  1893.0 0.1148184E-09
  1894.0 0.2166970E-09
  1895.0 0.3257374E-09
  1896.0 0.4407743E-09
  1897.0 0.5604745E-09
  1898.0 0.6833459E-09
  1899.0 0.8077689E-09
  1900.0 0.9320292E-09
  1901.0 0.1054352E-08
  1902.0 0.1172931E-08
  1903.0 0.1285975E-08
  1904.0 0.1391741E-08
  1905.0 0.1488567E-08
  1906.0 0.1574904E-08
  1907.0 0.1649360E-08
  1908.0 0.1710713E-08
  1909.0 0.1757947E-08
  1910.0 0.1790260E-08
  1911.0 0.1807090E-08
  1912.0 0.1808115E-08
  1913.0 0.1793265E-08
  1914.0 0.1762707E-08
  1915.0 0.1716857E-08
  1916.0 0.1656358E-08
  1917.0 0.1582066E-08
  1918.0 0.1495026E-08
  1919.0 0.1396454E-08
  1920.0 0.1287714E-08
  1921.0 0.1170282E-08
  1922.0 0.1045721E-08
  1923.0 0.9156534E-09
  1924.0 0.7817255E-09
  1925.0 0.6455825E-09
  1926.0 0.5088405E-09
  1927.0 0.3730616E-09
  1928.0 0.2397294E-09
  1929.0 0.1102267E-09
  1930.0 -.1417328E-10
  1931.0 -.1323298E-09
  1932.0 -.2432369E-09
  1933.0 -.3460327E-09
  1934.0 -.4400032E-09
  1935.0 -.5245788E-09
  1936.0 -.5993328E-09
  1937.0 -.6639701E-09
  1938.0 -.7183267E-09
  1939.0 -.7623519E-09
  1940.0 -.7960985E-09
  1941.0 -.8197088E-09
  1942.0 -.8334112E-09
  1943.0 -.8374849E-09
  1944.0 -.8322721E-09
  1945.0 -.8181519E-09
  1946.0 -.7955315E-09
  1947.0 -.7648420E-09
  1948.0 -.7265298E-09
  1949.0 -.6810509E-09
  1950.0 -.6288681E-09
  1951.0 -.5704534E-09
  1952.0 -.5062840E-09
  1953.0 -.4368515E-09
  1954.0 -.3626614E-09
  1955.0 -.2842403E-09
  1956.0 -.2021433E-09
  1957.0 -.1169574E-09
  1958.0 -.2931648E-10
  1959.0 0.6010503E-10
  1960.0 0.1505764E-09
  1961.0 0.2413137E-09
  1962.0 0.3314731E-09
  1963.0 0.4201500E-09
  1964.0 0.5063898E-09
  1965.0 0.5891836E-09
  1966.0 0.6674800E-09
  1967.0 0.7401924E-09
  1968.0 0.8062225E-09
  1969.0 0.8644593E-09
  1970.0 0.9138114E-09
  1971.0 0.9532181E-09
  1972.0 0.9816797E-09
  1973.0 0.9982687E-09
  1974.0 0.1002166E-08
  1975.0 0.9926723E-09
  1976.0 0.9692426E-09
  1977.0 0.9314964E-09
  1978.0 0.8792477E-09
  1979.0 0.8125142E-09
  1980.0 0.7315382E-09
  1981.0 0.6367882E-09
  1982.0 0.5289822E-09
  1983.0 0.4090688E-09
  1984.0 0.2782375E-09
  1985.0 0.1379117E-09
  1986.0 -.1027256E-10
  1987.0 -.1644763E-09
  1988.0 -.3226844E-09
  1989.0 -.4827327E-09
  1990.0 -.6423397E-09
  1991.0 -.7991401E-09
  1992.0 -.9507276E-09
  1993.0 -.1094694E-08
  1994.0 -.1228670E-08
  1995.0 -.1350368E-08
  1996.0 -.1457636E-08
  1997.0 -.1548491E-08
  1998.0 -.1621157E-08
  1999.0 -.1674123E-08
  2000.0 -.1706147E-08
  2001.0 -.1716316E-08
  2002.0 -.1704052E-08
  2003.0 -.1669142E-08
  2004.0 -.1611745E-08
  2005.0 -.1532400E-08
  2006.0 -.1432026E-08
  2007.0 -.1311917E-08
  2008.0 -.1173719E-08
  2009.0 -.1019412E-08
  2010.0 -.8512858E-09
  2011.0 -.6718948E-09
  2012.0 -.4840239E-09
  2013.0 -.2906401E-09
  2014.0 -.9484300E-10
  2015.0 0.1001915E-09
  2016.0 0.2912627E-09
  2017.0 0.4752051E-09
  2018.0 0.6489476E-09
  2019.0 0.8095622E-09
  2020.0 0.9543274E-09
  2021.0 0.1080770E-08
  2022.0 0.1186719E-08
  2023.0 0.1270340E-08
  2024.0 0.1330176E-08
  2025.0 0.1365172E-08
  2026.0 0.1374703E-08
  2027.0 0.1358572E-08
  2028.0 0.1317026E-08
  2029.0 0.1250758E-08
  2030.0 0.1160883E-08
  2031.0 0.1048920E-08
  2032.0 0.9167723E-09
  2033.0 0.7666850E-09
  2034.0 0.6012076E-09
  2035.0 0.4231484E-09
  2036.0 0.2355162E-09
  2037.0 0.4147391E-10
  2038.0 -.1557272E-09
  2039.0 -.3528058E-09
  2040.0 -.5465075E-09
  2041.0 -.7336642E-09
  2042.0 -.9112577E-09
  2043.0 -.1076464E-08
  2044.0 -.1226714E-08
  2045.0 -.1359727E-08
  2046.0 -.1473558E-08
  2047.0 -.1566624E-08
  2048.0 -.1637739E-08
  2049.0 -.1686113E-08
  2050.0 -.1711377E-08
  2051.0 -.1713572E-08
  2052.0 -.1693157E-08
  2053.0 -.1650967E-08
  2054.0 -.1588218E-08
  2055.0 -.1506463E-08
  2056.0 -.1407553E-08
  2057.0 -.1293608E-08
  2058.0 -.1166953E-08
  2059.0 -.1030088E-08
  2060.0 -.8856160E-09
  2061.0 -.7362080E-09
  2062.0 -.5845325E-09
  2063.0 -.4332173E-09
  2064.0 -.2847877E-09
  2065.0 -.1416249E-09
  2066.0 -.5919171E-11
  2067.0 0.1203656E-09
  2068.0 0.2355279E-09
  2069.0 0.3381541E-09
  2070.0 0.4271388E-09
  2071.0 0.5016962E-09
  2072.0 0.5613693E-09
  2073.0 0.6060215E-09
  2074.0 0.6358346E-09
  2075.0 0.6512907E-09
  2076.0 0.6531496E-09
  2077.0 0.6424183E-09
  2078.0 0.6203216E-09
  2079.0 0.5882673E-09
  2080.0 0.5477996E-09
  2081.0 0.5005594E-09
  2082.0 0.4482400E-09
  2083.0 0.3925462E-09
  2084.0 0.3351469E-09
  2085.0 0.2776321E-09
  2086.0 0.2214794E-09
  2087.0 0.1680166E-09
  2088.0 0.1183913E-09
  2089.0 0.7354422E-10
  2090.0 0.3419352E-10
  2091.0 0.8183238E-12
  2092.0 -.2634662E-10
  2093.0 -.4731047E-10
  2094.0 -.6232083E-10
  2095.0 -.7184794E-10
  2096.0 -.7656896E-10
  2097.0 -.7734268E-10
  2098.0 -.7517705E-10
  2099.0 -.7119909E-10
  2100.0 -.6661265E-10
  2101.0 -.6266454E-10
  2102.0 -.6059940E-10
  2103.0 -.6161881E-10
  2104.0 -.6684229E-10
  2105.0 -.7726570E-10
  2106.0 -.9372589E-10
  2107.0 -.1168669E-09
  2108.0 -.1471158E-09
  2109.0 -.1846523E-09
  2110.0 -.2294004E-09
  2111.0 -.2810104E-09
  2112.0 -.3388623E-09
  2113.0 -.4020638E-09
  2114.0 -.4694662E-09
  2115.0 -.5396765E-09
  2116.0 -.6110912E-09
  2117.0 -.6819182E-09
  2118.0 -.7502200E-09
  2119.0 -.8139550E-09
  2120.0 -.8710204E-09
  2121.0 -.9193081E-09
  2122.0 -.9567492E-09
  2123.0 -.9813769E-09
  2124.0 -.9913639E-09
  2125.0 -.9850871E-09
  2126.0 -.9611785E-09
  2127.0 -.9185493E-09
  2128.0 -.8564590E-09
  2129.0 -.7745234E-09
  2130.0 -.6727576E-09
  2131.0 -.5515921E-09
  2132.0 -.4118816E-09
  2133.0 -.2549105E-09
  2134.0 -.8238389E-10
  2135.0 0.1035847E-09
  2136.0 0.3005011E-09
  2137.0 0.5055207E-09
  2138.0 0.7154932E-09
  2139.0 0.9270140E-09
  2140.0 0.1136472E-08
  2141.0 0.1340126E-08
  2142.0 0.1534157E-08
  2143.0 0.1714753E-08
  2144.0 0.1878169E-08
  2145.0 0.2020813E-08
  2146.0 0.2139314E-08
  2147.0 0.2230600E-08
  2148.0 0.2291941E-08
  2149.0 0.2321053E-08
  2150.0 0.2316126E-08
  2151.0 0.2275874E-08
  2152.0 0.2199591E-08
  2153.0 0.2087166E-08
  2154.0 0.1939118E-08
  2155.0 0.1756588E-08
  2156.0 0.1541356E-08
  2157.0 0.1295812E-08
  2158.0 0.1022943E-08
  2159.0 0.7262854E-09
  2160.0 0.4098825E-09
  2161.0 0.7822772E-10
  2162.0 -.2638048E-09
  2163.0 -.6110358E-09
  2164.0 -.9580666E-09
  2165.0 -.1299354E-08
  2166.0 -.1629326E-08
  2167.0 -.1942454E-08
  2168.0 -.2233369E-08
  2169.0 -.2496929E-08
  2170.0 -.2728346E-08
  2171.0 -.2923245E-08
  2172.0 -.3077763E-08
  2173.0 -.3188613E-08
  2174.0 -.3253154E-08
  2175.0 -.3269450E-08
  2176.0 -.3236307E-08
  2177.0 -.3153308E-08
  2178.0 -.3020822E-08
  2179.0 -.2840033E-08
  2180.0 -.2612898E-08
  2181.0 -.2342154E-08
  2182.0 -.2031264E-08
  2183.0 -.1684372E-08
  2184.0 -.1306250E-08
  2185.0 -.9022147E-09
  2186.0 -.4780473E-09
  2187.0 -.3991126E-10
  2188.0 0.4057559E-09
  2189.0 0.8523433E-09
  2190.0 0.1293170E-08
  2191.0 0.1721602E-08
  2192.0 0.2131153E-08
  2193.0 0.2515588E-08
  2194.0 0.2869053E-08
  2195.0 0.3186133E-08
  2196.0 0.3461977E-08
  2197.0 0.3692354E-08
  2198.0 0.3873745E-08
  2199.0 0.4003377E-08
  2200.0 0.4079306E-08
  2201.0 0.4100414E-08
  2202.0 0.4066432E-08
  2203.0 0.3977974E-08
  2204.0 0.3836496E-08
  2205.0 0.3644289E-08
  2206.0 0.3404422E-08
  2207.0 0.3120716E-08
  2208.0 0.2797651E-08
  2209.0 0.2440316E-08
  2210.0 0.2054307E-08
  2211.0 0.1645631E-08
  2212.0 0.1220621E-08
  2213.0 0.7858192E-09
  2214.0 0.3478706E-09
  2215.0 -.8659221E-10
  2216.0 -.5110473E-09
  2217.0 -.9192006E-09
  2218.0 -.1305082E-08
  2219.0 -.1663151E-08
  2220.0 -.1988360E-08
  2221.0 -.2276271E-08
  2222.0 -.2523091E-08
  2223.0 -.2725744E-08
  2224.0 -.2881906E-08
  2225.0 -.2990052E-08
  2226.0 -.3049441E-08
  2227.0 -.3060150E-08
  2228.0 -.3023051E-08
  2229.0 -.2939769E-08
  2230.0 -.2812668E-08
  2231.0 -.2644793E-08
  2232.0 -.2439787E-08
  2233.0 -.2201851E-08
  2234.0 -.1935644E-08
  2235.0 -.1646192E-08
  2236.0 -.1338807E-08
  2237.0 -.1018984E-08
  2238.0 -.6923033E-09
  2239.0 -.3643207E-09
  2240.0 -.4049089E-10
  2241.0 0.2739443E-09
  2242.0 0.5740360E-09
  2243.0 0.8552117E-09
  2244.0 0.1113351E-08
  2245.0 0.1344839E-08
  2246.0 0.1546640E-08
  2247.0 0.1716324E-08
  2248.0 0.1852095E-08
  2249.0 0.1952817E-08
  2250.0 0.2018021E-08
  2251.0 0.2047883E-08
  2252.0 0.2043224E-08
  2253.0 0.2005466E-08
  2254.0 0.1936583E-08
  2255.0 0.1839065E-08
  2256.0 0.1715852E-08
  2257.0 0.1570251E-08
  2258.0 0.1405890E-08
  2259.0 0.1226608E-08
  2260.0 0.1036395E-08
  2261.0 0.8392998E-09
  2262.0 0.6393525E-09
  2263.0 0.4404727E-09
  2264.0 0.2464095E-09
  2265.0 0.6065905E-10
  2266.0 -.1135969E-09
  2267.0 -.2735507E-09
  2268.0 -.4168111E-09
  2269.0 -.5414456E-09
  2270.0 -.6460095E-09
  2271.0 -.7295595E-09
  2272.0 -.7916604E-09
  2273.0 -.8323784E-09
  2274.0 -.8522746E-09
  2275.0 -.8523624E-09
  2276.0 -.8340828E-09
  2277.0 -.7992627E-09
  2278.0 -.7500496E-09
  2279.0 -.6888625E-09
  2280.0 -.6183232E-09
  2281.0 -.5411924E-09
  2282.0 -.4602976E-09
  2283.0 -.3784610E-09
  2284.0 -.2984304E-09
  2285.0 -.2228148E-09
  2286.0 -.1540164E-09
  2287.0 -.9417728E-10
  2288.0 -.4512633E-10
  2289.0 -.8334926E-11
  2290.0 0.1511431E-10
  2291.0 0.2455721E-10
  2292.0 0.1975852E-10
  2293.0 0.9190115E-12
  2294.0 -.3133105E-10
  2295.0 -.7594887E-10
  2296.0 -.1315058E-09
  2297.0 -.1962234E-09
  2298.0 -.2680151E-09
  2299.0 -.3445443E-09
  2300.0 -.4232799E-09
  2301.0 -.5015597E-09
  2302.0 -.5766594E-09
  2303.0 -.6458653E-09
  2304.0 -.7065403E-09
  2305.0 -.7561964E-09
  2306.0 -.7925639E-09
  2307.0 -.8136500E-09
  2308.0 -.8177997E-09
  2309.0 -.8037446E-09
  2310.0 -.7706435E-09
  2311.0 -.7181176E-09
  2312.0 -.6462694E-09
  2313.0 -.5556992E-09
  2314.0 -.4474940E-09
  2315.0 -.3232294E-09
  2316.0 -.1849336E-09
  2317.0 -.3505972E-10
  2318.0 0.1235602E-09
  2319.0 0.2877751E-09
  2320.0 0.4541743E-09
  2321.0 0.6191632E-09
  2322.0 0.7790360E-09
  2323.0 0.9300655E-09
  2324.0 0.1068579E-08
  2325.0 0.1191057E-08
  2326.0 0.1294203E-08
  2327.0 0.1375042E-08
  2328.0 0.1430980E-08
  2329.0 0.1459889E-08
  2330.0 0.1460170E-08
  2331.0 0.1430796E-08
  2332.0 0.1371357E-08
  2333.0 0.1282094E-08
  2334.0 0.1163911E-08
  2335.0 0.1018378E-08
  2336.0 0.8477133E-09
  2337.0 0.6547620E-09
  2338.0 0.4429530E-09
  2339.0 0.2162435E-09
  2340.0 -.2095511E-10
  2341.0 -.2638485E-09
  2342.0 -.5073600E-09
  2343.0 -.7462243E-09
  2344.0 -.9750956E-09
  2345.0 -.1188665E-08
  2346.0 -.1381768E-08
  2347.0 -.1549508E-08
  2348.0 -.1687359E-08
  2349.0 -.1791292E-08
  2350.0 -.1857858E-08
  2351.0 -.1884297E-08
  2352.0 -.1868615E-08
  2353.0 -.1809656E-08
  2354.0 -.1707147E-08
  2355.0 -.1561756E-08
  2356.0 -.1375091E-08
  2357.0 -.1149714E-08
  2358.0 -.8891267E-09
  2359.0 -.5977215E-09
  2360.0 -.2807387E-09
  2361.0 0.5581664E-10
  2362.0 0.4052627E-09
  2363.0 0.7603501E-09
  2364.0 0.1113383E-08
  2365.0 0.1456363E-08
  2366.0 0.1781123E-08
  2367.0 0.2079495E-08
  2368.0 0.2343460E-08
  2369.0 0.2565311E-08
  2370.0 0.2737817E-08
  2371.0 0.2854384E-08
  2372.0 0.2909197E-08
  2373.0 0.2897364E-08
  2374.0 0.2815039E-08
  2375.0 0.2659543E-08
  2376.0 0.2429448E-08
  2377.0 0.2124672E-08
  2378.0 0.1746486E-08
  2379.0 0.1297585E-08
  2380.0 0.7820778E-09
  2381.0 0.2054458E-09
  2382.0 -.4254799E-09
  2383.0 -.1102609E-08
  2384.0 -.1816683E-08
  2385.0 -.2557403E-08
  2386.0 -.3313576E-08
  2387.0 -.4073263E-08
  2388.0 -.4823986E-08
  2389.0 -.5552901E-08
  2390.0 -.6247026E-08
  2391.0 -.6893440E-08
  2392.0 -.7479509E-08
  2393.0 -.7993095E-08
  2394.0 -.8422818E-08
  2395.0 -.8758207E-08
  2396.0 -.8989922E-08
  2397.0 -.9109962E-08
  2398.0 -.9111798E-08
  2399.0 -.8990529E-08
