     0.0 0.0000000E+00
     1.0 0.1379617E-17
     2.0 -.2659277E-16
     3.0 -.1787974E-15
     4.0 -.6116125E-15
     5.0 -.1539755E-14
     6.0 -.3229908E-14
     7.0 -.5991969E-14
     8.0 -.1016885E-13
     9.0 -.1612494E-13
    10.0 -.2423354E-13
    11.0 -.3486363E-13
    12.0 -.4836648E-13
    13.0 -.6506238E-13
    14.0 -.8522803E-13
    15.0 -.1090847E-12
    16.0 -.1367876E-12
    17.0 -.1684164E-12
    18.0 -.2039675E-12
    19.0 -.2433479E-12
    20.0 -.2863704E-12
    21.0 -.3327504E-12
    22.0 -.3821047E-12
    23.0 -.4339511E-12
    24.0 -.4877093E-12
    25.0 -.5427037E-12
    26.0 -.5981660E-12
    27.0 -.6532393E-12
    28.0 -.7069832E-12
    29.0 -.7583795E-12
    30.0 -.8063370E-12
    31.0 -.8497005E-12
    32.0 -.8872571E-12
    33.0 -.9177444E-12
    34.0 -.9398621E-12
    35.0 -.9522806E-12
    36.0 -.9536538E-12
    37.0 -.9426337E-12
    38.0 -.9178847E-12
    39.0 -.8781015E-12
    40.0 -.8220260E-12
    41.0 -.7484686E-12
    42.0 -.6563309E-12
    43.0 -.5446267E-12
    44.0 -.4125053E-12
    45.0 -.2592771E-12
    46.0 -.8443468E-13
    47.0 0.1123249E-12
    48.0 0.3310788E-12
    49.0 0.5716634E-12
    50.0 0.8336585E-12
    51.0 0.1116381E-11
    52.0 0.1418878E-11
    53.0 0.1739932E-11
    54.0 0.2078069E-11
    55.0 0.2431576E-11
    56.0 0.2798519E-11
    57.0 0.3176779E-11
    58.0 0.3564088E-11
    59.0 0.3958074E-11
    60.0 0.4356304E-11
    61.0 0.4756344E-11
    62.0 0.5155816E-11
    63.0 0.5552456E-11
    64.0 0.5944164E-11
    65.0 0.6329085E-11
    66.0 0.6705623E-11
    67.0 0.7072526E-11
    68.0 0.7428902E-11
    69.0 0.7774260E-11
    70.0 0.8108525E-11
    71.0 0.8432042E-11
    72.0 0.8745572E-11
    73.0 0.9050271E-11
    74.0 0.9347665E-11
    75.0 0.9639583E-11
    76.0 0.9928112E-11
    77.0 0.1021552E-10
    78.0 0.1050418E-10
    79.0 0.1079646E-10
    80.0 0.1109466E-10
    81.0 0.1140090E-10
    82.0 0.1171702E-10
    83.0 0.1204451E-10
    84.0 0.1238440E-10
    85.0 0.1273720E-10
    86.0 0.1310287E-10
    87.0 0.1348074E-10
    88.0 0.1386949E-10
    89.0 0.1426720E-10
    90.0 0.1467129E-10
    91.0 0.1507862E-10
    92.0 0.1548552E-10
    93.0 0.1588791E-10
    94.0 0.1628137E-10
    95.0 0.1666125E-10
    96.0 0.1702285E-10
    97.0 0.1736150E-10
    98.0 0.1767274E-10
    99.0 0.1795244E-10
   100.0 0.1819697E-10
   101.0 0.1840331E-10
   102.0 0.1856921E-10
   103.0 0.1869341E-10
   104.0 0.1877572E-10
   105.0 0.1881703E-10
   106.0 0.1881935E-10
   107.0 0.1878583E-10
   108.0 0.1872068E-10
   109.0 0.1862905E-10
   110.0 0.1851692E-10
   111.0 0.1839101E-10
   112.0 0.1825851E-10
   113.0 0.1812685E-10
   114.0 0.1800360E-10
   115.0 0.1789610E-10
   116.0 0.1781124E-10
   117.0 0.1775529E-10
   118.0 0.1773361E-10
   119.0 0.1775044E-10
   120.0 0.1780876E-10
   121.0 0.1791008E-10
   122.0 0.1805435E-10
   123.0 0.1823994E-10
   124.0 0.1846353E-10
   125.0 0.1872023E-10
   126.0 0.1900358E-10
   127.0 0.1930573E-10
   128.0 0.1961762E-10
   129.0 0.1992917E-10
   130.0 0.2022952E-10
   131.0 0.2050742E-10
   132.0 0.2075141E-10
   133.0 0.2095025E-10
   134.0 0.2109325E-10
   135.0 0.2117054E-10
   136.0 0.2117342E-10
   137.0 0.2109473E-10
   138.0 0.2092897E-10
   139.0 0.2067264E-10
   140.0 0.2032435E-10
   141.0 0.1988496E-10
   142.0 0.1935763E-10
   143.0 0.1874785E-10
   144.0 0.1806320E-10
   145.0 0.1731348E-10
   146.0 0.1651029E-10
   147.0 0.1566683E-10
   148.0 0.1479765E-10
   149.0 0.1391816E-10
   150.0 0.1304437E-10
   151.0 0.1219241E-10
   152.0 0.1137805E-10
   153.0 0.1061635E-10
   154.0 0.9921143E-11
   155.0 0.9304691E-11
   156.0 0.8777303E-11
   157.0 0.8346972E-11
   158.0 0.8019096E-11
   159.0 0.7796307E-11
   160.0 0.7678308E-11
   161.0 0.7661823E-11
   162.0 0.7740540E-11
   163.0 0.7905299E-11
   164.0 0.8144215E-11
   165.0 0.8442908E-11
   166.0 0.8784873E-11
   167.0 0.9151820E-11
   168.0 0.9524128E-11
   169.0 0.9881328E-11
   170.0 0.1020261E-10
   171.0 0.1046736E-10
   172.0 0.1065566E-10
   173.0 0.1074893E-10
   174.0 0.1073026E-10
   175.0 0.1058503E-10
   176.0 0.1030123E-10
   177.0 0.9869859E-11
   178.0 0.9285249E-11
   179.0 0.8545178E-11
   180.0 0.7651048E-11
   181.0 0.6607919E-11
   182.0 0.5424427E-11
   183.0 0.4112637E-11
   184.0 0.2687780E-11
   185.0 0.1167951E-11
   186.0 -.4262872E-12
   187.0 -.2072436E-11
   188.0 -.3746511E-11
   189.0 -.5423675E-11
   190.0 -.7078792E-11
   191.0 -.8687094E-11
   192.0 -.1022471E-10
   193.0 -.1166936E-10
   194.0 -.1300085E-10
   195.0 -.1420156E-10
   196.0 -.1525706E-10
   197.0 -.1615626E-10
   198.0 -.1689188E-10
   199.0 -.1746063E-10
   200.0 -.1786325E-10
   201.0 -.1810459E-10
   202.0 -.1819356E-10
   203.0 -.1814278E-10
   204.0 -.1796841E-10
   205.0 -.1768984E-10
   206.0 -.1732902E-10
   207.0 -.1691012E-10
   208.0 -.1645888E-10
   209.0 -.1600193E-10
   210.0 -.1556618E-10
   211.0 -.1517820E-10
   212.0 -.1486341E-10
   213.0 -.1464558E-10
   214.0 -.1454616E-10
   215.0 -.1458372E-10
   216.0 -.1477348E-10
   217.0 -.1512694E-10
   218.0 -.1565155E-10
   219.0 -.1635046E-10
   220.0 -.1722246E-10
   221.0 -.1826202E-10
   222.0 -.1945932E-10
   223.0 -.2080053E-10
   224.0 -.2226813E-10
   225.0 -.2384137E-10
   226.0 -.2549672E-10
   227.0 -.2720846E-10
   228.0 -.2894940E-10
   229.0 -.3069150E-10
   230.0 -.3240655E-10
   231.0 -.3406707E-10
   232.0 -.3564674E-10
   233.0 -.3712131E-10
   234.0 -.3846918E-10
   235.0 -.3967196E-10
   236.0 -.4071493E-10
   237.0 -.4158750E-10
   238.0 -.4228350E-10
   239.0 -.4280127E-10
   240.0 -.4314396E-10
   241.0 -.4331917E-10
   242.0 -.4333904E-10
   243.0 -.4321979E-10
   244.0 -.4298130E-10
   245.0 -.4264679E-10
   246.0 -.4224199E-10
   247.0 -.4179464E-10
   248.0 -.4133350E-10
   249.0 -.4088792E-10
   250.0 -.4048673E-10
   251.0 -.4015750E-10
   252.0 -.3992588E-10
   253.0 -.3981469E-10
   254.0 -.3984344E-10
   255.0 -.4002738E-10
   256.0 -.4037730E-10
   257.0 -.4089899E-10
   258.0 -.4159302E-10
   259.0 -.4245460E-10
   260.0 -.4347344E-10
   261.0 -.4463419E-10
   262.0 -.4591630E-10
   263.0 -.4729491E-10
   264.0 -.4874101E-10
   265.0 -.5022245E-10
   266.0 -.5170440E-10
   267.0 -.5315041E-10
   268.0 -.5452333E-10
   269.0 -.5578625E-10
   270.0 -.5690349E-10
   271.0 -.5784157E-10
   272.0 -.5857017E-10
   273.0 -.5906311E-10
   274.0 -.5929923E-10
   275.0 -.5926278E-10
   276.0 -.5894446E-10
   277.0 -.5834146E-10
   278.0 -.5745815E-10
   279.0 -.5630598E-10
   280.0 -.5490342E-10
   281.0 -.5327595E-10
   282.0 -.5145531E-10
   283.0 -.4947929E-10
   284.0 -.4739063E-10
   285.0 -.4523659E-10
   286.0 -.4306741E-10
   287.0 -.4093548E-10
   288.0 -.3889404E-10
   289.0 -.3699594E-10
   290.0 -.3529222E-10
   291.0 -.3383083E-10
   292.0 -.3265536E-10
   293.0 -.3180391E-10
   294.0 -.3130765E-10
   295.0 -.3119026E-10
   296.0 -.3146665E-10
   297.0 -.3214255E-10
   298.0 -.3321395E-10
   299.0 -.3466675E-10
   300.0 -.3647678E-10
   301.0 -.3861004E-10
   302.0 -.4102314E-10
   303.0 -.4366369E-10
   304.0 -.4647158E-10
   305.0 -.4937977E-10
   306.0 -.5231569E-10
   307.0 -.5520286E-10
   308.0 -.5796203E-10
   309.0 -.6051337E-10
   310.0 -.6277808E-10
   311.0 -.6468003E-10
   312.0 -.6614786E-10
   313.0 -.6711644E-10
   314.0 -.6752887E-10
   315.0 -.6733785E-10
   316.0 -.6650680E-10
   317.0 -.6501186E-10
   318.0 -.6284191E-10
   319.0 -.5999987E-10
   320.0 -.5650290E-10
   321.0 -.5238254E-10
   322.0 -.4768460E-10
   323.0 -.4246855E-10
   324.0 -.3680669E-10
   325.0 -.3078311E-10
   326.0 -.2449235E-10
   327.0 -.1803735E-10
   328.0 -.1152800E-10
   329.0 -.5078730E-11
   330.0 0.1193757E-11
   331.0 0.7172844E-11
   332.0 0.1274452E-10
   333.0 0.1779982E-10
   334.0 0.2223739E-10
   335.0 0.2596599E-10
   336.0 0.2890633E-10
   337.0 0.3099366E-10
   338.0 0.3217921E-10
   339.0 0.3243214E-10
   340.0 0.3174020E-10
   341.0 0.3011113E-10
   342.0 0.2757287E-10
   343.0 0.2417362E-10
   344.0 0.1998169E-10
   345.0 0.1508445E-10
   346.0 0.9587277E-11
   347.0 0.3611971E-11
   348.0 -.2705351E-11
   349.0 -.9216549E-11
   350.0 -.1576414E-10
   351.0 -.2218431E-10
   352.0 -.2831006E-10
   353.0 -.3397451E-10
   354.0 -.3901446E-10
   355.0 -.4327365E-10
   356.0 -.4660642E-10
   357.0 -.4888099E-10
   358.0 -.4998236E-10
   359.0 -.4981550E-10
   360.0 -.4830784E-10
   361.0 -.4541137E-10
   362.0 -.4110442E-10
   363.0 -.3539313E-10
   364.0 -.2831178E-10
   365.0 -.1992353E-10
   366.0 -.1031959E-10
   367.0 0.3814364E-12
   368.0 0.1203527E-10
   369.0 0.2447396E-10
   370.0 0.3750850E-10
   371.0 0.5093205E-10
   372.0 0.6452349E-10
   373.0 0.7805140E-10
   374.0 0.9127853E-10
   375.0 0.1039659E-09
   376.0 0.1158780E-09
   377.0 0.1267876E-09
   378.0 0.1364801E-09
   379.0 0.1447587E-09
   380.0 0.1514487E-09
   381.0 0.1564010E-09
   382.0 0.1594973E-09
   383.0 0.1606520E-09
   384.0 0.1598156E-09
   385.0 0.1569766E-09
   386.0 0.1521631E-09
   387.0 0.1454431E-09
   388.0 0.1369247E-09
   389.0 0.1267553E-09
   390.0 0.1151192E-09
   391.0 0.1022360E-09
   392.0 0.8835702E-10
   393.0 0.7376109E-10
   394.0 0.5875007E-10
   395.0 0.4364395E-10
   396.0 0.2877463E-10
   397.0 0.1448019E-10
   398.0 0.1098170E-11
   399.0 -.1104086E-10
   400.0 -.2162003E-10
   401.0 -.3034288E-10
   402.0 -.3693958E-10
   403.0 -.4117328E-10
   404.0 -.4284549E-10
   405.0 -.4180130E-10
   406.0 -.3793373E-10
   407.0 -.3118748E-10
   408.0 -.2156112E-10
   409.0 -.9109522E-11
   410.0 0.6055826E-11
   411.0 0.2376724E-10
   412.0 0.4380199E-10
   413.0 0.6588501E-10
   414.0 0.8969241E-10
   415.0 0.1148562E-09
   416.0 0.1409700E-09
   417.0 0.1675954E-09
   418.0 0.1942694E-09
   419.0 0.2205122E-09
   420.0 0.2458366E-09
   421.0 0.2697554E-09
   422.0 0.2917930E-09
   423.0 0.3114922E-09
   424.0 0.3284257E-09
   425.0 0.3422037E-09
   426.0 0.3524828E-09
   427.0 0.3589751E-09
   428.0 0.3614531E-09
   429.0 0.3597585E-09
   430.0 0.3538055E-09
   431.0 0.3435862E-09
   432.0 0.3291723E-09
   433.0 0.3107172E-09
   434.0 0.2884558E-09
   435.0 0.2627011E-09
   436.0 0.2338445E-09
   437.0 0.2023481E-09
   438.0 0.1687395E-09
   439.0 0.1336052E-09
   440.0 0.9758070E-10
   441.0 0.6134104E-10
   442.0 0.2558961E-10
   443.0 -.8953785E-11
   444.0 -.4156520E-10
   445.0 -.7152975E-10
   446.0 -.9815505E-10
   447.0 -.1207841E-09
   448.0 -.1388090E-09
   449.0 -.1516831E-09
   450.0 -.1589334E-09
   451.0 -.1601710E-09
   452.0 -.1551025E-09
   453.0 -.1435370E-09
   454.0 -.1253950E-09
   455.0 -.1007122E-09
   456.0 -.6964435E-10
   457.0 -.3246901E-10
   458.0 0.1041492E-10
   459.0 0.5848962E-10
   460.0 0.1111218E-09
   461.0 0.1675704E-09
   462.0 0.2269929E-09
   463.0 0.2884584E-09
   464.0 0.3509567E-09
   465.0 0.4134129E-09
   466.0 0.4747038E-09
   467.0 0.5336723E-09
   468.0 0.5891463E-09
   469.0 0.6399545E-09
   470.0 0.6849487E-09
   471.0 0.7230154E-09
   472.0 0.7531051E-09
   473.0 0.7742402E-09
   474.0 0.7855365E-09
   475.0 0.7862219E-09
   476.0 0.7756467E-09
   477.0 0.7533019E-09
   478.0 0.7188255E-09
   479.0 0.6720201E-09
   480.0 0.6128515E-09
   481.0 0.5414622E-09
   482.0 0.4581669E-09
   483.0 0.3634581E-09
   484.0 0.2580009E-09
   485.0 0.1426286E-09
   486.0 0.1833558E-10
   487.0 -.1137330E-09
   488.0 -.2522945E-09
   489.0 -.3959433E-09
   490.0 -.5431653E-09
   491.0 -.6923617E-09
   492.0 -.8418621E-09
   493.0 -.9899532E-09
   494.0 -.1134898E-08
   495.0 -.1274953E-08
   496.0 -.1408404E-08
   497.0 -.1533581E-08
   498.0 -.1648884E-08
   499.0 -.1752799E-08
   500.0 -.1843931E-08
   501.0 -.1921017E-08
   502.0 -.1982939E-08
   503.0 -.2028756E-08
   504.0 -.2057700E-08
   505.0 -.2069201E-08
   506.0 -.2062888E-08
   507.0 -.2038600E-08
   508.0 -.1996392E-08
   509.0 -.1936520E-08
   510.0 -.1859467E-08
   511.0 -.1765908E-08
   512.0 -.1656724E-08
   513.0 -.1532978E-08
   514.0 -.1395906E-08
   515.0 -.1246903E-08
   516.0 -.1087509E-08
   517.0 -.9193763E-09
   518.0 -.7442596E-09
   519.0 -.5639923E-09
   520.0 -.3804588E-09
   521.0 -.1955743E-09
   522.0 -.1125717E-10
   523.0 0.1705911E-09
   524.0 0.3481136E-09
   525.0 0.5195191E-09
   526.0 0.6831032E-09
   527.0 0.8372692E-09
   528.0 0.9805500E-09
   529.0 0.1111617E-08
   530.0 0.1229304E-08
   531.0 0.1332610E-08
   532.0 0.1420722E-08
   533.0 0.1493002E-08
   534.0 0.1549015E-08
   535.0 0.1588511E-08
   536.0 0.1611434E-08
   537.0 0.1617923E-08
   538.0 0.1608285E-08
   539.0 0.1583016E-08
   540.0 0.1542768E-08
   541.0 0.1488344E-08
   542.0 0.1420689E-08
   543.0 0.1340860E-08
   544.0 0.1250029E-08
   545.0 0.1149451E-08
   546.0 0.1040447E-08
   547.0 0.9243939E-09
   548.0 0.8026960E-09
   549.0 0.6767716E-09
   550.0 0.5480396E-09
   551.0 0.4178937E-09
   552.0 0.2876957E-09
   553.0 0.1587541E-09
   554.0 0.3231586E-10
   555.0 -.9044681E-10
   556.0 -.2084448E-09
   557.0 -.3206811E-09
   558.0 -.4262572E-09
   559.0 -.5243748E-09
   560.0 -.6143394E-09
   561.0 -.6955635E-09
   562.0 -.7675632E-09
   563.0 -.8299540E-09
   564.0 -.8824533E-09
   565.0 -.9248705E-09
   566.0 -.9571027E-09
   567.0 -.9791298E-09
   568.0 -.9910094E-09
   569.0 -.9928617E-09
   570.0 -.9848774E-09
   571.0 -.9672928E-09
   572.0 -.9403947E-09
   573.0 -.9045210E-09
   574.0 -.8600330E-09
   575.0 -.8073345E-09
   576.0 -.7468541E-09
   577.0 -.6790455E-09
   578.0 -.6043865E-09
   579.0 -.5233781E-09
   580.0 -.4365431E-09
   581.0 -.3444265E-09
   582.0 -.2475984E-09
   583.0 -.1466530E-09
   584.0 -.4221303E-10
   585.0 0.6506951E-10
   586.0 0.1745101E-09
   587.0 0.2853914E-09
   588.0 0.3969587E-09
   589.0 0.5084227E-09
   590.0 0.6189568E-09
   591.0 0.7276983E-09
   592.0 0.8337493E-09
   593.0 0.9361844E-09
   594.0 0.1034049E-08
   595.0 0.1126371E-08
   596.0 0.1212165E-08
   597.0 0.1290441E-08
   598.0 0.1360216E-08
   599.0 0.1420532E-08
   600.0 0.1470453E-08
   601.0 0.1509098E-08
   602.0 0.1535642E-08
   603.0 0.1549339E-08
   604.0 0.1549532E-08
   605.0 0.1535677E-08
   606.0 0.1507352E-08
   607.0 0.1464267E-08
   608.0 0.1406292E-08
   609.0 0.1333454E-08
   610.0 0.1245960E-08
   611.0 0.1144199E-08
   612.0 0.1028742E-08
   613.0 0.9003623E-09
   614.0 0.7600175E-09
   615.0 0.6088599E-09
   616.0 0.4482234E-09
   617.0 0.2796176E-09
   618.0 0.1047163E-09
   619.0 -.7466298E-10
   620.0 -.2565714E-09
   621.0 -.4389567E-09
   622.0 -.6196835E-09
   623.0 -.7965610E-09
   624.0 -.9673730E-09
   625.0 -.1129913E-08
   626.0 -.1282003E-08
   627.0 -.1421538E-08
   628.0 -.1546517E-08
   629.0 -.1655074E-08
   630.0 -.1745504E-08
   631.0 -.1816303E-08
   632.0 -.1866181E-08
   633.0 -.1894116E-08
   634.0 -.1899330E-08
   635.0 -.1881353E-08
   636.0 -.1840004E-08
   637.0 -.1775430E-08
   638.0 -.1688083E-08
   639.0 -.1578742E-08
   640.0 -.1448491E-08
   641.0 -.1298723E-08
   642.0 -.1131124E-08
   643.0 -.9476434E-09
   644.0 -.7504783E-09
   645.0 -.5420440E-09
   646.0 -.3249432E-09
   647.0 -.1019235E-09
   648.0 0.1241527E-09
   649.0 0.3503560E-09
   650.0 0.5737286E-09
   651.0 0.7913278E-09
   652.0 0.1000273E-08
   653.0 0.1197785E-08
   654.0 0.1381230E-08
   655.0 0.1548163E-08
   656.0 0.1696359E-08
   657.0 0.1823852E-08
   658.0 0.1928962E-08
   659.0 0.2010321E-08
   660.0 0.2066904E-08
   661.0 0.2098033E-08
   662.0 0.2103384E-08
   663.0 0.2083000E-08
   664.0 0.2037298E-08
   665.0 0.1967046E-08
   666.0 0.1873356E-08
   667.0 0.1757664E-08
   668.0 0.1621706E-08
   669.0 0.1467501E-08
   670.0 0.1297298E-08
   671.0 0.1113558E-08
   672.0 0.9189011E-09
   673.0 0.7160711E-09
   674.0 0.5078927E-09
   675.0 0.2972236E-09
   676.0 0.8691004E-10
   677.0 -.1202558E-09
   678.0 -.3215798E-09
   679.0 -.5145067E-09
   680.0 -.6966571E-09
   681.0 -.8658620E-09
   682.0 -.1020190E-08
   683.0 -.1157985E-08
   684.0 -.1277871E-08
   685.0 -.1378772E-08
   686.0 -.1459937E-08
   687.0 -.1520920E-08
   688.0 -.1561595E-08
   689.0 -.1582152E-08
   690.0 -.1583070E-08
   691.0 -.1565111E-08
   692.0 -.1529298E-08
   693.0 -.1476888E-08
   694.0 -.1409338E-08
   695.0 -.1328282E-08
   696.0 -.1235483E-08
   697.0 -.1132814E-08
   698.0 -.1022206E-08
   699.0 -.9056219E-09
   700.0 -.7850083E-09
   701.0 -.6622690E-09
   702.0 -.5392316E-09
   703.0 -.4176106E-09
   704.0 -.2989863E-09
   705.0 -.1847768E-09
   706.0 -.7621898E-10
   707.0 0.2564588E-10
   708.0 0.1199836E-09
   709.0 0.2061724E-09
   710.0 0.2838055E-09
   711.0 0.3526864E-09
   712.0 0.4128199E-09
   713.0 0.4644044E-09
   714.0 0.5078077E-09
   715.0 0.5435529E-09
   716.0 0.5722935E-09
   717.0 0.5947896E-09
   718.0 0.6118763E-09
   719.0 0.6244404E-09
   720.0 0.6333897E-09
   721.0 0.6396190E-09
   722.0 0.6439931E-09
   723.0 0.6473072E-09
   724.0 0.6502729E-09
   725.0 0.6534947E-09
   726.0 0.6574441E-09
   727.0 0.6624528E-09
   728.0 0.6686985E-09
   729.0 0.6762004E-09
   730.0 0.6848131E-09
   731.0 0.6942315E-09
   732.0 0.7039973E-09
   733.0 0.7135109E-09
   734.0 0.7220428E-09
   735.0 0.7287579E-09
   736.0 0.7327337E-09
   737.0 0.7329866E-09
   738.0 0.7285009E-09
   739.0 0.7182576E-09
   740.0 0.7012614E-09
   741.0 0.6765769E-09
   742.0 0.6433534E-09
   743.0 0.6008616E-09
   744.0 0.5485100E-09
   745.0 0.4858808E-09
   746.0 0.4127464E-09
   747.0 0.3290883E-09
   748.0 0.2351107E-09
   749.0 0.1312534E-09
   750.0 0.1819340E-10
   751.0 -.1031547E-09
   752.0 -.2316445E-09
   753.0 -.3659074E-09
   754.0 -.5043689E-09
   755.0 -.6452715E-09
   756.0 -.7866992E-09
   757.0 -.9266042E-09
   758.0 -.1062850E-08
   759.0 -.1193232E-08
   760.0 -.1315537E-08
   761.0 -.1427564E-08
   762.0 -.1527184E-08
   763.0 -.1612369E-08
   764.0 -.1681234E-08
   765.0 -.1732093E-08
   766.0 -.1763476E-08
   767.0 -.1774172E-08
   768.0 -.1763262E-08
   769.0 -.1730136E-08
   770.0 -.1674529E-08
   771.0 -.1596523E-08
   772.0 -.1496554E-08
   773.0 -.1375428E-08
   774.0 -.1234313E-08
   775.0 -.1074711E-08
   776.0 -.8984702E-09
   777.0 -.7077370E-09
   778.0 -.5049389E-09
   779.0 -.2927510E-09
   780.0 -.7404648E-10
   781.0 0.1481398E-09
   782.0 0.3706616E-09
   783.0 0.5903104E-09
   784.0 0.8038715E-09
   785.0 0.1008174E-08
   786.0 0.1200147E-08
   787.0 0.1376867E-08
   788.0 0.1535618E-08
   789.0 0.1673928E-08
   790.0 0.1789624E-08
   791.0 0.1880860E-08
   792.0 0.1946161E-08
   793.0 0.1984439E-08
   794.0 0.1995039E-08
   795.0 0.1977716E-08
   796.0 0.1932668E-08
   797.0 0.1860542E-08
   798.0 0.1762393E-08
   799.0 0.1639702E-08
   800.0 0.1494335E-08
   801.0 0.1328519E-08
   802.0 0.1144800E-08
   803.0 0.9460080E-09
   804.0 0.7352063E-09
   805.0 0.5156429E-09
   806.0 0.2906902E-09
   807.0 0.6379317E-10
   808.0 -.1615905E-09
   809.0 -.3820489E-09
   810.0 -.5942725E-09
   811.0 -.7951144E-09
   812.0 -.9816351E-09
   813.0 -.1151161E-08
   814.0 -.1301320E-08
   815.0 -.1430094E-08
   816.0 -.1535828E-08
   817.0 -.1617284E-08
   818.0 -.1673634E-08
   819.0 -.1704493E-08
   820.0 -.1709905E-08
   821.0 -.1690346E-08
   822.0 -.1646714E-08
   823.0 -.1580294E-08
   824.0 -.1492759E-08
   825.0 -.1386098E-08
   826.0 -.1262615E-08
   827.0 -.1124853E-08
   828.0 -.9755623E-09
   829.0 -.8176417E-09
   830.0 -.6540840E-09
   831.0 -.4879188E-09
   832.0 -.3221570E-09
   833.0 -.1597316E-09
   834.0 -.3450476E-11
   835.0 0.1440643E-09
   836.0 0.2804177E-09
   837.0 0.4034848E-09
   838.0 0.5114493E-09
   839.0 0.6028339E-09
   840.0 0.6765267E-09
   841.0 0.7317911E-09
   842.0 0.7682849E-09
   843.0 0.7860542E-09
   844.0 0.7855255E-09
   845.0 0.7675052E-09
   846.0 0.7331403E-09
   847.0 0.6839078E-09
   848.0 0.6215639E-09
   849.0 0.5481209E-09
   850.0 0.4657908E-09
   851.0 0.3769431E-09
   852.0 0.2840497E-09
   853.0 0.1896371E-09
   854.0 0.9622651E-10
   855.0 0.6285585E-11
   856.0 -.7782661E-10
   857.0 -.1539096E-09
   858.0 -.2199669E-09
   859.0 -.2742458E-09
   860.0 -.3152831E-09
   861.0 -.3419235E-09
   862.0 -.3533553E-09
   863.0 -.3491218E-09
   864.0 -.3291346E-09
   865.0 -.2936739E-09
   866.0 -.2433861E-09
   867.0 -.1792688E-09
   868.0 -.1026547E-09
   869.0 -.1518102E-10
   870.0 0.8124063E-10
   871.0 0.1844660E-09
   872.0 0.2921564E-09
   873.0 0.4018355E-09
   874.0 0.5109290E-09
   875.0 0.6168296E-09
   876.0 0.7169363E-09
   877.0 0.8087283E-09
   878.0 0.8897990E-09
   879.0 0.9579195E-09
   880.0 0.1011080E-08
   881.0 0.1047538E-08
   882.0 0.1065854E-08
   883.0 0.1064926E-08
   884.0 0.1044014E-08
   885.0 0.1002763E-08
   886.0 0.9412138E-09
   887.0 0.8598063E-09
   888.0 0.7593812E-09
   889.0 0.6411602E-09
   890.0 0.5067379E-09
   891.0 0.3580495E-09
   892.0 0.1973401E-09
   893.0 0.2713007E-10
   894.0 -.1498373E-09
   895.0 -.3306304E-09
   896.0 -.5121980E-09
   897.0 -.6914082E-09
   898.0 -.8651139E-09
   899.0 -.1030209E-08
   900.0 -.1183680E-08
   901.0 -.1322665E-08
   902.0 -.1444497E-08
   903.0 -.1546772E-08
   904.0 -.1627367E-08
   905.0 -.1684502E-08
   906.0 -.1716754E-08
   907.0 -.1723097E-08
   908.0 -.1702914E-08
   909.0 -.1656005E-08
   910.0 -.1582603E-08
   911.0 -.1483359E-08
   912.0 -.1359334E-08
   913.0 -.1211983E-08
   914.0 -.1043134E-08
   915.0 -.8549430E-09
   916.0 -.6498716E-09
   917.0 -.4306371E-09
   918.0 -.2001676E-09
   919.0 0.3844300E-10
   920.0 0.2819918E-09
   921.0 0.5272157E-09
   922.0 0.7708459E-09
   923.0 0.1009656E-08
   924.0 0.1240521E-08
   925.0 0.1460457E-08
   926.0 0.1666657E-08
   927.0 0.1856561E-08
   928.0 0.2027852E-08
   929.0 0.2178512E-08
   930.0 0.2306841E-08
   931.0 0.2411467E-08
   932.0 0.2491352E-08
   933.0 0.2545815E-08
   934.0 0.2574519E-08
   935.0 0.2577464E-08
   936.0 0.2554959E-08
   937.0 0.2507634E-08
   938.0 0.2436390E-08
   939.0 0.2342376E-08
   940.0 0.2226963E-08
   941.0 0.2091713E-08
   942.0 0.1938330E-08
   943.0 0.1768631E-08
   944.0 0.1584516E-08
   945.0 0.1387924E-08
   946.0 0.1180796E-08
   947.0 0.9650535E-09
   948.0 0.7425639E-09
   949.0 0.5151147E-09
   950.0 0.2843947E-09
   951.0 0.5197667E-10
   952.0 -.1806880E-09
   953.0 -.4122906E-09
   954.0 -.6416491E-09
   955.0 -.8677185E-09
   956.0 -.1089574E-08
   957.0 -.1306409E-08
   958.0 -.1517509E-08
   959.0 -.1722236E-08
   960.0 -.1920016E-08
   961.0 -.2110303E-08
   962.0 -.2292564E-08
   963.0 -.2466258E-08
   964.0 -.2630797E-08
   965.0 -.2785547E-08
   966.0 -.2929785E-08
   967.0 -.3062713E-08
   968.0 -.3183410E-08
   969.0 -.3290854E-08
   970.0 -.3383913E-08
   971.0 -.3461325E-08
   972.0 -.3521744E-08
   973.0 -.3563723E-08
   974.0 -.3585758E-08
   975.0 -.3586279E-08
   976.0 -.3563720E-08
   977.0 -.3516540E-08
   978.0 -.3443241E-08
   979.0 -.3342440E-08
   980.0 -.3212902E-08
   981.0 -.3053589E-08
   982.0 -.2863702E-08
   983.0 -.2642736E-08
   984.0 -.2390515E-08
   985.0 -.2107237E-08
   986.0 -.1793528E-08
   987.0 -.1450444E-08
   988.0 -.1079525E-08
   989.0 -.6828001E-09
   990.0 -.2628007E-09
   991.0 0.1774378E-09
   992.0 0.6343823E-09
   993.0 0.1104017E-08
   994.0 0.1581876E-08
   995.0 0.2063084E-08
   996.0 0.2542389E-08
   997.0 0.3014240E-08
   998.0 0.3472842E-08
   999.0 0.3912227E-08
  1000.0 0.4326351E-08
  1001.0 0.4709173E-08
  1002.0 0.5054736E-08
  1003.0 0.5357315E-08
  1004.0 0.5611429E-08
  1005.0 0.5812019E-08
  1006.0 0.5954517E-08
  1007.0 0.6034928E-08
  1008.0 0.6049925E-08
  1009.0 0.5996960E-08
  1010.0 0.5874259E-08
  1011.0 0.5680985E-08
  1012.0 0.5417220E-08
  1013.0 0.5084005E-08
  1014.0 0.4683399E-08
  1015.0 0.4218464E-08
  1016.0 0.3693236E-08
  1017.0 0.3112741E-08
  1018.0 0.2482929E-08
  1019.0 0.1810618E-08
  1020.0 0.1103427E-08
  1021.0 0.3696819E-09
  1022.0 -.3816866E-09
  1023.0 -.1141257E-08
  1024.0 -.1899239E-08
  1025.0 -.2645631E-08
  1026.0 -.3370332E-08
  1027.0 -.4063319E-08
  1028.0 -.4714787E-08
  1029.0 -.5315297E-08
  1030.0 -.5855938E-08
  1031.0 -.6328476E-08
  1032.0 -.6725464E-08
  1033.0 -.7040403E-08
  1034.0 -.7267873E-08
  1035.0 -.7403580E-08
  1036.0 -.7444519E-08
  1037.0 -.7388941E-08
  1038.0 -.7236547E-08
  1039.0 -.6988361E-08
  1040.0 -.6646876E-08
  1041.0 -.6215940E-08
  1042.0 -.5700783E-08
  1043.0 -.5107928E-08
  1044.0 -.4445110E-08
  1045.0 -.3721220E-08
  1046.0 -.2946118E-08
  1047.0 -.2130550E-08
  1048.0 -.1285968E-08
  1049.0 -.4243850E-09
  1050.0 0.4418293E-09
  1051.0 0.1300108E-08
  1052.0 0.2137894E-08
  1053.0 0.2942820E-08
  1054.0 0.3702917E-08
  1055.0 0.4406782E-08
  1056.0 0.5043770E-08
  1057.0 0.5604188E-08
  1058.0 0.6079403E-08
  1059.0 0.6462022E-08
  1060.0 0.6745996E-08
  1061.0 0.6926747E-08
  1062.0 0.7001227E-08
  1063.0 0.6967987E-08
  1064.0 0.6827187E-08
  1065.0 0.6580656E-08
  1066.0 0.6231797E-08
  1067.0 0.5785629E-08
  1068.0 0.5248609E-08
  1069.0 0.4628656E-08
  1070.0 0.3934934E-08
  1071.0 0.3177757E-08
  1072.0 0.2368444E-08
  1073.0 0.1519099E-08
  1074.0 0.6424696E-09
  1075.0 -.2482899E-09
  1076.0 -.1139801E-08
  1077.0 -.2018682E-08
  1078.0 -.2871768E-08
  1079.0 -.3686297E-08
  1080.0 -.4450135E-08
  1081.0 -.5151939E-08
  1082.0 -.5781381E-08
  1083.0 -.6329268E-08
  1084.0 -.6787698E-08
  1085.0 -.7150201E-08
  1086.0 -.7411817E-08
  1087.0 -.7569181E-08
  1088.0 -.7620576E-08
  1089.0 -.7565916E-08
  1090.0 -.7406820E-08
  1091.0 -.7146482E-08
  1092.0 -.6789661E-08
  1093.0 -.6342636E-08
  1094.0 -.5813006E-08
  1095.0 -.5209610E-08
  1096.0 -.4542396E-08
  1097.0 -.3822154E-08
  1098.0 -.3060499E-08
  1099.0 -.2269492E-08
  1100.0 -.1461572E-08
  1101.0 -.6492759E-09
  1102.0 0.1549372E-09
  1103.0 0.9388987E-09
  1104.0 0.1690936E-08
  1105.0 0.2400045E-08
  1106.0 0.3056085E-08
  1107.0 0.3649927E-08
  1108.0 0.4173607E-08
  1109.0 0.4620405E-08
  1110.0 0.4985013E-08
  1111.0 0.5263550E-08
  1112.0 0.5453629E-08
  1113.0 0.5554374E-08
  1114.0 0.5566436E-08
  1115.0 0.5491919E-08
  1116.0 0.5334361E-08
  1117.0 0.5098657E-08
  1118.0 0.4790893E-08
  1119.0 0.4418306E-08
  1120.0 0.3989103E-08
  1121.0 0.3512282E-08
  1122.0 0.2997489E-08
  1123.0 0.2454848E-08
  1124.0 0.1894761E-08
  1125.0 0.1327698E-08
  1126.0 0.7640555E-09
  1127.0 0.2139314E-09
  1128.0 -.3130186E-09
  1129.0 -.8077705E-09
  1130.0 -.1262073E-08
  1131.0 -.1668583E-08
  1132.0 -.2020996E-08
  1133.0 -.2314119E-08
  1134.0 -.2543972E-08
  1135.0 -.2707836E-08
  1136.0 -.2804273E-08
  1137.0 -.2833134E-08
  1138.0 -.2795551E-08
  1139.0 -.2693888E-08
  1140.0 -.2531679E-08
  1141.0 -.2313534E-08
  1142.0 -.2045063E-08
  1143.0 -.1732727E-08
  1144.0 -.1383715E-08
  1145.0 -.1005803E-08
  1146.0 -.6071862E-09
  1147.0 -.1963329E-09
  1148.0 0.2181939E-09
  1149.0 0.6278909E-09
  1150.0 0.1024479E-08
  1151.0 0.1400065E-08
  1152.0 0.1747273E-08
  1153.0 0.2059398E-08
  1154.0 0.2330502E-08
  1155.0 0.2555542E-08
  1156.0 0.2730442E-08
  1157.0 0.2852164E-08
  1158.0 0.2918760E-08
  1159.0 0.2929395E-08
  1160.0 0.2884336E-08
  1161.0 0.2784966E-08
  1162.0 0.2633724E-08
  1163.0 0.2434057E-08
  1164.0 0.2190335E-08
  1165.0 0.1907781E-08
  1166.0 0.1592328E-08
  1167.0 0.1250528E-08
  1168.0 0.8894257E-09
  1169.0 0.5163883E-09
  1170.0 0.1389922E-09
  1171.0 -.2351407E-09
  1172.0 -.5984805E-09
  1173.0 -.9437322E-09
  1174.0 -.1263980E-08
  1175.0 -.1552812E-08
  1176.0 -.1804436E-08
  1177.0 -.2013782E-08
  1178.0 -.2176606E-08
  1179.0 -.2289558E-08
  1180.0 -.2350226E-08
  1181.0 -.2357206E-08
  1182.0 -.2310082E-08
  1183.0 -.2209465E-08
  1184.0 -.2056942E-08
  1185.0 -.1855062E-08
  1186.0 -.1607267E-08
  1187.0 -.1317824E-08
  1188.0 -.9917419E-09
  1189.0 -.6346706E-09
  1190.0 -.2527762E-09
  1191.0 0.1473586E-09
  1192.0 0.5588762E-09
  1193.0 0.9747814E-09
  1194.0 0.1388053E-08
  1195.0 0.1791801E-08
  1196.0 0.2179382E-08
  1197.0 0.2544530E-08
  1198.0 0.2881465E-08
  1199.0 0.3185007E-08
  1200.0 0.3450653E-08
  1201.0 0.3674683E-08
  1202.0 0.3854207E-08
  1203.0 0.3987197E-08
  1204.0 0.4072537E-08
  1205.0 0.4110039E-08
  1206.0 0.4100412E-08
  1207.0 0.4045256E-08
  1208.0 0.3947016E-08
  1209.0 0.3808912E-08
  1210.0 0.3634877E-08
  1211.0 0.3429465E-08
  1212.0 0.3197753E-08
  1213.0 0.2945232E-08
  1214.0 0.2677672E-08
  1215.0 0.2401028E-08
  1216.0 0.2121297E-08
  1217.0 0.1844386E-08
  1218.0 0.1576011E-08
  1219.0 0.1321553E-08
  1220.0 0.1085964E-08
  1221.0 0.8736574E-09
  1222.0 0.6884187E-09
  1223.0 0.5333310E-09
  1224.0 0.4107163E-09
  1225.0 0.3220772E-09
  1226.0 0.2680918E-09
  1227.0 0.2485820E-09
  1228.0 0.2625383E-09
  1229.0 0.3081388E-09
  1230.0 0.3828025E-09
  1231.0 0.4832409E-09
  1232.0 0.6055438E-09
  1233.0 0.7452728E-09
  1234.0 0.8975594E-09
  1235.0 0.1057218E-08
  1236.0 0.1218875E-08
  1237.0 0.1377090E-08
  1238.0 0.1526482E-08
  1239.0 0.1661873E-08
  1240.0 0.1778393E-08
  1241.0 0.1871606E-08
  1242.0 0.1937631E-08
  1243.0 0.1973221E-08
  1244.0 0.1975869E-08
  1245.0 0.1943861E-08
  1246.0 0.1876330E-08
  1247.0 0.1773296E-08
  1248.0 0.1635672E-08
  1249.0 0.1465260E-08
  1250.0 0.1264717E-08
  1251.0 0.1037509E-08
  1252.0 0.7878445E-09
  1253.0 0.5205821E-09
  1254.0 0.2411282E-09
  1255.0 -.4468150E-10
  1256.0 -.3307101E-09
  1257.0 -.6106725E-09
  1258.0 -.8782658E-09
  1259.0 -.1127341E-08
  1260.0 -.1352031E-08
  1261.0 -.1546920E-08
  1262.0 -.1707175E-08
  1263.0 -.1828682E-08
  1264.0 -.1908151E-08
  1265.0 -.1943242E-08
  1266.0 -.1932623E-08
  1267.0 -.1876055E-08
  1268.0 -.1774408E-08
  1269.0 -.1629692E-08
  1270.0 -.1445037E-08
  1271.0 -.1224665E-08
  1272.0 -.9738138E-09
  1273.0 -.6986571E-09
  1274.0 -.4061918E-09
  1275.0 -.1041042E-09
  1276.0 0.1993870E-09
  1277.0 0.4956968E-09
  1278.0 0.7760556E-09
  1279.0 0.1031709E-08
  1280.0 0.1254104E-08
  1281.0 0.1435107E-08
  1282.0 0.1567177E-08
  1283.0 0.1643579E-08
  1284.0 0.1658540E-08
  1285.0 0.1607422E-08
  1286.0 0.1486871E-08
  1287.0 0.1294912E-08
  1288.0 0.1031061E-08
  1289.0 0.6963824E-09
  1290.0 0.2935092E-09
  1291.0 -.1733462E-09
  1292.0 -.6984373E-09
  1293.0 -.1274551E-08
  1294.0 -.1893111E-08
  1295.0 -.2544324E-08
  1296.0 -.3217321E-08
  1297.0 -.3900382E-08
  1298.0 -.4581128E-08
  1299.0 -.5246777E-08
  1300.0 -.5884376E-08
  1301.0 -.6481071E-08
  1302.0 -.7024399E-08
  1303.0 -.7502518E-08
  1304.0 -.7904482E-08
  1305.0 -.8220478E-08
  1306.0 -.8442112E-08
  1307.0 -.8562529E-08
  1308.0 -.8576682E-08
  1309.0 -.8481406E-08
  1310.0 -.8275608E-08
  1311.0 -.7960274E-08
  1312.0 -.7538556E-08
  1313.0 -.7015732E-08
  1314.0 -.6399161E-08
  1315.0 -.5698204E-08
  1316.0 -.4924060E-08
  1317.0 -.4089610E-08
  1318.0 -.3209203E-08
  1319.0 -.2298384E-08
  1320.0 -.1373641E-08
  1321.0 -.4520894E-09
  1322.0 0.4488464E-09
  1323.0 0.1311765E-08
  1324.0 0.2119625E-08
  1325.0 0.2856092E-08
  1326.0 0.3505860E-08
  1327.0 0.4054967E-08
  1328.0 0.4491095E-08
  1329.0 0.4803846E-08
  1330.0 0.4984938E-08
  1331.0 0.5028450E-08
  1332.0 0.4930949E-08
  1333.0 0.4691592E-08
  1334.0 0.4312203E-08
  1335.0 0.3797256E-08
  1336.0 0.3153855E-08
  1337.0 0.2391623E-08
  1338.0 0.1522562E-08
  1339.0 0.5608536E-09
  1340.0 -.4773673E-09
  1341.0 -.1574291E-08
  1342.0 -.2710745E-08
  1343.0 -.3866536E-08
  1344.0 -.5020808E-08
  1345.0 -.6152413E-08
  1346.0 -.7240302E-08
  1347.0 -.8263909E-08
  1348.0 -.9203494E-08
  1349.0 -.1004056E-07
  1350.0 -.1075816E-07
  1351.0 -.1134122E-07
  1352.0 -.1177678E-07
  1353.0 -.1205425E-07
  1354.0 -.1216563E-07
  1355.0 -.1210560E-07
  1356.0 -.1187165E-07
  1357.0 -.1146411E-07
  1358.0 -.1088608E-07
  1359.0 -.1014344E-07
  1360.0 -.9244691E-08
  1361.0 -.8200804E-08
  1362.0 -.7024953E-08
  1363.0 -.5732348E-08
  1364.0 -.4339881E-08
  1365.0 -.2865846E-08
  1366.0 -.1329570E-08
  1367.0 0.2488904E-09
  1368.0 0.1849150E-08
  1369.0 0.3450834E-08
  1370.0 0.5033918E-08
  1371.0 0.6579096E-08
  1372.0 0.8068064E-08
  1373.0 0.9483793E-08
  1374.0 0.1081082E-07
  1375.0 0.1203547E-07
  1376.0 0.1314597E-07
  1377.0 0.1413263E-07
  1378.0 0.1498787E-07
  1379.0 0.1570636E-07
  1380.0 0.1628491E-07
  1381.0 0.1672242E-07
  1382.0 0.1701993E-07
  1383.0 0.1718020E-07
  1384.0 0.1720786E-07
  1385.0 0.1710897E-07
  1386.0 0.1689091E-07
  1387.0 0.1656215E-07
  1388.0 0.1613188E-07
  1389.0 0.1560995E-07
  1390.0 0.1500644E-07
  1391.0 0.1433146E-07
  1392.0 0.1359496E-07
  1393.0 0.1280652E-07
  1394.0 0.1197508E-07
  1395.0 0.1110892E-07
  1396.0 0.1021542E-07
  1397.0 0.9301007E-08
  1398.0 0.8371131E-08
  1399.0 0.7430218E-08
  1400.0 0.6481728E-08
  1401.0 0.5528200E-08
  1402.0 0.4571317E-08
  1403.0 0.3612072E-08
  1404.0 0.2650886E-08
  1405.0 0.1687772E-08
  1406.0 0.7225314E-09
  1407.0 -.2450696E-09
  1408.0 -.1215113E-08
  1409.0 -.2187335E-08
  1410.0 -.3160978E-08
  1411.0 -.4134590E-08
  1412.0 -.5105963E-08
  1413.0 -.6071956E-08
  1414.0 -.7028453E-08
  1415.0 -.7970369E-08
  1416.0 -.8891581E-08
  1417.0 -.9785015E-08
  1418.0 -.1064274E-07
  1419.0 -.1145605E-07
  1420.0 -.1221568E-07
  1421.0 -.1291193E-07
  1422.0 -.1353497E-07
  1423.0 -.1407499E-07
  1424.0 -.1452258E-07
  1425.0 -.1486897E-07
  1426.0 -.1510618E-07
  1427.0 -.1522755E-07
  1428.0 -.1522778E-07
  1429.0 -.1510333E-07
  1430.0 -.1485247E-07
  1431.0 -.1447564E-07
  1432.0 -.1397556E-07
  1433.0 -.1335716E-07
  1434.0 -.1262779E-07
  1435.0 -.1179714E-07
  1436.0 -.1087718E-07
  1437.0 -.9881995E-08
  1438.0 -.8827593E-08
  1439.0 -.7731674E-08
  1440.0 -.6613309E-08
  1441.0 -.5492562E-08
  1442.0 -.4390141E-08
  1443.0 -.3326919E-08
  1444.0 -.2323490E-08
  1445.0 -.1399730E-08
  1446.0 -.5742617E-09
  1447.0 0.1359647E-09
  1448.0 0.7161449E-09
  1449.0 0.1154028E-08
  1450.0 0.1440290E-08
  1451.0 0.1568872E-08
  1452.0 0.1537214E-08
  1453.0 0.1346481E-08
  1454.0 0.1001635E-08
  1455.0 0.5114906E-09
  1456.0 -.1113812E-09
  1457.0 -.8507696E-09
  1458.0 -.1687119E-08
  1459.0 -.2597800E-08
  1460.0 -.3557588E-08
  1461.0 -.4539123E-08
  1462.0 -.5513477E-08
  1463.0 -.6450810E-08
  1464.0 -.7320976E-08
  1465.0 -.8094291E-08
  1466.0 -.8742207E-08
  1467.0 -.9238073E-08
  1468.0 -.9557780E-08
  1469.0 -.9680472E-08
  1470.0 -.9589177E-08
  1471.0 -.9271342E-08
  1472.0 -.8719314E-08
  1473.0 -.7930697E-08
  1474.0 -.6908705E-08
  1475.0 -.5662211E-08
  1476.0 -.4205861E-08
  1477.0 -.2559922E-08
  1478.0 -.7500783E-09
  1479.0 0.1192961E-08
  1480.0 0.3233921E-08
  1481.0 0.5333617E-08
  1482.0 0.7449689E-08
  1483.0 0.9537414E-08
  1484.0 0.1155062E-07
  1485.0 0.1344274E-07
  1486.0 0.1516773E-07
  1487.0 0.1668134E-07
  1488.0 0.1794191E-07
  1489.0 0.1891163E-07
  1490.0 0.1955752E-07
  1491.0 0.1985228E-07
  1492.0 0.1977519E-07
  1493.0 0.1931286E-07
  1494.0 0.1845977E-07
  1495.0 0.1721884E-07
  1496.0 0.1560158E-07
  1497.0 0.1362817E-07
  1498.0 0.1132753E-07
  1499.0 0.8736895E-08
  1500.0 0.5901392E-08
  1501.0 0.2873344E-08
  1502.0 -.2885418E-09
  1503.0 -.3520249E-08
  1504.0 -.6753589E-08
  1505.0 -.9917514E-08
  1506.0 -.1293958E-07
  1507.0 -.1574743E-07
  1508.0 -.1827031E-07
  1509.0 -.2044078E-07
  1510.0 -.2219614E-07
  1511.0 -.2348000E-07
  1512.0 -.2424382E-07
  1513.0 -.2444812E-07
  1514.0 -.2406377E-07
  1515.0 -.2307289E-07
  1516.0 -.2146977E-07
  1517.0 -.1926132E-07
  1518.0 -.1646756E-07
  1519.0 -.1312148E-07
  1520.0 -.9269065E-08
  1521.0 -.4968630E-08
  1522.0 -.2901019E-09
  1523.0 0.4686031E-08
  1524.0 0.9869980E-08
  1525.0 0.1516426E-07
  1526.0 0.2046534E-07
  1527.0 0.2566575E-07
  1528.0 0.3065599E-07
  1529.0 0.3532688E-07
  1530.0 0.3957177E-07
  1531.0 0.4328878E-07
  1532.0 0.4638339E-07
  1533.0 0.4877016E-07
  1534.0 0.5037531E-07
  1535.0 0.5113827E-07
  1536.0 0.5101368E-07
  1537.0 0.4997279E-07
  1538.0 0.4800451E-07
  1539.0 0.4511648E-07
  1540.0 0.4133546E-07
  1541.0 0.3670745E-07
  1542.0 0.3129754E-07
  1543.0 0.2518928E-07
  1544.0 0.1848358E-07
  1545.0 0.1129727E-07
  1546.0 0.3761435E-08
  1547.0 -.3980738E-08
  1548.0 -.1177640E-07
  1549.0 -.1946572E-07
  1550.0 -.2688478E-07
  1551.0 -.3386872E-07
  1552.0 -.4025483E-07
  1553.0 -.4588589E-07
  1554.0 -.5061342E-07
  1555.0 -.5430068E-07
  1556.0 -.5682603E-07
  1557.0 -.5808529E-07
  1558.0 -.5799489E-07
  1559.0 -.5649346E-07
  1560.0 -.5354421E-07
  1561.0 -.4913628E-07
  1562.0 -.4328551E-07
  1563.0 -.3603503E-07
  1564.0 -.2745556E-07
  1565.0 -.1764449E-07
  1566.0 -.6724902E-08
  1567.0 0.5155767E-08
  1568.0 0.1782810E-07
  1569.0 0.3110296E-07
  1570.0 0.4477477E-07
  1571.0 0.5862455E-07
  1572.0 0.7242388E-07
  1573.0 0.8593839E-07
  1574.0 0.9893290E-07
  1575.0 0.1111740E-06
  1576.0 0.1224365E-06
  1577.0 0.1325052E-06
  1578.0 0.1411814E-06
  1579.0 0.1482853E-06
  1580.0 0.1536598E-06
  1581.0 0.1571740E-06
  1582.0 0.1587267E-06
  1583.0 0.1582468E-06
  1584.0 0.1556974E-06
  1585.0 0.1510750E-06
  1586.0 0.1444113E-06
  1587.0 0.1357727E-06
  1588.0 0.1252592E-06
  1589.0 0.1130035E-06
  1590.0 0.9916880E-07
  1591.0 0.8394591E-07
  1592.0 0.6755065E-07
  1593.0 0.5021909E-07
  1594.0 0.3220441E-07
  1595.0 0.1377177E-07
  1596.0 -.4806555E-08
  1597.0 -.2325579E-07
  1598.0 -.4130408E-07
  1599.0 -.5868779E-07
  1600.0 -.7515607E-07
  1601.0 -.9047610E-07
  1602.0 -.1044376E-06
  1603.0 -.1168567E-06
  1604.0 -.1275800E-06
  1605.0 -.1364876E-06
  1606.0 -.1434950E-06
  1607.0 -.1485560E-06
  1608.0 -.1516627E-06
  1609.0 -.1528465E-06
  1610.0 -.1521772E-06
  1611.0 -.1497627E-06
  1612.0 -.1457451E-06
  1613.0 -.1403004E-06
  1614.0 -.1336323E-06
  1615.0 -.1259706E-06
  1616.0 -.1175653E-06
  1617.0 -.1086814E-06
  1618.0 -.9959356E-07
  1619.0 -.9058096E-07
  1620.0 -.8191957E-07
  1621.0 -.7387856E-07
  1622.0 -.6671227E-07
  1623.0 -.6065525E-07
  1624.0 -.5591715E-07
  1625.0 -.5267694E-07
  1626.0 -.5107897E-07
  1627.0 -.5122875E-07
  1628.0 -.5318995E-07
  1629.0 -.5698224E-07
  1630.0 -.6257905E-07
  1631.0 -.6990805E-07
  1632.0 -.7885033E-07
  1633.0 -.8924281E-07
  1634.0 -.1008791E-06
  1635.0 -.1135143E-06
  1636.0 -.1268673E-06
  1637.0 -.1406266E-06
  1638.0 -.1544558E-06
  1639.0 -.1679989E-06
  1640.0 -.1808882E-06
  1641.0 -.1927502E-06
  1642.0 -.2032138E-06
  1643.0 -.2119172E-06
  1644.0 -.2185165E-06
  1645.0 -.2226907E-06
  1646.0 -.2241518E-06
  1647.0 -.2226487E-06
  1648.0 -.2179756E-06
  1649.0 -.2099754E-06
  1650.0 -.1985451E-06
  1651.0 -.1836396E-06
  1652.0 -.1652749E-06
  1653.0 -.1435275E-06
  1654.0 -.1185378E-06
  1655.0 -.9050753E-07
  1656.0 -.5969817E-07
  1657.0 -.2642857E-07
  1658.0 0.8929193E-08
  1659.0 0.4595528E-07
  1660.0 0.8418782E-07
  1661.0 0.1231299E-06
  1662.0 0.1622570E-06
  1663.0 0.2010261E-06
  1664.0 0.2388837E-06
  1665.0 0.2752751E-06
  1666.0 0.3096534E-06
  1667.0 0.3414907E-06
  1668.0 0.3702849E-06
  1669.0 0.3955683E-06
  1670.0 0.4169197E-06
  1671.0 0.4339683E-06
  1672.0 0.4464021E-06
  1673.0 0.4539734E-06
  1674.0 0.4565054E-06
  1675.0 0.4538936E-06
  1676.0 0.4461101E-06
  1677.0 0.4332052E-06
  1678.0 0.4153065E-06
  1679.0 0.3926176E-06
  1680.0 0.3654163E-06
  1681.0 0.3340507E-06
  1682.0 0.2989329E-06
  1683.0 0.2605352E-06
  1684.0 0.2193794E-06
  1685.0 0.1760323E-06
  1686.0 0.1310945E-06
  1687.0 0.8519133E-07
  1688.0 0.3896250E-07
  1689.0 -.6946602E-08
  1690.0 -.5189717E-07
  1691.0 -.9526629E-07
  1692.0 -.1364572E-06
  1693.0 -.1749095E-06
  1694.0 -.2101072E-06
  1695.0 -.2415874E-06
  1696.0 -.2689471E-06
  1697.0 -.2918522E-06
  1698.0 -.3100378E-06
  1699.0 -.3233164E-06
  1700.0 -.3315787E-06
  1701.0 -.3347956E-06
  1702.0 -.3330166E-06
  1703.0 -.3263698E-06
  1704.0 -.3150585E-06
  1705.0 -.2993583E-06
  1706.0 -.2796097E-06
  1707.0 -.2562129E-06
  1708.0 -.2296208E-06
  1709.0 -.2003301E-06
  1710.0 -.1688728E-06
  1711.0 -.1358065E-06
  1712.0 -.1017043E-06
  1713.0 -.6714631E-07
  1714.0 -.3270715E-07
  1715.0 0.1051436E-08
  1716.0 0.3359153E-07
  1717.0 0.6440725E-07
  1718.0 0.9303356E-07
  1719.0 0.1190531E-06
  1720.0 0.1421026E-06
  1721.0 0.1618797E-06
  1722.0 0.1781453E-06
  1723.0 0.1907274E-06
  1724.0 0.1995234E-06
  1725.0 0.2045000E-06
  1726.0 0.2056926E-06
  1727.0 0.2032026E-06
  1728.0 0.1971958E-06
  1729.0 0.1878970E-06
  1730.0 0.1755836E-06
  1731.0 0.1605816E-06
  1732.0 0.1432572E-06
  1733.0 0.1240086E-06
  1734.0 0.1032589E-06
  1735.0 0.8144740E-07
  1736.0 0.5901975E-07
  1737.0 0.3642105E-07
  1738.0 0.1408600E-07
  1739.0 -.7569018E-08
  1740.0 -.2815305E-07
  1741.0 -.4730822E-07
  1742.0 -.6471582E-07
  1743.0 -.8010139E-07
  1744.0 -.9323985E-07
  1745.0 -.1039582E-06
  1746.0 -.1121382E-06
  1747.0 -.1177172E-06
  1748.0 -.1206886E-06
  1749.0 -.1211005E-06
  1750.0 -.1190534E-06
  1751.0 -.1146969E-06
  1752.0 -.1082258E-06
  1753.0 -.9987502E-07
  1754.0 -.8991358E-07
  1755.0 -.7863800E-07
  1756.0 -.6636617E-07
  1757.0 -.5342930E-07
  1758.0 -.4016458E-07
  1759.0 -.2690826E-07
  1760.0 -.1398766E-07
  1761.0 -.1714442E-08
  1762.0 0.9622131E-08
  1763.0 0.1976135E-07
  1764.0 0.2847648E-07
  1765.0 0.3557940E-07
  1766.0 0.4092433E-07
  1767.0 0.4441109E-07
  1768.0 0.4598618E-07
  1769.0 0.4564449E-07
  1770.0 0.4342825E-07
  1771.0 0.3942662E-07
  1772.0 0.3377261E-07
  1773.0 0.2664036E-07
  1774.0 0.1824099E-07
  1775.0 0.8817834E-08
  1776.0 -.1359534E-08
  1777.0 -.1200104E-07
  1778.0 -.2280280E-07
  1779.0 -.3345386E-07
  1780.0 -.4364380E-07
  1781.0 -.5306887E-07
  1782.0 -.6143976E-07
  1783.0 -.6848728E-07
  1784.0 -.7397001E-07
  1785.0 -.7767851E-07
  1786.0 -.7944114E-07
  1787.0 -.7912789E-07
  1788.0 -.7665417E-07
  1789.0 -.7198319E-07
  1790.0 -.6512659E-07
  1791.0 -.5614657E-07
  1792.0 -.4515366E-07
  1793.0 -.3230596E-07
  1794.0 -.1780642E-07
  1795.0 -.1899251E-08
  1796.0 0.1513443E-07
  1797.0 0.3298178E-07
  1798.0 0.5130443E-07
  1799.0 0.6974442E-07
  1800.0 0.8793148E-07
  1801.0 0.1054902E-06
  1802.0 0.1220476E-06
  1803.0 0.1372397E-06
  1804.0 0.1507208E-06
  1805.0 0.1621680E-06
  1806.0 0.1712892E-06
  1807.0 0.1778302E-06
  1808.0 0.1815777E-06
  1809.0 0.1823668E-06
  1810.0 0.1800818E-06
  1811.0 0.1746620E-06
  1812.0 0.1661019E-06
  1813.0 0.1544520E-06
  1814.0 0.1398208E-06
  1815.0 0.1223696E-06
  1816.0 0.1023139E-06
  1817.0 0.7991864E-07
  1818.0 0.5549384E-07
  1819.0 0.2939002E-07
  1820.0 0.1991578E-08
  1821.0 -.2628843E-07
  1822.0 -.5501671E-07
  1823.0 -.8374625E-07
  1824.0 -.1120243E-06
  1825.0 -.1394006E-06
  1826.0 -.1654351E-06
  1827.0 -.1897045E-06
  1828.0 -.2118122E-06
  1829.0 -.2313925E-06
  1830.0 -.2481191E-06
  1831.0 -.2617092E-06
  1832.0 -.2719299E-06
  1833.0 -.2786007E-06
  1834.0 -.2815989E-06
  1835.0 -.2808594E-06
  1836.0 -.2763776E-06
  1837.0 -.2682075E-06
  1838.0 -.2564631E-06
  1839.0 -.2413142E-06
  1840.0 -.2229854E-06
  1841.0 -.2017513E-06
  1842.0 -.1779304E-06
  1843.0 -.1518821E-06
  1844.0 -.1239987E-06
  1845.0 -.9469942E-07
  1846.0 -.6442293E-07
  1847.0 -.3362027E-07
  1848.0 -.2746967E-08
  1849.0 0.2774446E-07
  1850.0 0.5741183E-07
  1851.0 0.8583081E-07
  1852.0 0.1126019E-06
  1853.0 0.1373561E-06
  1854.0 0.1597611E-06
  1855.0 0.1795272E-06
  1856.0 0.1964098E-06
  1857.0 0.2102143E-06
  1858.0 0.2207982E-06
  1859.0 0.2280726E-06
  1860.0 0.2320026E-06
  1861.0 0.2326081E-06
  1862.0 0.2299611E-06
  1863.0 0.2241851E-06
  1864.0 0.2154505E-06
  1865.0 0.2039722E-06
  1866.0 0.1900050E-06
  1867.0 0.1738377E-06
  1868.0 0.1557883E-06
  1869.0 0.1361979E-06
  1870.0 0.1154239E-06
  1871.0 0.9383450E-07
  1872.0 0.7180159E-07
  1873.0 0.4969426E-07
  1874.0 0.2787283E-07
  1875.0 0.6682590E-08
  1876.0 -.1355141E-07
  1877.0 -.3252987E-07
  1878.0 -.4998351E-07
  1879.0 -.6567700E-07
  1880.0 -.7941274E-07
  1881.0 -.9103228E-07
  1882.0 -.1004188E-06
  1883.0 -.1074984E-06
  1884.0 -.1122391E-06
  1885.0 -.1146510E-06
  1886.0 -.1147853E-06
  1887.0 -.1127314E-06
  1888.0 -.1086146E-06
  1889.0 -.1025929E-06
  1890.0 -.9485326E-07
  1891.0 -.8560715E-07
  1892.0 -.7508631E-07
  1893.0 -.6353742E-07
  1894.0 -.5121809E-07
  1895.0 -.3839070E-07
  1896.0 -.2531848E-07
  1897.0 -.1225997E-07
  1898.0 0.5352543E-09
  1899.0 0.1283106E-07
  1900.0 0.2440862E-07
  1901.0 0.3507011E-07
  1902.0 0.4464153E-07
  1903.0 0.5297538E-07
  1904.0 0.5995246E-07
  1905.0 0.6548358E-07
  1906.0 0.6950965E-07
  1907.0 0.7200244E-07
  1908.0 0.7296419E-07
  1909.0 0.7242601E-07
  1910.0 0.7044683E-07
  1911.0 0.6711164E-07
  1912.0 0.6252868E-07
  1913.0 0.5682627E-07
  1914.0 0.5015093E-07
  1915.0 0.4266268E-07
  1916.0 0.3453247E-07
  1917.0 0.2593804E-07
  1918.0 0.1706057E-07
  1919.0 0.8080911E-08
  1920.0 -.8238296E-09
  1921.0 -.9483565E-08
  1922.0 -.1773838E-07
  1923.0 -.2544131E-07
  1924.0 -.3246058E-07
  1925.0 -.3868202E-07
  1926.0 -.4401046E-07
  1927.0 -.4837131E-07
  1928.0 -.5171070E-07
  1929.0 -.5399685E-07
  1930.0 -.5521898E-07
  1931.0 -.5538785E-07
  1932.0 -.5453369E-07
  1933.0 -.5270637E-07
  1934.0 -.4997254E-07
  1935.0 -.4641463E-07
  1936.0 -.4212825E-07
  1937.0 -.3722018E-07
  1938.0 -.3180575E-07
  1939.0 -.2600620E-07
  1940.0 -.1994655E-07
  1941.0 -.1375240E-07
  1942.0 -.7547909E-08
  1943.0 -.1453137E-08
  1944.0 0.4418078E-08
  1945.0 0.9960214E-08
  1946.0 0.1507787E-07
  1947.0 0.1968726E-07
  1948.0 0.2371760E-07
  1949.0 0.2711194E-07
  1950.0 0.2982801E-07
  1951.0 0.3183834E-07
  1952.0 0.3313047E-07
  1953.0 0.3370657E-07
  1954.0 0.3358298E-07
  1955.0 0.3278942E-07
  1956.0 0.3136782E-07
  1957.0 0.2937103E-07
  1958.0 0.2686158E-07
  1959.0 0.2390978E-07
  1960.0 0.2059234E-07
  1961.0 0.1699039E-07
  1962.0 0.1318779E-07
  1963.0 0.9269210E-08
  1964.0 0.5318528E-08
  1965.0 0.1417065E-08
  1966.0 -.2357930E-08
  1967.0 -.5934714E-08
  1968.0 -.9248303E-08
  1969.0 -.1224161E-07
  1970.0 -.1486618E-07
  1971.0 -.1708301E-07
  1972.0 -.1886294E-07
  1973.0 -.2018687E-07
  1974.0 -.2104580E-07
  1975.0 -.2144050E-07
  1976.0 -.2138142E-07
  1977.0 -.2088788E-07
  1978.0 -.1998725E-07
  1979.0 -.1871447E-07
  1980.0 -.1711045E-07
  1981.0 -.1522158E-07
  1982.0 -.1309814E-07
  1983.0 -.1079326E-07
  1984.0 -.8361704E-08
  1985.0 -.5858633E-08
  1986.0 -.3338402E-08
  1987.0 -.8535027E-09
  1988.0 0.1546498E-08
  1989.0 0.3815870E-08
  1990.0 0.5913546E-08
  1991.0 0.7803808E-08
  1992.0 0.9456808E-08
  1993.0 0.1084898E-07
  1994.0 0.1196331E-07
  1995.0 0.1278931E-07
  1996.0 0.1332319E-07
  1997.0 0.1356746E-07
  1998.0 0.1353072E-07
  1999.0 0.1322712E-07
  2000.0 0.1267604E-07
  2001.0 0.1190115E-07
  2002.0 0.1092996E-07
  2003.0 0.9792953E-08
  2004.0 0.8522764E-08
  2005.0 0.7153428E-08
  2006.0 0.5719586E-08
  2007.0 0.4255635E-08
  2008.0 0.2795012E-08
  2009.0 0.1369510E-08
  2010.0 0.8600285E-11
  2011.0 -.1261090E-08
  2012.0 -.2416263E-08
  2013.0 -.3437322E-08
  2014.0 -.4308650E-08
  2015.0 -.5018794E-08
  2016.0 -.5560541E-08
  2017.0 -.5930873E-08
  2018.0 -.6130883E-08
  2019.0 -.6165536E-08
  2020.0 -.6043389E-08
  2021.0 -.5776238E-08
  2022.0 -.5378730E-08
  2023.0 -.4867800E-08
  2024.0 -.4262280E-08
  2025.0 -.3582304E-08
  2026.0 -.2848794E-08
  2027.0 -.2082899E-08
  2028.0 -.1305532E-08
  2029.0 -.5368342E-09
  2030.0 0.2042672E-09
  2031.0 0.9004513E-09
  2032.0 0.1536384E-08
  2033.0 0.2098965E-08
  2034.0 0.2577610E-08
  2035.0 0.2964348E-08
  2036.0 0.3253958E-08
  2037.0 0.3443943E-08
  2038.0 0.3534513E-08
  2039.0 0.3528456E-08
  2040.0 0.3430954E-08
  2041.0 0.3249362E-08
  2042.0 0.2992957E-08
  2043.0 0.2672587E-08
  2044.0 0.2300357E-08
  2045.0 0.1889281E-08
  2046.0 0.1452866E-08
  2047.0 0.1004788E-08
  2048.0 0.5585196E-09
  2049.0 0.1269547E-09
  2050.0 -.2778684E-09
  2051.0 -.6451039E-09
  2052.0 -.9653128E-09
  2053.0 -.1230678E-08
  2054.0 -.1435182E-08
  2055.0 -.1574716E-08
  2056.0 -.1647111E-08
  2057.0 -.1652187E-08
  2058.0 -.1591684E-08
  2059.0 -.1469185E-08
  2060.0 -.1289979E-08
  2061.0 -.1060879E-08
  2062.0 -.7900243E-09
  2063.0 -.4866405E-09
  2064.0 -.1607632E-09
  2065.0 0.1770152E-09
  2066.0 0.5158576E-09
  2067.0 0.8449454E-09
  2068.0 0.1153774E-08
  2069.0 0.1432428E-08
  2070.0 0.1671806E-08
  2071.0 0.1863877E-08
  2072.0 0.2001866E-08
  2073.0 0.2080404E-08
  2074.0 0.2095678E-08
  2075.0 0.2045495E-08
  2076.0 0.1929356E-08
  2077.0 0.1748419E-08
  2078.0 0.1505502E-08
  2079.0 0.1205003E-08
  2080.0 0.8527505E-09
  2081.0 0.4559080E-09
  2082.0 0.2276970E-10
  2083.0 -.4374432E-09
  2084.0 -.9147771E-09
  2085.0 -.1398814E-08
  2086.0 -.1878889E-08
  2087.0 -.2344361E-08
  2088.0 -.2784833E-08
  2089.0 -.3190403E-08
  2090.0 -.3551901E-08
  2091.0 -.3861049E-08
  2092.0 -.4110711E-08
  2093.0 -.4294966E-08
  2094.0 -.4409319E-08
  2095.0 -.4450725E-08
  2096.0 -.4417685E-08
  2097.0 -.4310261E-08
  2098.0 -.4130087E-08
  2099.0 -.3880288E-08
  2100.0 -.3565428E-08
  2101.0 -.3191414E-08
  2102.0 -.2765345E-08
  2103.0 -.2295354E-08
  2104.0 -.1790445E-08
  2105.0 -.1260288E-08
  2106.0 -.7150141E-09
  2107.0 -.1650154E-09
  2108.0 0.3792819E-09
  2109.0 0.9076301E-09
  2110.0 0.1410149E-08
  2111.0 0.1877544E-08
  2112.0 0.2301264E-08
  2113.0 0.2673677E-08
  2114.0 0.2988200E-08
  2115.0 0.3239418E-08
  2116.0 0.3423179E-08
  2117.0 0.3536648E-08
  2118.0 0.3578340E-08
  2119.0 0.3548143E-08
  2120.0 0.3447272E-08
  2121.0 0.3278247E-08
  2122.0 0.3044813E-08
  2123.0 0.2751836E-08
  2124.0 0.2405198E-08
  2125.0 0.2011669E-08
  2126.0 0.1578754E-08
  2127.0 0.1114541E-08
  2128.0 0.6275334E-09
  2129.0 0.1264828E-09
  2130.0 -.3797605E-09
  2131.0 -.8824433E-09
  2132.0 -.1373041E-08
  2133.0 -.1843414E-08
  2134.0 -.2285966E-08
  2135.0 -.2693719E-08
  2136.0 -.3060469E-08
  2137.0 -.3380845E-08
  2138.0 -.3650387E-08
  2139.0 -.3865612E-08
  2140.0 -.4024016E-08
  2141.0 -.4124114E-08
  2142.0 -.4165392E-08
  2143.0 -.4148358E-08
  2144.0 -.4074417E-08
  2145.0 -.3945856E-08
  2146.0 -.3765791E-08
  2147.0 -.3538029E-08
  2148.0 -.3267035E-08
  2149.0 -.2957817E-08
  2150.0 -.2615799E-08
  2151.0 -.2246763E-08
  2152.0 -.1856696E-08
  2153.0 -.1451724E-08
  2154.0 -.1037990E-08
  2155.0 -.6215651E-09
  2156.0 -.2083717E-09
  2157.0 0.1959188E-09
  2158.0 0.5859422E-09
  2159.0 0.9567155E-09
  2160.0 0.1303672E-08
  2161.0 0.1622725E-08
  2162.0 0.1910289E-08
  2163.0 0.2163307E-08
  2164.0 0.2379259E-08
  2165.0 0.2556185E-08
  2166.0 0.2692657E-08
  2167.0 0.2787798E-08
  2168.0 0.2841231E-08
  2169.0 0.2853098E-08
  2170.0 0.2824001E-08
  2171.0 0.2755007E-08
  2172.0 0.2647574E-08
  2173.0 0.2503575E-08
  2174.0 0.2325204E-08
  2175.0 0.2114994E-08
  2176.0 0.1875754E-08
  2177.0 0.1610537E-08
  2178.0 0.1322631E-08
  2179.0 0.1015496E-08
  2180.0 0.6927681E-09
  2181.0 0.3581964E-09
  2182.0 0.1564200E-10
  2183.0 -.3309670E-09
  2184.0 -.6776587E-09
  2185.0 -.1020439E-08
  2186.0 -.1355328E-08
  2187.0 -.1678391E-08
  2188.0 -.1985762E-08
  2189.0 -.2273687E-08
  2190.0 -.2538532E-08
  2191.0 -.2776849E-08
  2192.0 -.2985386E-08
  2193.0 -.3161160E-08
  2194.0 -.3301429E-08
  2195.0 -.3403813E-08
  2196.0 -.3466252E-08
  2197.0 -.3487103E-08
  2198.0 -.3465151E-08
  2199.0 -.3399629E-08
  2200.0 -.3290268E-08
  2201.0 -.3137323E-08
  2202.0 -.2941566E-08
  2203.0 -.2704333E-08
  2204.0 -.2427514E-08
  2205.0 -.2113556E-08
  2206.0 -.1765446E-08
  2207.0 -.1386711E-08
  2208.0 -.9813765E-09
  2209.0 -.5539419E-09
  2210.0 -.1093279E-09
  2211.0 0.3471726E-09
  2212.0 0.8099583E-09
  2213.0 0.1273187E-08
  2214.0 0.1730855E-08
  2215.0 0.2176877E-08
  2216.0 0.2605182E-08
  2217.0 0.3009793E-08
  2218.0 0.3384922E-08
  2219.0 0.3725081E-08
  2220.0 0.4025144E-08
  2221.0 0.4280473E-08
  2222.0 0.4486956E-08
  2223.0 0.4641140E-08
  2224.0 0.4740242E-08
  2225.0 0.4782268E-08
  2226.0 0.4766001E-08
  2227.0 0.4691099E-08
  2228.0 0.4558069E-08
  2229.0 0.4368311E-08
  2230.0 0.4124068E-08
  2231.0 0.3828451E-08
  2232.0 0.3485393E-08
  2233.0 0.3099578E-08
  2234.0 0.2676391E-08
  2235.0 0.2221849E-08
  2236.0 0.1742482E-08
  2237.0 0.1245274E-08
  2238.0 0.7375224E-09
  2239.0 0.2267307E-09
  2240.0 -.2795038E-09
  2241.0 -.7736251E-09
  2242.0 -.1248239E-08
  2243.0 -.1696228E-08
  2244.0 -.2110886E-08
  2245.0 -.2486022E-08
  2246.0 -.2816065E-08
  2247.0 -.3096154E-08
  2248.0 -.3322233E-08
  2249.0 -.3491123E-08
  2250.0 -.3600550E-08
  2251.0 -.3649213E-08
  2252.0 -.3636782E-08
  2253.0 -.3563933E-08
  2254.0 -.3432311E-08
  2255.0 -.3244500E-08
  2256.0 -.3003988E-08
  2257.0 -.2715103E-08
  2258.0 -.2382943E-08
  2259.0 -.2013256E-08
  2260.0 -.1612383E-08
  2261.0 -.1187122E-08
  2262.0 -.7446065E-09
  2263.0 -.2921986E-09
  2264.0 0.1626491E-09
  2265.0 0.6125205E-09
  2266.0 0.1050157E-08
  2267.0 0.1468578E-08
  2268.0 0.1861205E-08
  2269.0 0.2221960E-08
  2270.0 0.2545375E-08
  2271.0 0.2826658E-08
  2272.0 0.3061791E-08
  2273.0 0.3247558E-08
  2274.0 0.3381633E-08
  2275.0 0.3462558E-08
  2276.0 0.3489775E-08
  2277.0 0.3463645E-08
  2278.0 0.3385391E-08
  2279.0 0.3257071E-08
  2280.0 0.3081547E-08
  2281.0 0.2862405E-08
  2282.0 0.2603888E-08
  2283.0 0.2310803E-08
  2284.0 0.1988431E-08
  2285.0 0.1642447E-08
  2286.0 0.1278782E-08
  2287.0 0.9035404E-09
  2288.0 0.5228869E-09
  2289.0 0.1429409E-09
  2290.0 -.2303272E-09
  2291.0 -.5911903E-09
  2292.0 -.9342535E-09
  2293.0 -.1254541E-08
  2294.0 -.1547569E-08
  2295.0 -.1809393E-08
  2296.0 -.2036675E-08
  2297.0 -.2226723E-08
  2298.0 -.2377493E-08
  2299.0 -.2487625E-08
  2300.0 -.2556442E-08
  2301.0 -.2583934E-08
  2302.0 -.2570726E-08
  2303.0 -.2518067E-08
  2304.0 -.2427782E-08
  2305.0 -.2302204E-08
  2306.0 -.2144138E-08
  2307.0 -.1956793E-08
  2308.0 -.1743709E-08
  2309.0 -.1508699E-08
  2310.0 -.1255763E-08
  2311.0 -.9890299E-09
  2312.0 -.7126836E-09
  2313.0 -.4308938E-09
  2314.0 -.1477564E-09
  2315.0 0.1327665E-09
  2316.0 0.4068993E-09
  2317.0 0.6711011E-09
  2318.0 0.9220982E-09
  2319.0 0.1156933E-08
  2320.0 0.1372969E-08
  2321.0 0.1567928E-08
  2322.0 0.1739888E-08
  2323.0 0.1887295E-08
  2324.0 0.2008962E-08
  2325.0 0.2104050E-08
  2326.0 0.2172081E-08
  2327.0 0.2212892E-08
  2328.0 0.2226643E-08
  2329.0 0.2213761E-08
  2330.0 0.2174946E-08
  2331.0 0.2111132E-08
  2332.0 0.2023465E-08
  2333.0 0.1913268E-08
  2334.0 0.1782029E-08
  2335.0 0.1631361E-08
  2336.0 0.1463004E-08
  2337.0 0.1278774E-08
  2338.0 0.1080578E-08
  2339.0 0.8703765E-09
  2340.0 0.6501835E-09
  2341.0 0.4220453E-09
  2342.0 0.1880432E-09
  2343.0 -.4971859E-10
  2344.0 -.2891185E-09
  2345.0 -.5280187E-09
  2346.0 -.7642753E-09
  2347.0 -.9957334E-09
  2348.0 -.1220240E-08
  2349.0 -.1435650E-08
  2350.0 -.1639825E-08
  2351.0 -.1830649E-08
  2352.0 -.2006048E-08
  2353.0 -.2163993E-08
  2354.0 -.2302515E-08
  2355.0 -.2419741E-08
  2356.0 -.2513898E-08
  2357.0 -.2583348E-08
  2358.0 -.2626620E-08
  2359.0 -.2642427E-08
  2360.0 -.2629700E-08
  2361.0 -.2587622E-08
  2362.0 -.2515655E-08
  2363.0 -.2413572E-08
  2364.0 -.2281475E-08
  2365.0 -.2119836E-08
  2366.0 -.1929503E-08
  2367.0 -.1711735E-08
  2368.0 -.1468186E-08
  2369.0 -.1200937E-08
  2370.0 -.9124843E-09
  2371.0 -.6057355E-09
  2372.0 -.2839904E-09
  2373.0 0.4908172E-10
  2374.0 0.3894659E-09
  2375.0 0.7328481E-09
  2376.0 0.1074657E-08
  2377.0 0.1410117E-08
  2378.0 0.1734311E-08
  2379.0 0.2042247E-08
  2380.0 0.2328929E-08
  2381.0 0.2589421E-08
  2382.0 0.2818946E-08
  2383.0 0.3012954E-08
  2384.0 0.3167203E-08
  2385.0 0.3277831E-08
  2386.0 0.3341451E-08
  2387.0 0.3355213E-08
  2388.0 0.3316864E-08
  2389.0 0.3224826E-08
  2390.0 0.3078225E-08
  2391.0 0.2876962E-08
  2392.0 0.2621713E-08
  2393.0 0.2313976E-08
  2394.0 0.1956073E-08
  2395.0 0.1551133E-08
  2396.0 0.1103084E-08
  2397.0 0.6166267E-09
  2398.0 0.9717928E-10
  2399.0 -.4491705E-09
