     0.0 0.0000000E+00
     1.0 -.1217771E-18
     2.0 0.5686127E-18
     3.0 0.5266363E-17
     4.0 0.1937009E-16
     5.0 0.5041989E-16
     6.0 0.1079160E-15
     7.0 0.2030487E-15
     8.0 0.3483736E-15
     9.0 0.5574349E-15
    10.0 0.8443412E-15
    11.0 0.1223307E-14
    12.0 0.1708176E-14
    13.0 0.2311939E-14
    14.0 0.3046254E-14
    15.0 0.3920984E-14
    16.0 0.4943759E-14
    17.0 0.6119578E-14
    18.0 0.7450441E-14
    19.0 0.8935041E-14
    20.0 0.1056849E-13
    21.0 0.1234213E-13
    22.0 0.1424331E-13
    23.0 0.1625535E-13
    24.0 0.1835742E-13
    25.0 0.2052456E-13
    26.0 0.2272769E-13
    27.0 0.2493369E-13
    28.0 0.2710552E-13
    29.0 0.2920239E-13
    30.0 0.3117999E-13
    31.0 0.3299069E-13
    32.0 0.3458395E-13
    33.0 0.3590658E-13
    34.0 0.3690328E-13
    35.0 0.3751708E-13
    36.0 0.3768994E-13
    37.0 0.3736342E-13
    38.0 0.3647935E-13
    39.0 0.3498073E-13
    40.0 0.3281256E-13
    41.0 0.2992284E-13
    42.0 0.2626354E-13
    43.0 0.2179172E-13
    44.0 0.1647055E-13
    45.0 0.1027050E-13
    46.0 0.3170321E-14
    47.0 -.4841873E-14
    48.0 -.1376775E-13
    49.0 -.2359790E-13
    50.0 -.3431121E-13
    51.0 -.4587444E-13
    52.0 -.5824201E-13
    53.0 -.7135603E-13
    54.0 -.8514669E-13
    55.0 -.9953280E-13
    56.0 -.1144230E-12
    57.0 -.1297165E-12
    58.0 -.1453058E-12
    59.0 -.1610771E-12
    60.0 -.1769137E-12
    61.0 -.1926979E-12
    62.0 -.2083135E-12
    63.0 -.2236492E-12
    64.0 -.2385997E-12
    65.0 -.2530710E-12
    66.0 -.2669804E-12
    67.0 -.2802606E-12
    68.0 -.2928612E-12
    69.0 -.3047510E-12
    70.0 -.3159186E-12
    71.0 -.3263736E-12
    72.0 -.3361475E-12
    73.0 -.3452924E-12
    74.0 -.3538809E-12
    75.0 -.3620038E-12
    76.0 -.3697689E-12
    77.0 -.3772970E-12
    78.0 -.3847201E-12
    79.0 -.3921761E-12
    80.0 -.3998052E-12
    81.0 -.4077468E-12
    82.0 -.4161324E-12
    83.0 -.4250827E-12
    84.0 -.4347030E-12
    85.0 -.4450784E-12
    86.0 -.4562702E-12
    87.0 -.4683125E-12
    88.0 -.4812101E-12
    89.0 -.4949356E-12
    90.0 -.5094296E-12
    91.0 -.5245989E-12
    92.0 -.5403189E-12
    93.0 -.5564354E-12
    94.0 -.5727649E-12
    95.0 -.5891023E-12
    96.0 -.6052224E-12
    97.0 -.6208856E-12
    98.0 -.6358451E-12
    99.0 -.6498516E-12
   100.0 -.6626615E-12
   101.0 -.6740411E-12
   102.0 -.6837776E-12
   103.0 -.6916878E-12
   104.0 -.6976237E-12
   105.0 -.7014773E-12
   106.0 -.7031870E-12
   107.0 -.7027378E-12
   108.0 -.7001666E-12
   109.0 -.6955592E-12
   110.0 -.6890499E-12
   111.0 -.6808201E-12
   112.0 -.6710926E-12
   113.0 -.6601269E-12
   114.0 -.6482117E-12
   115.0 -.6356581E-12
   116.0 -.6227894E-12
   117.0 -.6099330E-12
   118.0 -.5974081E-12
   119.0 -.5855198E-12
   120.0 -.5745456E-12
   121.0 -.5647270E-12
   122.0 -.5562627E-12
   123.0 -.5492996E-12
   124.0 -.5439264E-12
   125.0 -.5401709E-12
   126.0 -.5379945E-12
   127.0 -.5372934E-12
   128.0 -.5378967E-12
   129.0 -.5395752E-12
   130.0 -.5420383E-12
   131.0 -.5449466E-12
   132.0 -.5479178E-12
   133.0 -.5505371E-12
   134.0 -.5523691E-12
   135.0 -.5529696E-12
   136.0 -.5518984E-12
   137.0 -.5487321E-12
   138.0 -.5430788E-12
   139.0 -.5345913E-12
   140.0 -.5229752E-12
   141.0 -.5080048E-12
   142.0 -.4895297E-12
   143.0 -.4674826E-12
   144.0 -.4418854E-12
   145.0 -.4128515E-12
   146.0 -.3805868E-12
   147.0 -.3453881E-12
   148.0 -.3076380E-12
   149.0 -.2677978E-12
   150.0 -.2263974E-12
   151.0 -.1840253E-12
   152.0 -.1413110E-12
   153.0 -.9891377E-13
   154.0 -.5750394E-13
   155.0 -.1774267E-13
   156.0 0.1973372E-13
   157.0 0.5433069E-13
   158.0 0.8551819E-13
   159.0 0.1128422E-12
   160.0 0.1359435E-12
   161.0 0.1545697E-12
   162.0 0.1685854E-12
   163.0 0.1779826E-12
   164.0 0.1828831E-12
   165.0 0.1835439E-12
   166.0 0.1803514E-12
   167.0 0.1738209E-12
   168.0 0.1645824E-12
   169.0 0.1533770E-12
   170.0 0.1410330E-12
   171.0 0.1284546E-12
   172.0 0.1165966E-12
   173.0 0.1064467E-12
   174.0 0.9899734E-13
   175.0 0.9522437E-13
   176.0 0.9605892E-13
   177.0 0.1023632E-12
   178.0 0.1149079E-12
   179.0 0.1343480E-12
   180.0 0.1612027E-12
   181.0 0.1958388E-12
   182.0 0.2384561E-12
   183.0 0.2890755E-12
   184.0 0.3475355E-12
   185.0 0.4134873E-12
   186.0 0.4863979E-12
   187.0 0.5655592E-12
   188.0 0.6500968E-12
   189.0 0.7389892E-12
   190.0 0.8310853E-12
   191.0 0.9251273E-12
   192.0 0.1019784E-11
   193.0 0.1113670E-11
   194.0 0.1205391E-11
   195.0 0.1293563E-11
   196.0 0.1376851E-11
   197.0 0.1454009E-11
   198.0 0.1523896E-11
   199.0 0.1585522E-11
   200.0 0.1638061E-11
   201.0 0.1680884E-11
   202.0 0.1713575E-11
   203.0 0.1735942E-11
   204.0 0.1748028E-11
   205.0 0.1750122E-11
   206.0 0.1742744E-11
   207.0 0.1726645E-11
   208.0 0.1702796E-11
   209.0 0.1672360E-11
   210.0 0.1636676E-11
   211.0 0.1597228E-11
   212.0 0.1555611E-11
   213.0 0.1513493E-11
   214.0 0.1472584E-11
   215.0 0.1434588E-11
   216.0 0.1401171E-11
   217.0 0.1373909E-11
   218.0 0.1354263E-11
   219.0 0.1343530E-11
   220.0 0.1342822E-11
   221.0 0.1353027E-11
   222.0 0.1374791E-11
   223.0 0.1408495E-11
   224.0 0.1454249E-11
   225.0 0.1511880E-11
   226.0 0.1580935E-11
   227.0 0.1660688E-11
   228.0 0.1750156E-11
   229.0 0.1848115E-11
   230.0 0.1953133E-11
   231.0 0.2063595E-11
   232.0 0.2177743E-11
   233.0 0.2293713E-11
   234.0 0.2409588E-11
   235.0 0.2523421E-11
   236.0 0.2633307E-11
   237.0 0.2737408E-11
   238.0 0.2834007E-11
   239.0 0.2921542E-11
   240.0 0.2998650E-11
   241.0 0.3064196E-11
   242.0 0.3117301E-11
   243.0 0.3157364E-11
   244.0 0.3184071E-11
   245.0 0.3197418E-11
   246.0 0.3197694E-11
   247.0 0.3185488E-11
   248.0 0.3161660E-11
   249.0 0.3127334E-11
   250.0 0.3083864E-11
   251.0 0.3032805E-11
   252.0 0.2975871E-11
   253.0 0.2914892E-11
   254.0 0.2851777E-11
   255.0 0.2788455E-11
   256.0 0.2726836E-11
   257.0 0.2668762E-11
   258.0 0.2615960E-11
   259.0 0.2569997E-11
   260.0 0.2532247E-11
   261.0 0.2503850E-11
   262.0 0.2485683E-11
   263.0 0.2478342E-11
   264.0 0.2482129E-11
   265.0 0.2497034E-11
   266.0 0.2522737E-11
   267.0 0.2558624E-11
   268.0 0.2603797E-11
   269.0 0.2657087E-11
   270.0 0.2717103E-11
   271.0 0.2782243E-11
   272.0 0.2850756E-11
   273.0 0.2920771E-11
   274.0 0.2990357E-11
   275.0 0.3057563E-11
   276.0 0.3120473E-11
   277.0 0.3177262E-11
   278.0 0.3226236E-11
   279.0 0.3265887E-11
   280.0 0.3294922E-11
   281.0 0.3312322E-11
   282.0 0.3317348E-11
   283.0 0.3309587E-11
   284.0 0.3288946E-11
   285.0 0.3255687E-11
   286.0 0.3210409E-11
   287.0 0.3154030E-11
   288.0 0.3087794E-11
   289.0 0.3013229E-11
   290.0 0.2932116E-11
   291.0 0.2846440E-11
   292.0 0.2758356E-11
   293.0 0.2670127E-11
   294.0 0.2584068E-11
   295.0 0.2502476E-11
   296.0 0.2427584E-11
   297.0 0.2361487E-11
   298.0 0.2306080E-11
   299.0 0.2263006E-11
   300.0 0.2233598E-11
   301.0 0.2218829E-11
   302.0 0.2219270E-11
   303.0 0.2235070E-11
   304.0 0.2265916E-11
   305.0 0.2311028E-11
   306.0 0.2369164E-11
   307.0 0.2438620E-11
   308.0 0.2517258E-11
   309.0 0.2602541E-11
   310.0 0.2691580E-11
   311.0 0.2781179E-11
   312.0 0.2867927E-11
   313.0 0.2948243E-11
   314.0 0.3018481E-11
   315.0 0.3075014E-11
   316.0 0.3114321E-11
   317.0 0.3133089E-11
   318.0 0.3128303E-11
   319.0 0.3097342E-11
   320.0 0.3038055E-11
   321.0 0.2948861E-11
   322.0 0.2828796E-11
   323.0 0.2677590E-11
   324.0 0.2495701E-11
   325.0 0.2284352E-11
   326.0 0.2045541E-11
   327.0 0.1782029E-11
   328.0 0.1497325E-11
   329.0 0.1195646E-11
   330.0 0.8818396E-12
   331.0 0.5613176E-12
   332.0 0.2399517E-12
   333.0 -.7604564E-13
   334.0 -.3802383E-12
   335.0 -.6661223E-12
   336.0 -.9272618E-12
   337.0 -.1157457E-11
   338.0 -.1350905E-11
   339.0 -.1502336E-11
   340.0 -.1607200E-11
   341.0 -.1661786E-11
   342.0 -.1663366E-11
   343.0 -.1610308E-11
   344.0 -.1502174E-11
   345.0 -.1339796E-11
   346.0 -.1125316E-11
   347.0 -.8622155E-12
   348.0 -.5552899E-12
   349.0 -.2106221E-12
   350.0 0.1645067E-12
   351.0 0.5617097E-12
   352.0 0.9716493E-12
   353.0 0.1384187E-11
   354.0 0.1788587E-11
   355.0 0.2173730E-11
   356.0 0.2528349E-11
   357.0 0.2841283E-11
   358.0 0.3101737E-11
   359.0 0.3299540E-11
   360.0 0.3425412E-11
   361.0 0.3471229E-11
   362.0 0.3430240E-11
   363.0 0.3297306E-11
   364.0 0.3069081E-11
   365.0 0.2744175E-11
   366.0 0.2323272E-11
   367.0 0.1809214E-11
   368.0 0.1207033E-11
   369.0 0.5239339E-12
   370.0 -.2307697E-12
   371.0 -.1045765E-11
   372.0 -.1907913E-11
   373.0 -.2802469E-11
   374.0 -.3713321E-11
   375.0 -.4623311E-11
   376.0 -.5514573E-11
   377.0 -.6368871E-11
   378.0 -.7168030E-11
   379.0 -.7894324E-11
   380.0 -.8530854E-11
   381.0 -.9061999E-11
   382.0 -.9473793E-11
   383.0 -.9754292E-11
   384.0 -.9893911E-11
   385.0 -.9885731E-11
   386.0 -.9725759E-11
   387.0 -.9413108E-11
   388.0 -.8950127E-11
   389.0 -.8342486E-11
   390.0 -.7599190E-11
   391.0 -.6732430E-11
   392.0 -.5757506E-11
   393.0 -.4692575E-11
   394.0 -.3558359E-11
   395.0 -.2377786E-11
   396.0 -.1175573E-11
   397.0 0.2223709E-13
   398.0 0.1188806E-11
   399.0 0.2297034E-11
   400.0 0.3320130E-11
   401.0 0.4232203E-11
   402.0 0.5008822E-11
   403.0 0.5627599E-11
   404.0 0.6068721E-11
   405.0 0.6315429E-11
   406.0 0.6354494E-11
   407.0 0.6176579E-11
   408.0 0.5776563E-11
   409.0 0.5153755E-11
   410.0 0.4312074E-11
   411.0 0.3260066E-11
   412.0 0.2010880E-11
   413.0 0.5821162E-12
   414.0 -.1004396E-11
   415.0 -.2722936E-11
   416.0 -.4544312E-11
   417.0 -.6436348E-11
   418.0 -.8364487E-11
   419.0 -.1029238E-10
   420.0 -.1218260E-10
   421.0 -.1399739E-10
   422.0 -.1569932E-10
   423.0 -.1725218E-10
   424.0 -.1862159E-10
   425.0 -.1977588E-10
   426.0 -.2068659E-10
   427.0 -.2132929E-10
   428.0 -.2168409E-10
   429.0 -.2173615E-10
   430.0 -.2147604E-10
   431.0 -.2090017E-10
   432.0 -.2001088E-10
   433.0 -.1881663E-10
   434.0 -.1733195E-10
   435.0 -.1557732E-10
   436.0 -.1357900E-10
   437.0 -.1136846E-10
   438.0 -.8982174E-11
   439.0 -.6460952E-11
   440.0 -.3849255E-11
   441.0 -.1194485E-11
   442.0 0.1453788E-11
   443.0 0.4044704E-11
   444.0 0.6527021E-11
   445.0 0.8850011E-11
   446.0 0.1096440E-10
   447.0 0.1282333E-10
   448.0 0.1438319E-10
   449.0 0.1560452E-10
   450.0 0.1645287E-10
   451.0 0.1689949E-10
   452.0 0.1692193E-10
   453.0 0.1650476E-10
   454.0 0.1563996E-10
   455.0 0.1432720E-10
   456.0 0.1257421E-10
   457.0 0.1039680E-10
   458.0 0.7818894E-11
   459.0 0.4872320E-11
   460.0 0.1596549E-11
   461.0 -.1961692E-11
   462.0 -.5748987E-11
   463.0 -.9705898E-11
   464.0 -.1376770E-10
   465.0 -.1786526E-10
   466.0 -.2192603E-10
   467.0 -.2587511E-10
   468.0 -.2963625E-10
   469.0 -.3313323E-10
   470.0 -.3629073E-10
   471.0 -.3903591E-10
   472.0 -.4129929E-10
   473.0 -.4301626E-10
   474.0 -.4412801E-10
   475.0 -.4458285E-10
   476.0 -.4433701E-10
   477.0 -.4335585E-10
   478.0 -.4161456E-10
   479.0 -.3909893E-10
   480.0 -.3580589E-10
   481.0 -.3174418E-10
   482.0 -.2693429E-10
   483.0 -.2140885E-10
   484.0 -.1521247E-10
   485.0 -.8401490E-11
   486.0 -.1043515E-11
   487.0 0.6783155E-11
   488.0 0.1499035E-10
   489.0 0.2348108E-10
   490.0 0.3215057E-10
   491.0 0.4088779E-10
   492.0 0.4957671E-10
   493.0 0.5809804E-10
   494.0 0.6633089E-10
   495.0 0.7415450E-10
   496.0 0.8145030E-10
   497.0 0.8810344E-10
   498.0 0.9400503E-10
   499.0 0.9905383E-10
   500.0 0.1031579E-09
   501.0 0.1062366E-09
   502.0 0.1082220E-09
   503.0 0.1090602E-09
   504.0 0.1087126E-09
   505.0 0.1071570E-09
   506.0 0.1043886E-09
   507.0 0.1004199E-09
   508.0 0.9528146E-10
   509.0 0.8902164E-10
   510.0 0.8170600E-10
   511.0 0.7341740E-10
   512.0 0.6425407E-10
   513.0 0.5432904E-10
   514.0 0.4376830E-10
   515.0 0.3270905E-10
   516.0 0.2129776E-10
   517.0 0.9687674E-11
   518.0 -.1963324E-11
   519.0 -.1349544E-10
   520.0 -.2474953E-10
   521.0 -.3556986E-10
   522.0 -.4580656E-10
   523.0 -.5531869E-10
   524.0 -.6397616E-10
   525.0 -.7166260E-10
   526.0 -.7827713E-10
   527.0 -.8373653E-10
   528.0 -.8797689E-10
   529.0 -.9095430E-10
   530.0 -.9264668E-10
   531.0 -.9305359E-10
   532.0 -.9219660E-10
   533.0 -.9011947E-10
   534.0 -.8688621E-10
   535.0 -.8258175E-10
   536.0 -.7730901E-10
   537.0 -.7118769E-10
   538.0 -.6435207E-10
   539.0 -.5694829E-10
   540.0 -.4913205E-10
   541.0 -.4106507E-10
   542.0 -.3291266E-10
   543.0 -.2484017E-10
   544.0 -.1700991E-10
   545.0 -.9578065E-11
   546.0 -.2691625E-11
   547.0 0.3514386E-11
   548.0 0.8919697E-11
   549.0 0.1342094E-10
   550.0 0.1693365E-10
   551.0 0.1939408E-10
   552.0 0.2076014E-10
   553.0 0.2101240E-10
   554.0 0.2015417E-10
   555.0 0.1821134E-10
   556.0 0.1523179E-10
   557.0 0.1128461E-10
   558.0 0.6457909E-11
   559.0 0.8572507E-12
   560.0 -.5396625E-11
   561.0 -.1217047E-10
   562.0 -.1932143E-10
   563.0 -.2670011E-10
   564.0 -.3415375E-10
   565.0 -.4152952E-10
   566.0 -.4867756E-10
   567.0 -.5545467E-10
   568.0 -.6172660E-10
   569.0 -.6737130E-10
   570.0 -.7228140E-10
   571.0 -.7636614E-10
   572.0 -.7955338E-10
   573.0 -.8179092E-10
   574.0 -.8304718E-10
   575.0 -.8331211E-10
   576.0 -.8259663E-10
   577.0 -.8093239E-10
   578.0 -.7837070E-10
   579.0 -.7498121E-10
   580.0 -.7085000E-10
   581.0 -.6607732E-10
   582.0 -.6077533E-10
   583.0 -.5506500E-10
   584.0 -.4907385E-10
   585.0 -.4293194E-10
   586.0 -.3676997E-10
   587.0 -.3071520E-10
   588.0 -.2488910E-10
   589.0 -.1940471E-10
   590.0 -.1436367E-10
   591.0 -.9854385E-11
   592.0 -.5950058E-11
   593.0 -.2707237E-11
   594.0 -.1647100E-12
   595.0 0.1656914E-11
   596.0 0.2755373E-11
   597.0 0.3146622E-11
   598.0 0.2863843E-11
   599.0 0.1956108E-11
   600.0 0.4871553E-12
   601.0 -.1466916E-11
   602.0 -.3819675E-11
   603.0 -.6476956E-11
   604.0 -.9339532E-11
   605.0 -.1230565E-10
   606.0 -.1527418E-10
   607.0 -.1814723E-10
   608.0 -.2083267E-10
   609.0 -.2324655E-10
   610.0 -.2531579E-10
   611.0 -.2697946E-10
   612.0 -.2819085E-10
   613.0 -.2891837E-10
   614.0 -.2914640E-10
   615.0 -.2887540E-10
   616.0 -.2812224E-10
   617.0 -.2691924E-10
   618.0 -.2531310E-10
   619.0 -.2336375E-10
   620.0 -.2114242E-10
   621.0 -.1872952E-10
   622.0 -.1621233E-10
   623.0 -.1368234E-10
   624.0 -.1123266E-10
   625.0 -.8955046E-11
   626.0 -.6937533E-11
   627.0 -.5261317E-11
   628.0 -.3998547E-11
   629.0 -.3209864E-11
   630.0 -.2942586E-11
   631.0 -.3228899E-11
   632.0 -.4084843E-11
   633.0 -.5509132E-11
   634.0 -.7483198E-11
   635.0 -.9971011E-11
   636.0 -.1291988E-10
   637.0 -.1626139E-10
   638.0 -.1991283E-10
   639.0 -.2377939E-10
   640.0 -.2775607E-10
   641.0 -.3173063E-10
   642.0 -.3558595E-10
   643.0 -.3920365E-10
   644.0 -.4246661E-10
   645.0 -.4526250E-10
   646.0 -.4748648E-10
   647.0 -.4904451E-10
   648.0 -.4985568E-10
   649.0 -.4985494E-10
   650.0 -.4899490E-10
   651.0 -.4724764E-10
   652.0 -.4460569E-10
   653.0 -.4108306E-10
   654.0 -.3671492E-10
   655.0 -.3155766E-10
   656.0 -.2568771E-10
   657.0 -.1920023E-10
   658.0 -.1220713E-10
   659.0 -.4834904E-11
   660.0 0.2778566E-11
   661.0 0.1048648E-10
   662.0 0.1813700E-10
   663.0 0.2557651E-10
   664.0 0.3265307E-10
   665.0 0.3922063E-10
   666.0 0.4514160E-10
   667.0 0.5029126E-10
   668.0 0.5456010E-10
   669.0 0.5785694E-10
   670.0 0.6011139E-10
   671.0 0.6127522E-10
   672.0 0.6132458E-10
   673.0 0.6025992E-10
   674.0 0.5810710E-10
   675.0 0.5491628E-10
   676.0 0.5076156E-10
   677.0 0.4573922E-10
   678.0 0.3996588E-10
   679.0 0.3357556E-10
   680.0 0.2671715E-10
   681.0 0.1955093E-10
   682.0 0.1224490E-10
   683.0 0.4971070E-11
   684.0 -.2098554E-11
   685.0 -.8795751E-11
   686.0 -.1496023E-10
   687.0 -.2044284E-10
   688.0 -.2510955E-10
   689.0 -.2884403E-10
   690.0 -.3155051E-10
   691.0 -.3315587E-10
   692.0 -.3361146E-10
   693.0 -.3289363E-10
   694.0 -.3100461E-10
   695.0 -.2797217E-10
   696.0 -.2384879E-10
   697.0 -.1871001E-10
   698.0 -.1265298E-10
   699.0 -.5793526E-11
   700.0 0.1736639E-11
   701.0 0.9793165E-11
   702.0 0.1822263E-10
   703.0 0.2686648E-10
   704.0 0.3556484E-10
   705.0 0.4416030E-10
   706.0 0.5250178E-10
   707.0 0.6044834E-10
   708.0 0.6787216E-10
   709.0 0.7466181E-10
   710.0 0.8072436E-10
   711.0 0.8598785E-10
   712.0 0.9040241E-10
   713.0 0.9394108E-10
   714.0 0.9660017E-10
   715.0 0.9839875E-10
   716.0 0.9937744E-10
   717.0 0.9959733E-10
   718.0 0.9913711E-10
   719.0 0.9809074E-10
   720.0 0.9656472E-10
   721.0 0.9467407E-10
   722.0 0.9253913E-10
   723.0 0.9028141E-10
   724.0 0.8802026E-10
   725.0 0.8586851E-10
   726.0 0.8392986E-10
   727.0 0.8229450E-10
   728.0 0.8103691E-10
   729.0 0.8021345E-10
   730.0 0.7986008E-10
   731.0 0.7999144E-10
   732.0 0.8060006E-10
   733.0 0.8165649E-10
   734.0 0.8311002E-10
   735.0 0.8489021E-10
   736.0 0.8690863E-10
   737.0 0.8906209E-10
   738.0 0.9123556E-10
   739.0 0.9330588E-10
   740.0 0.9514608E-10
   741.0 0.9662942E-10
   742.0 0.9763445E-10
   743.0 0.9804885E-10
   744.0 0.9777436E-10
   745.0 0.9673099E-10
   746.0 0.9486027E-10
   747.0 0.9212964E-10
   748.0 0.8853401E-10
   749.0 0.8409871E-10
   750.0 0.7888040E-10
   751.0 0.7296738E-10
   752.0 0.6647925E-10
   753.0 0.5956561E-10
   754.0 0.5240293E-10
   755.0 0.4519270E-10
   756.0 0.3815567E-10
   757.0 0.3152825E-10
   758.0 0.2555600E-10
   759.0 0.2048790E-10
   760.0 0.1656956E-10
   761.0 0.1403624E-10
   762.0 0.1310549E-10
   763.0 0.1397092E-10
   764.0 0.1679446E-10
   765.0 0.2170046E-10
   766.0 0.2876986E-10
   767.0 0.3803509E-10
   768.0 0.4947574E-10
   769.0 0.6301602E-10
   770.0 0.7852276E-10
   771.0 0.9580441E-10
   772.0 0.1146126E-09
   773.0 0.1346440E-09
   774.0 0.1555449E-09
   775.0 0.1769143E-09
   776.0 0.1983136E-09
   777.0 0.2192714E-09
   778.0 0.2392948E-09
   779.0 0.2578783E-09
   780.0 0.2745142E-09
   781.0 0.2887048E-09
   782.0 0.2999750E-09
   783.0 0.3078825E-09
   784.0 0.3120303E-09
   785.0 0.3120794E-09
   786.0 0.3077563E-09
   787.0 0.2988665E-09
   788.0 0.2853012E-09
   789.0 0.2670423E-09
   790.0 0.2441721E-09
   791.0 0.2168730E-09
   792.0 0.1854304E-09
   793.0 0.1502316E-09
   794.0 0.1117623E-09
   795.0 0.7060209E-10
   796.0 0.2741568E-10
   797.0 -.1705611E-10
   798.0 -.6200887E-10
   799.0 -.1065882E-09
   800.0 -.1499061E-09
   801.0 -.1910562E-09
   802.0 -.2291345E-09
   803.0 -.2632565E-09
   804.0 -.2925766E-09
   805.0 -.3163091E-09
   806.0 -.3337463E-09
   807.0 -.3442751E-09
   808.0 -.3473985E-09
   809.0 -.3427457E-09
   810.0 -.3300891E-09
   811.0 -.3093530E-09
   812.0 -.2806250E-09
   813.0 -.2441571E-09
   814.0 -.2003710E-09
   815.0 -.1498548E-09
   816.0 -.9335940E-10
   817.0 -.3178851E-10
   818.0 0.3381153E-10
   819.0 0.1022688E-09
   820.0 0.1723034E-09
   821.0 0.2425491E-09
   822.0 0.3115778E-09
   823.0 0.3779262E-09
   824.0 0.4401233E-09
   825.0 0.4967197E-09
   826.0 0.5463201E-09
   827.0 0.5876086E-09
   828.0 0.6193834E-09
   829.0 0.6405831E-09
   830.0 0.6503141E-09
   831.0 0.6478741E-09
   832.0 0.6327739E-09
   833.0 0.6047581E-09
   834.0 0.5638119E-09
   835.0 0.5101798E-09
   836.0 0.4443645E-09
   837.0 0.3671262E-09
   838.0 0.2794807E-09
   839.0 0.1826855E-09
   840.0 0.7822528E-10
   841.0 -.3221047E-10
   842.0 -.1467528E-09
   843.0 -.2633840E-09
   844.0 -.3799734E-09
   845.0 -.4943146E-09
   846.0 -.6041664E-09
   847.0 -.7072966E-09
   848.0 -.8015265E-09
   849.0 -.8847766E-09
   850.0 -.9551089E-09
   851.0 -.1010771E-08
   852.0 -.1050245E-08
   853.0 -.1072268E-08
   854.0 -.1075885E-08
   855.0 -.1060465E-08
   856.0 -.1025732E-08
   857.0 -.9717754E-09
   858.0 -.8990734E-09
   859.0 -.8084802E-09
   860.0 -.7012349E-09
   861.0 -.5789408E-09
   862.0 -.4435556E-09
   863.0 -.2973566E-09
   864.0 -.1429106E-09
   865.0 0.1696895E-10
   866.0 0.1792667E-09
   867.0 0.3408195E-09
   868.0 0.4983736E-09
   869.0 0.6486441E-09
   870.0 0.7883783E-09
   871.0 0.9144233E-09
   872.0 0.1023787E-08
   873.0 0.1113703E-08
   874.0 0.1181695E-08
   875.0 0.1225627E-08
   876.0 0.1243765E-08
   877.0 0.1234817E-08
   878.0 0.1197974E-08
   879.0 0.1132946E-08
   880.0 0.1039980E-08
   881.0 0.9198633E-09
   882.0 0.7739475E-09
   883.0 0.6041210E-09
   884.0 0.4127970E-09
   885.0 0.2028858E-09
   886.0 -.2225319E-10
   887.0 -.2588536E-09
   888.0 -.5028061E-09
   889.0 -.7497264E-09
   890.0 -.9950298E-09
   891.0 -.1234014E-08
   892.0 -.1461944E-08
   893.0 -.1674148E-08
   894.0 -.1866092E-08
   895.0 -.2033494E-08
   896.0 -.2172400E-08
   897.0 -.2279264E-08
   898.0 -.2351043E-08
   899.0 -.2385264E-08
   900.0 -.2380088E-08
   901.0 -.2334364E-08
   902.0 -.2247677E-08
   903.0 -.2120368E-08
   904.0 -.1953572E-08
   905.0 -.1749201E-08
   906.0 -.1509941E-08
   907.0 -.1239228E-08
   908.0 -.9412043E-09
   909.0 -.6206637E-09
   910.0 -.2829819E-09
   911.0 0.6596374E-10
   912.0 0.4198885E-09
   913.0 0.7722034E-09
   914.0 0.1116130E-08
   915.0 0.1444816E-08
   916.0 0.1751465E-08
   917.0 0.2029451E-08
   918.0 0.2272464E-08
   919.0 0.2474627E-08
   920.0 0.2630604E-08
   921.0 0.2735736E-08
   922.0 0.2786140E-08
   923.0 0.2778792E-08
   924.0 0.2711630E-08
   925.0 0.2583603E-08
   926.0 0.2394745E-08
   927.0 0.2146173E-08
   928.0 0.1840148E-08
   929.0 0.1480031E-08
   930.0 0.1070286E-08
   931.0 0.6164173E-09
   932.0 0.1249244E-09
   933.0 -.3967915E-09
   934.0 -.9405239E-09
   935.0 -.1497380E-08
   936.0 -.2057908E-08
   937.0 -.2612243E-08
   938.0 -.3150268E-08
   939.0 -.3661763E-08
   940.0 -.4136594E-08
   941.0 -.4564889E-08
   942.0 -.4937174E-08
   943.0 -.5244578E-08
   944.0 -.5479014E-08
   945.0 -.5633284E-08
   946.0 -.5701254E-08
   947.0 -.5677999E-08
   948.0 -.5559895E-08
   949.0 -.5344721E-08
   950.0 -.5031749E-08
   951.0 -.4621759E-08
   952.0 -.4117120E-08
   953.0 -.3521759E-08
   954.0 -.2841147E-08
   955.0 -.2082269E-08
   956.0 -.1253530E-08
   957.0 -.3646766E-09
   958.0 0.5733257E-09
   959.0 0.1548437E-08
   960.0 0.2547700E-08
   961.0 0.3557417E-08
   962.0 0.4563341E-08
   963.0 0.5550891E-08
   964.0 0.6505352E-08
   965.0 0.7412132E-08
   966.0 0.8256894E-08
   967.0 0.9025936E-08
   968.0 0.9706214E-08
   969.0 0.1028575E-07
   970.0 0.1075369E-07
   971.0 0.1110051E-07
   972.0 0.1131825E-07
   973.0 0.1140062E-07
   974.0 0.1134309E-07
   975.0 0.1114306E-07
   976.0 0.1079985E-07
   977.0 0.1031480E-07
   978.0 0.9691292E-08
   979.0 0.8934687E-08
   980.0 0.8052267E-08
   981.0 0.7053274E-08
   982.0 0.5948647E-08
   983.0 0.4750976E-08
   984.0 0.3474335E-08
   985.0 0.2134096E-08
   986.0 0.7467084E-09
   987.0 -.6705121E-09
   988.0 -.2099624E-08
   989.0 -.3522309E-08
   990.0 -.4920124E-08
   991.0 -.6274802E-08
   992.0 -.7568423E-08
   993.0 -.8783811E-08
   994.0 -.9904635E-08
   995.0 -.1091578E-07
   996.0 -.1180345E-07
   997.0 -.1255550E-07
   998.0 -.1316152E-07
   999.0 -.1361306E-07
  1000.0 -.1390369E-07
  1001.0 -.1402916E-07
  1002.0 -.1398750E-07
  1003.0 -.1377899E-07
  1004.0 -.1340617E-07
  1005.0 -.1287389E-07
  1006.0 -.1218915E-07
  1007.0 -.1136109E-07
  1008.0 -.1040081E-07
  1009.0 -.9321264E-08
  1010.0 -.8137018E-08
  1011.0 -.6864112E-08
  1012.0 -.5519804E-08
  1013.0 -.4122302E-08
  1014.0 -.2690546E-08
  1015.0 -.1243918E-08
  1016.0 0.1980350E-09
  1017.0 0.1615894E-08
  1018.0 0.2990618E-08
  1019.0 0.4303845E-08
  1020.0 0.5538144E-08
  1021.0 0.6677252E-08
  1022.0 0.7706340E-08
  1023.0 0.8612206E-08
  1024.0 0.9383434E-08
  1025.0 0.1001063E-07
  1026.0 0.1048648E-07
  1027.0 0.1080592E-07
  1028.0 0.1096608E-07
  1029.0 0.1096651E-07
  1030.0 0.1080899E-07
  1031.0 0.1049762E-07
  1032.0 0.1003870E-07
  1033.0 0.9440654E-08
  1034.0 0.8713884E-08
  1035.0 0.7870581E-08
  1036.0 0.6924622E-08
  1037.0 0.5891239E-08
  1038.0 0.4786904E-08
  1039.0 0.3628993E-08
  1040.0 0.2435585E-08
  1041.0 0.1225140E-08
  1042.0 0.1626272E-10
  1043.0 -.1172604E-08
  1044.0 -.2323435E-08
  1045.0 -.3418904E-08
  1046.0 -.4442632E-08
  1047.0 -.5379412E-08
  1048.0 -.6215475E-08
  1049.0 -.6938647E-08
  1050.0 -.7538528E-08
  1051.0 -.8006658E-08
  1052.0 -.8336640E-08
  1053.0 -.8524174E-08
  1054.0 -.8567141E-08
  1055.0 -.8465647E-08
  1056.0 -.8222020E-08
  1057.0 -.7840635E-08
  1058.0 -.7327993E-08
  1059.0 -.6692535E-08
  1060.0 -.5944475E-08
  1061.0 -.5095705E-08
  1062.0 -.4159528E-08
  1063.0 -.3150532E-08
  1064.0 -.2084267E-08
  1065.0 -.9770716E-09
  1066.0 0.1542170E-09
  1067.0 0.1292503E-08
  1068.0 0.2420707E-08
  1069.0 0.3522014E-08
  1070.0 0.4580148E-08
  1071.0 0.5579576E-08
  1072.0 0.6505772E-08
  1073.0 0.7345445E-08
  1074.0 0.8086653E-08
  1075.0 0.8719087E-08
  1076.0 0.9234101E-08
  1077.0 0.9624892E-08
  1078.0 0.9886588E-08
  1079.0 0.1001628E-07
  1080.0 0.1001306E-07
  1081.0 0.9878002E-08
  1082.0 0.9614118E-08
  1083.0 0.9226371E-08
  1084.0 0.8721429E-08
  1085.0 0.8107689E-08
  1086.0 0.7395050E-08
  1087.0 0.6594780E-08
  1088.0 0.5719287E-08
  1089.0 0.4781962E-08
  1090.0 0.3796933E-08
  1091.0 0.2778850E-08
  1092.0 0.1742648E-08
  1093.0 0.7033311E-09
  1094.0 -.3242819E-09
  1095.0 -.1325765E-08
  1096.0 -.2287305E-08
  1097.0 -.3195906E-08
  1098.0 -.4039578E-08
  1099.0 -.4807503E-08
  1100.0 -.5490158E-08
  1101.0 -.6079510E-08
  1102.0 -.6569039E-08
  1103.0 -.6953849E-08
  1104.0 -.7230724E-08
  1105.0 -.7398125E-08
  1106.0 -.7456198E-08
  1107.0 -.7406733E-08
  1108.0 -.7253139E-08
  1109.0 -.7000304E-08
  1110.0 -.6654530E-08
  1111.0 -.6223402E-08
  1112.0 -.5715658E-08
  1113.0 -.5140993E-08
  1114.0 -.4509911E-08
  1115.0 -.3833565E-08
  1116.0 -.3123518E-08
  1117.0 -.2391611E-08
  1118.0 -.1649740E-08
  1119.0 -.9096580E-09
  1120.0 -.1828290E-09
  1121.0 0.5197757E-09
  1122.0 0.1187826E-08
  1123.0 0.1811777E-08
  1124.0 0.2383013E-08
  1125.0 0.2893942E-08
  1126.0 0.3338116E-08
  1127.0 0.3710285E-08
  1128.0 0.4006456E-08
  1129.0 0.4223917E-08
  1130.0 0.4361281E-08
  1131.0 0.4418416E-08
  1132.0 0.4396472E-08
  1133.0 0.4297799E-08
  1134.0 0.4125885E-08
  1135.0 0.3885253E-08
  1136.0 0.3581409E-08
  1137.0 0.3220673E-08
  1138.0 0.2810087E-08
  1139.0 0.2357291E-08
  1140.0 0.1870352E-08
  1141.0 0.1357652E-08
  1142.0 0.8277461E-09
  1143.0 0.2892068E-09
  1144.0 -.2495002E-09
  1145.0 -.7801472E-09
  1146.0 -.1294865E-08
  1147.0 -.1786268E-08
  1148.0 -.2247531E-08
  1149.0 -.2672505E-08
  1150.0 -.3055769E-08
  1151.0 -.3392704E-08
  1152.0 -.3679529E-08
  1153.0 -.3913349E-08
  1154.0 -.4092143E-08
  1155.0 -.4214791E-08
  1156.0 -.4281037E-08
  1157.0 -.4291483E-08
  1158.0 -.4247533E-08
  1159.0 -.4151350E-08
  1160.0 -.4005785E-08
  1161.0 -.3814322E-08
  1162.0 -.3580979E-08
  1163.0 -.3310258E-08
  1164.0 -.3007024E-08
  1165.0 -.2676441E-08
  1166.0 -.2323868E-08
  1167.0 -.1954774E-08
  1168.0 -.1574664E-08
  1169.0 -.1188978E-08
  1170.0 -.8030226E-09
  1171.0 -.4219007E-09
  1172.0 -.5044611E-10
  1173.0 0.3068380E-09
  1174.0 0.6458270E-09
  1175.0 0.9628128E-09
  1176.0 0.1254540E-08
  1177.0 0.1518226E-08
  1178.0 0.1751583E-08
  1179.0 0.1952820E-08
  1180.0 0.2120643E-08
  1181.0 0.2254252E-08
  1182.0 0.2353314E-08
  1183.0 0.2417959E-08
  1184.0 0.2448749E-08
  1185.0 0.2446650E-08
  1186.0 0.2412989E-08
  1187.0 0.2349436E-08
  1188.0 0.2257942E-08
  1189.0 0.2140734E-08
  1190.0 0.2000243E-08
  1191.0 0.1839089E-08
  1192.0 0.1660023E-08
  1193.0 0.1465908E-08
  1194.0 0.1259669E-08
  1195.0 0.1044274E-08
  1196.0 0.8226826E-09
  1197.0 0.5978365E-09
  1198.0 0.3726207E-09
  1199.0 0.1498390E-09
  1200.0 -.6780568E-10
  1201.0 -.2777336E-09
  1202.0 -.4775070E-09
  1203.0 -.6648505E-09
  1204.0 -.8376618E-09
  1205.0 -.9940334E-09
  1206.0 -.1132259E-08
  1207.0 -.1250852E-08
  1208.0 -.1348554E-08
  1209.0 -.1424344E-08
  1210.0 -.1477454E-08
  1211.0 -.1507369E-08
  1212.0 -.1513850E-08
  1213.0 -.1496916E-08
  1214.0 -.1456877E-08
  1215.0 -.1394313E-08
  1216.0 -.1310092E-08
  1217.0 -.1205361E-08
  1218.0 -.1081535E-08
  1219.0 -.9403078E-09
  1220.0 -.7836273E-09
  1221.0 -.6136789E-09
  1222.0 -.4328790E-09
  1223.0 -.2438423E-09
  1224.0 -.4935906E-10
  1225.0 0.1476371E-09
  1226.0 0.3441026E-09
  1227.0 0.5369271E-09
  1228.0 0.7229683E-09
  1229.0 0.8991113E-09
  1230.0 0.1062301E-08
  1231.0 0.1209605E-08
  1232.0 0.1338255E-08
  1233.0 0.1445707E-08
  1234.0 0.1529688E-08
  1235.0 0.1588241E-08
  1236.0 0.1619777E-08
  1237.0 0.1623115E-08
  1238.0 0.1597518E-08
  1239.0 0.1542724E-08
  1240.0 0.1458967E-08
  1241.0 0.1347000E-08
  1242.0 0.1208094E-08
  1243.0 0.1044039E-08
  1244.0 0.8571278E-09
  1245.0 0.6501389E-09
  1246.0 0.4262991E-09
  1247.0 0.1892425E-09
  1248.0 -.5704618E-10
  1249.0 -.3082915E-09
  1250.0 -.5599942E-09
  1251.0 -.8075171E-09
  1252.0 -.1046164E-08
  1253.0 -.1271269E-08
  1254.0 -.1478288E-08
  1255.0 -.1662895E-08
  1256.0 -.1821068E-08
  1257.0 -.1949183E-08
  1258.0 -.2044109E-08
  1259.0 -.2103248E-08
  1260.0 -.2124662E-08
  1261.0 -.2107087E-08
  1262.0 -.2049995E-08
  1263.0 -.1953636E-08
  1264.0 -.1819043E-08
  1265.0 -.1648048E-08
  1266.0 -.1443263E-08
  1267.0 -.1208051E-08
  1268.0 -.9464712E-09
  1269.0 -.6632369E-09
  1270.0 -.3636170E-09
  1271.0 -.5335373E-10
  1272.0 0.2614524E-09
  1273.0 0.5744474E-09
  1274.0 0.8791606E-09
  1275.0 0.1169133E-08
  1276.0 0.1438060E-08
  1277.0 0.1679928E-08
  1278.0 0.1889144E-08
  1279.0 0.2060680E-08
  1280.0 0.2190191E-08
  1281.0 0.2274127E-08
  1282.0 0.2309843E-08
  1283.0 0.2295675E-08
  1284.0 0.2231004E-08
  1285.0 0.2116317E-08
  1286.0 0.1953208E-08
  1287.0 0.1744389E-08
  1288.0 0.1493670E-08
  1289.0 0.1205892E-08
  1290.0 0.8868717E-09
  1291.0 0.5432917E-09
  1292.0 0.1825793E-09
  1293.0 -.1872255E-09
  1294.0 -.5576431E-09
  1295.0 -.9199197E-09
  1296.0 -.1265216E-08
  1297.0 -.1584807E-08
  1298.0 -.1870286E-08
  1299.0 -.2113747E-08
  1300.0 -.2308004E-08
  1301.0 -.2446774E-08
  1302.0 -.2524861E-08
  1303.0 -.2538277E-08
  1304.0 -.2484436E-08
  1305.0 -.2362241E-08
  1306.0 -.2172160E-08
  1307.0 -.1916308E-08
  1308.0 -.1598452E-08
  1309.0 -.1223992E-08
  1310.0 -.7999462E-09
  1311.0 -.3348277E-09
  1312.0 0.1614511E-09
  1313.0 0.6777340E-09
  1314.0 0.1201821E-08
  1315.0 0.1720669E-08
  1316.0 0.2220642E-08
  1317.0 0.2687784E-08
  1318.0 0.3108081E-08
  1319.0 0.3467780E-08
  1320.0 0.3753676E-08
  1321.0 0.3953431E-08
  1322.0 0.4055839E-08
  1323.0 0.4051177E-08
  1324.0 0.3931424E-08
  1325.0 0.3690507E-08
  1326.0 0.3324557E-08
  1327.0 0.2832080E-08
  1328.0 0.2214077E-08
  1329.0 0.1474181E-08
  1330.0 0.6187126E-09
  1331.0 -.3433517E-09
  1332.0 -.1400373E-08
  1333.0 -.2538198E-08
  1334.0 -.3740253E-08
  1335.0 -.4987788E-08
  1336.0 -.6260104E-08
  1337.0 -.7534862E-08
  1338.0 -.8788390E-08
  1339.0 -.9996058E-08
  1340.0 -.1113274E-07
  1341.0 -.1217317E-07
  1342.0 -.1309243E-07
  1343.0 -.1386637E-07
  1344.0 -.1447208E-07
  1345.0 -.1488836E-07
  1346.0 -.1509617E-07
  1347.0 -.1507894E-07
  1348.0 -.1482307E-07
  1349.0 -.1431825E-07
  1350.0 -.1355771E-07
  1351.0 -.1253846E-07
  1352.0 -.1126162E-07
  1353.0 -.9732318E-08
  1354.0 -.7959932E-08
  1355.0 -.5958043E-08
  1356.0 -.3744288E-08
  1357.0 -.1340299E-08
  1358.0 0.1228567E-08
  1359.0 0.3933505E-08
  1360.0 0.6742588E-08
  1361.0 0.9621218E-08
  1362.0 0.1253255E-07
  1363.0 0.1543796E-07
  1364.0 0.1829775E-07
  1365.0 0.2107156E-07
  1366.0 0.2371904E-07
  1367.0 0.2620045E-07
  1368.0 0.2847733E-07
  1369.0 0.3051294E-07
  1370.0 0.3227325E-07
  1371.0 0.3372695E-07
  1372.0 0.3484636E-07
  1373.0 0.3560786E-07
  1374.0 0.3599231E-07
  1375.0 0.3598520E-07
  1376.0 0.3557727E-07
  1377.0 0.3476478E-07
  1378.0 0.3354914E-07
  1379.0 0.3193739E-07
  1380.0 0.2994230E-07
  1381.0 0.2758189E-07
  1382.0 0.2487938E-07
  1383.0 0.2186306E-07
  1384.0 0.1856582E-07
  1385.0 0.1502477E-07
  1386.0 0.1128071E-07
  1387.0 0.7377607E-08
  1388.0 0.3361980E-08
  1389.0 -.7177068E-09
  1390.0 -.4811729E-08
  1391.0 -.8869836E-08
  1392.0 -.1284193E-07
  1393.0 -.1667881E-07
  1394.0 -.2033278E-07
  1395.0 -.2375856E-07
  1396.0 -.2691366E-07
  1397.0 -.2975916E-07
  1398.0 -.3226025E-07
  1399.0 -.3438676E-07
  1400.0 -.3611343E-07
  1401.0 -.3742054E-07
  1402.0 -.3829402E-07
  1403.0 -.3872561E-07
  1404.0 -.3871310E-07
  1405.0 -.3826034E-07
  1406.0 -.3737710E-07
  1407.0 -.3607888E-07
  1408.0 -.3438681E-07
  1409.0 -.3232740E-07
  1410.0 -.2993167E-07
  1411.0 -.2723534E-07
  1412.0 -.2427779E-07
  1413.0 -.2110174E-07
  1414.0 -.1775245E-07
  1415.0 -.1427724E-07
  1416.0 -.1072457E-07
  1417.0 -.7143519E-08
  1418.0 -.3582985E-08
  1419.0 -.9093358E-10
  1420.0 0.3286187E-08
  1421.0 0.6504200E-08
  1422.0 0.9521797E-08
  1423.0 0.1230110E-07
  1424.0 0.1480821E-07
  1425.0 0.1701366E-07
  1426.0 0.1889275E-07
  1427.0 0.2042600E-07
  1428.0 0.2159921E-07
  1429.0 0.2240373E-07
  1430.0 0.2283645E-07
  1431.0 0.2289982E-07
  1432.0 0.2260175E-07
  1433.0 0.2195541E-07
  1434.0 0.2097890E-07
  1435.0 0.1969496E-07
  1436.0 0.1813062E-07
  1437.0 0.1631664E-07
  1438.0 0.1428696E-07
  1439.0 0.1207823E-07
  1440.0 0.9729160E-08
  1441.0 0.7279855E-08
  1442.0 0.4771199E-08
  1443.0 0.2244235E-08
  1444.0 -.2605167E-09
  1445.0 -.2703687E-08
  1446.0 -.5047627E-08
  1447.0 -.7257022E-08
  1448.0 -.9299323E-08
  1449.0 -.1114537E-07
  1450.0 -.1276961E-07
  1451.0 -.1415059E-07
  1452.0 -.1527119E-07
  1453.0 -.1611872E-07
  1454.0 -.1668530E-07
  1455.0 -.1696762E-07
  1456.0 -.1696703E-07
  1457.0 -.1668951E-07
  1458.0 -.1614537E-07
  1459.0 -.1534905E-07
  1460.0 -.1431881E-07
  1461.0 -.1307640E-07
  1462.0 -.1164650E-07
  1463.0 -.1005643E-07
  1464.0 -.8335564E-08
  1465.0 -.6514817E-08
  1466.0 -.4626027E-08
  1467.0 -.2701578E-08
  1468.0 -.7736863E-09
  1469.0 0.1126042E-08
  1470.0 0.2967147E-08
  1471.0 0.4720815E-08
  1472.0 0.6360304E-08
  1473.0 0.7861381E-08
  1474.0 0.9202604E-08
  1475.0 0.1036574E-07
  1476.0 0.1133587E-07
  1477.0 0.1210165E-07
  1478.0 0.1265545E-07
  1479.0 0.1299326E-07
  1480.0 0.1311481E-07
  1481.0 0.1302341E-07
  1482.0 0.1272589E-07
  1483.0 0.1223224E-07
  1484.0 0.1155557E-07
  1485.0 0.1071162E-07
  1486.0 0.9718491E-08
  1487.0 0.8596346E-08
  1488.0 0.7366898E-08
  1489.0 0.6053027E-08
  1490.0 0.4678422E-08
  1491.0 0.3267066E-08
  1492.0 0.1842849E-08
  1493.0 0.4291655E-09
  1494.0 -.9514631E-09
  1495.0 -.2277779E-08
  1496.0 -.3530074E-08
  1497.0 -.4690516E-08
  1498.0 -.5743355E-08
  1499.0 -.6675152E-08
  1500.0 -.7474922E-08
  1501.0 -.8134196E-08
  1502.0 -.8647125E-08
  1503.0 -.9010444E-08
  1504.0 -.9223478E-08
  1505.0 -.9287934E-08
  1506.0 -.9207899E-08
  1507.0 -.8989575E-08
  1508.0 -.8641161E-08
  1509.0 -.8172490E-08
  1510.0 -.7594927E-08
  1511.0 -.6921020E-08
  1512.0 -.6164179E-08
  1513.0 -.5338514E-08
  1514.0 -.4458476E-08
  1515.0 -.3538579E-08
  1516.0 -.2593207E-08
  1517.0 -.1636330E-08
  1518.0 -.6813038E-09
  1519.0 0.2593029E-09
  1520.0 0.1173896E-08
  1521.0 0.2051953E-08
  1522.0 0.2884122E-08
  1523.0 0.3662292E-08
  1524.0 0.4379625E-08
  1525.0 0.5030532E-08
  1526.0 0.5610665E-08
  1527.0 0.6116854E-08
  1528.0 0.6547034E-08
  1529.0 0.6900144E-08
  1530.0 0.7175994E-08
  1531.0 0.7375206E-08
  1532.0 0.7499012E-08
  1533.0 0.7549185E-08
  1534.0 0.7527884E-08
  1535.0 0.7437556E-08
  1536.0 0.7280827E-08
  1537.0 0.7060416E-08
  1538.0 0.6779049E-08
  1539.0 0.6439447E-08
  1540.0 0.6044232E-08
  1541.0 0.5596012E-08
  1542.0 0.5097315E-08
  1543.0 0.4550635E-08
  1544.0 0.3958534E-08
  1545.0 0.3323704E-08
  1546.0 0.2648973E-08
  1547.0 0.1937508E-08
  1548.0 0.1192860E-08
  1549.0 0.4190746E-09
  1550.0 -.3792049E-09
  1551.0 -.1196654E-08
  1552.0 -.2027164E-08
  1553.0 -.2863814E-08
  1554.0 -.3698803E-08
  1555.0 -.4523456E-08
  1556.0 -.5328222E-08
  1557.0 -.6102730E-08
  1558.0 -.6835883E-08
  1559.0 -.7515938E-08
  1560.0 -.8130664E-08
  1561.0 -.8667588E-08
  1562.0 -.9114088E-08
  1563.0 -.9457676E-08
  1564.0 -.9686383E-08
  1565.0 -.9788858E-08
  1566.0 -.9754749E-08
  1567.0 -.9575020E-08
  1568.0 -.9242230E-08
  1569.0 -.8750798E-08
  1570.0 -.8097321E-08
  1571.0 -.7280834E-08
  1572.0 -.6302963E-08
  1573.0 -.5168149E-08
  1574.0 -.3883825E-08
  1575.0 -.2460397E-08
  1576.0 -.9113685E-09
  1577.0 0.7467609E-09
  1578.0 0.2494585E-08
  1579.0 0.4309941E-08
  1580.0 0.6168175E-08
  1581.0 0.8042432E-08
  1582.0 0.9904011E-08
  1583.0 0.1172282E-07
  1584.0 0.1346781E-07
  1585.0 0.1510755E-07
  1586.0 0.1661078E-07
  1587.0 0.1794694E-07
  1588.0 0.1908687E-07
  1589.0 0.2000333E-07
  1590.0 0.2067164E-07
  1591.0 0.2107033E-07
  1592.0 0.2118152E-07
  1593.0 0.2099158E-07
  1594.0 0.2049152E-07
  1595.0 0.1967724E-07
  1596.0 0.1855011E-07
  1597.0 0.1711681E-07
  1598.0 0.1538971E-07
  1599.0 0.1338671E-07
  1600.0 0.1113118E-07
  1601.0 0.8651775E-08
  1602.0 0.5981996E-08
  1603.0 0.3159848E-08
  1604.0 0.2272358E-09
  1605.0 -.2770651E-08
  1606.0 -.5786076E-08
  1607.0 -.8769542E-08
  1608.0 -.1167068E-07
  1609.0 -.1443914E-07
  1610.0 -.1702556E-07
  1611.0 -.1938240E-07
  1612.0 -.2146508E-07
  1613.0 -.2323272E-07
  1614.0 -.2464912E-07
  1615.0 -.2568348E-07
  1616.0 -.2631125E-07
  1617.0 -.2651459E-07
  1618.0 -.2628295E-07
  1619.0 -.2561356E-07
  1620.0 -.2451152E-07
  1621.0 -.2298987E-07
  1622.0 -.2106974E-07
  1623.0 -.1877989E-07
  1624.0 -.1615643E-07
  1625.0 -.1324237E-07
  1626.0 -.1008676E-07
  1627.0 -.6743980E-08
  1628.0 -.3272849E-08
  1629.0 0.2645561E-09
  1630.0 0.3803985E-08
  1631.0 0.7280163E-08
  1632.0 0.1062819E-07
  1633.0 0.1378471E-07
  1634.0 0.1668920E-07
  1635.0 0.1928532E-07
  1636.0 0.2152197E-07
  1637.0 0.2335451E-07
  1638.0 0.2474568E-07
  1639.0 0.2566657E-07
  1640.0 0.2609726E-07
  1641.0 0.2602748E-07
  1642.0 0.2545691E-07
  1643.0 0.2439535E-07
  1644.0 0.2286271E-07
  1645.0 0.2088889E-07
  1646.0 0.1851311E-07
  1647.0 0.1578349E-07
  1648.0 0.1275602E-07
  1649.0 0.9493722E-08
  1650.0 0.6065266E-08
  1651.0 0.2543809E-08
  1652.0 -.9946516E-09
  1653.0 -.4472642E-08
  1654.0 -.7812914E-08
  1655.0 -.1094011E-07
  1656.0 -.1378240E-07
  1657.0 -.1627302E-07
  1658.0 -.1835182E-07
  1659.0 -.1996684E-07
  1660.0 -.2107534E-07
  1661.0 -.2164513E-07
  1662.0 -.2165542E-07
  1663.0 -.2109753E-07
  1664.0 -.1997532E-07
  1665.0 -.1830546E-07
  1666.0 -.1611726E-07
  1667.0 -.1345253E-07
  1668.0 -.1036473E-07
  1669.0 -.6918341E-08
  1670.0 -.3187514E-08
  1671.0 0.7451090E-09
  1672.0 0.4790130E-08
  1673.0 0.8853017E-08
  1674.0 0.1283615E-07
  1675.0 0.1664083E-07
  1676.0 0.2016933E-07
  1677.0 0.2332718E-07
  1678.0 0.2602518E-07
  1679.0 0.2818164E-07
  1680.0 0.2972427E-07
  1681.0 0.3059213E-07
  1682.0 0.3073720E-07
  1683.0 0.3012584E-07
  1684.0 0.2874013E-07
  1685.0 0.2657854E-07
  1686.0 0.2365662E-07
  1687.0 0.2000715E-07
  1688.0 0.1568022E-07
  1689.0 0.1074229E-07
  1690.0 0.5275816E-08
  1691.0 -.6222749E-09
  1692.0 -.6842064E-08
  1693.0 -.1326251E-07
  1694.0 -.1975365E-07
  1695.0 -.2617905E-07
  1696.0 -.3239835E-07
  1697.0 -.3827029E-07
  1698.0 -.4365530E-07
  1699.0 -.4841876E-07
  1700.0 -.5243380E-07
  1701.0 -.5558433E-07
  1702.0 -.5776779E-07
  1703.0 -.5889757E-07
  1704.0 -.5890558E-07
  1705.0 -.5774428E-07
  1706.0 -.5538813E-07
  1707.0 -.5183530E-07
  1708.0 -.4710807E-07
  1709.0 -.4125368E-07
  1710.0 -.3434391E-07
  1711.0 -.2647476E-07
  1712.0 -.1776511E-07
  1713.0 -.8355497E-08
  1714.0 0.1594342E-08
  1715.0 0.1190771E-07
  1716.0 0.2239391E-07
  1717.0 0.3285170E-07
  1718.0 0.4307267E-07
  1719.0 0.5284517E-07
  1720.0 0.6195875E-07
  1721.0 0.7020757E-07
  1722.0 0.7739539E-07
  1723.0 0.8333929E-07
  1724.0 0.8787378E-07
  1725.0 0.9085493E-07
  1726.0 0.9216316E-07
  1727.0 0.9170720E-07
  1728.0 0.8942661E-07
  1729.0 0.8529374E-07
  1730.0 0.7931565E-07
  1731.0 0.7153520E-07
  1732.0 0.6203103E-07
  1733.0 0.5091819E-07
  1734.0 0.3834614E-07
  1735.0 0.2449776E-07
  1736.0 0.9587049E-08
  1737.0 -.6144251E-08
  1738.0 -.2242991E-07
  1739.0 -.3898348E-07
  1740.0 -.5550291E-07
  1741.0 -.7167563E-07
  1742.0 -.8718429E-07
  1743.0 -.1017119E-06
  1744.0 -.1149481E-06
  1745.0 -.1265950E-06
  1746.0 -.1363728E-06
  1747.0 -.1440264E-06
  1748.0 -.1493293E-06
  1749.0 -.1520897E-06
  1750.0 -.1521548E-06
  1751.0 -.1494155E-06
  1752.0 -.1438085E-06
  1753.0 -.1353194E-06
  1754.0 -.1239846E-06
  1755.0 -.1098933E-06
  1756.0 -.9318482E-07
  1757.0 -.7405049E-07
  1758.0 -.5273044E-07
  1759.0 -.2951127E-07
  1760.0 -.4722312E-08
  1761.0 0.2126872E-07
  1762.0 0.4806092E-07
  1763.0 0.7522640E-07
  1764.0 0.1023163E-06
  1765.0 0.1288685E-06
  1766.0 0.1544146E-06
  1767.0 0.1784883E-06
  1768.0 0.2006325E-06
  1769.0 0.2204082E-06
  1770.0 0.2374013E-06
  1771.0 0.2512312E-06
  1772.0 0.2615584E-06
  1773.0 0.2680889E-06
  1774.0 0.2705812E-06
  1775.0 0.2688556E-06
  1776.0 0.2627910E-06
  1777.0 0.2523352E-06
  1778.0 0.2375037E-06
  1779.0 0.2183814E-06
  1780.0 0.1951247E-06
  1781.0 0.1679578E-06
  1782.0 0.1371735E-06
  1783.0 0.1031270E-06
  1784.0 0.6623394E-07
  1785.0 0.2696369E-07
  1786.0 -.1416657E-07
  1787.0 -.5659926E-07
  1788.0 -.9974448E-07
  1789.0 -.1429886E-06
  1790.0 -.1857031E-06
  1791.0 -.2272554E-06
  1792.0 -.2670173E-06
  1793.0 -.3043745E-06
  1794.0 -.3387381E-06
  1795.0 -.3695544E-06
  1796.0 -.3963093E-06
  1797.0 -.4185435E-06
  1798.0 -.4358550E-06
  1799.0 -.4479081E-06
  1800.0 -.4544403E-06
  1801.0 -.4552641E-06
  1802.0 -.4502745E-06
  1803.0 -.4394476E-06
  1804.0 -.4228445E-06
  1805.0 -.4006106E-06
  1806.0 -.3729727E-06
  1807.0 -.3402385E-06
  1808.0 -.3027895E-06
  1809.0 -.2610792E-06
  1810.0 -.2156236E-06
  1811.0 -.1669966E-06
  1812.0 -.1158193E-06
  1813.0 -.6275196E-07
  1814.0 -.8484282E-08
  1815.0 0.4627492E-07
  1816.0 0.1008084E-06
  1817.0 0.1544009E-06
  1818.0 0.2063499E-06
  1819.0 0.2559759E-06
  1820.0 0.3026337E-06
  1821.0 0.3457201E-06
  1822.0 0.3846828E-06
  1823.0 0.4190314E-06
  1824.0 0.4483407E-06
  1825.0 0.4722597E-06
  1826.0 0.4905143E-06
  1827.0 0.5029123E-06
  1828.0 0.5093446E-06
  1829.0 0.5097888E-06
  1830.0 0.5043050E-06
  1831.0 0.4930383E-06
  1832.0 0.4762121E-06
  1833.0 0.4541275E-06
  1834.0 0.4271555E-06
  1835.0 0.3957315E-06
  1836.0 0.3603492E-06
  1837.0 0.3215503E-06
  1838.0 0.2799172E-06
  1839.0 0.2360630E-06
  1840.0 0.1906226E-06
  1841.0 0.1442424E-06
  1842.0 0.9757001E-07
  1843.0 0.5124423E-07
  1844.0 0.5886191E-08
  1845.0 -.3791038E-07
  1846.0 -.7958749E-07
  1847.0 -.1186311E-06
  1848.0 -.1545782E-06
  1849.0 -.1870227E-06
  1850.0 -.2156203E-06
  1851.0 -.2400942E-06
  1852.0 -.2602364E-06
  1853.0 -.2759092E-06
  1854.0 -.2870473E-06
  1855.0 -.2936567E-06
  1856.0 -.2958118E-06
  1857.0 -.2936553E-06
  1858.0 -.2873902E-06
  1859.0 -.2772796E-06
  1860.0 -.2636379E-06
  1861.0 -.2468248E-06
  1862.0 -.2272397E-06
  1863.0 -.2053137E-06
  1864.0 -.1815004E-06
  1865.0 -.1562693E-06
  1866.0 -.1300970E-06
  1867.0 -.1034599E-06
  1868.0 -.7682497E-07
  1869.0 -.5064323E-07
  1870.0 -.2534255E-07
  1871.0 -.1320749E-08
  1872.0 0.2106006E-07
  1873.0 0.4147847E-07
  1874.0 0.5965838E-07
  1875.0 0.7537160E-07
  1876.0 0.8844169E-07
  1877.0 0.9874412E-07
  1878.0 0.1062078E-06
  1879.0 0.1108143E-06
  1880.0 0.1125963E-06
  1881.0 0.1116360E-06
  1882.0 0.1080624E-06
  1883.0 0.1020464E-06
  1884.0 0.9379816E-07
  1885.0 0.8356036E-07
  1886.0 0.7160495E-07
  1887.0 0.5822515E-07
  1888.0 0.4373137E-07
  1889.0 0.2844393E-07
  1890.0 0.1268789E-07
  1891.0 -.3213959E-08
  1892.0 -.1894603E-07
  1893.0 -.3420600E-07
  1894.0 -.4870978E-07
  1895.0 -.6219616E-07
  1896.0 -.7443094E-07
  1897.0 -.8521039E-07
  1898.0 -.9436406E-07
  1899.0 -.1017574E-06
  1900.0 -.1072920E-06
  1901.0 -.1109083E-06
  1902.0 -.1125835E-06
  1903.0 -.1123323E-06
  1904.0 -.1102049E-06
  1905.0 -.1062851E-06
  1906.0 -.1006883E-06
  1907.0 -.9355735E-07
  1908.0 -.8506031E-07
  1909.0 -.7538573E-07
  1910.0 -.6473874E-07
  1911.0 -.5333709E-07
  1912.0 -.4140594E-07
  1913.0 -.2917431E-07
  1914.0 -.1687004E-07
  1915.0 -.4715667E-08
  1916.0 0.7075290E-08
  1917.0 0.1830253E-07
  1918.0 0.2878202E-07
  1919.0 0.3834919E-07
  1920.0 0.4686139E-07
  1921.0 0.5420004E-07
  1922.0 0.6027179E-07
  1923.0 0.6501014E-07
  1924.0 0.6837539E-07
  1925.0 0.7035497E-07
  1926.0 0.7096251E-07
  1927.0 0.7023692E-07
  1928.0 0.6824130E-07
  1929.0 0.6506015E-07
  1930.0 0.6079842E-07
  1931.0 0.5557724E-07
  1932.0 0.4953237E-07
  1933.0 0.4281097E-07
  1934.0 0.3556774E-07
  1935.0 0.2796274E-07
  1936.0 0.2015736E-07
  1937.0 0.1231146E-07
  1938.0 0.4580432E-08
  1939.0 -.2887726E-08
  1940.0 -.9955047E-08
  1941.0 -.1649598E-07
  1942.0 -.2239926E-07
  1943.0 -.2756977E-07
  1944.0 -.3192985E-07
  1945.0 -.3542002E-07
  1946.0 -.3800012E-07
  1947.0 -.3964866E-07
  1948.0 -.4036325E-07
  1949.0 -.4016002E-07
  1950.0 -.3907234E-07
  1951.0 -.3714974E-07
  1952.0 -.3445673E-07
  1953.0 -.3107067E-07
  1954.0 -.2707998E-07
  1955.0 -.2258213E-07
  1956.0 -.1768118E-07
  1957.0 -.1248589E-07
  1958.0 -.7107035E-08
  1959.0 -.1655497E-08
  1960.0 0.3760179E-08
  1961.0 0.9035700E-08
  1962.0 0.1407297E-07
  1963.0 0.1878189E-07
  1964.0 0.2308174E-07
  1965.0 0.2690265E-07
  1966.0 0.3018630E-07
  1967.0 0.3288723E-07
  1968.0 0.3497262E-07
  1969.0 0.3642317E-07
  1970.0 0.3723230E-07
  1971.0 0.3740665E-07
  1972.0 0.3696500E-07
  1973.0 0.3593744E-07
  1974.0 0.3436459E-07
  1975.0 0.3229625E-07
  1976.0 0.2979038E-07
  1977.0 0.2691112E-07
  1978.0 0.2372794E-07
  1979.0 0.2031352E-07
  1980.0 0.1674244E-07
  1981.0 0.1308952E-07
  1982.0 0.9428362E-08
  1983.0 0.5829955E-08
  1984.0 0.2361187E-08
  1985.0 -.9161845E-09
  1986.0 -.3946699E-08
  1987.0 -.6682037E-08
  1988.0 -.9081720E-08
  1989.0 -.1111361E-07
  1990.0 -.1275436E-07
  1991.0 -.1398941E-07
  1992.0 -.1481296E-07
  1993.0 -.1522787E-07
  1994.0 -.1524510E-07
  1995.0 -.1488324E-07
  1996.0 -.1416786E-07
  1997.0 -.1313060E-07
  1998.0 -.1180838E-07
  1999.0 -.1024237E-07
  2000.0 -.8476891E-08
  2001.0 -.6558502E-08
  2002.0 -.4534829E-08
  2003.0 -.2453605E-08
  2004.0 -.3615727E-09
  2005.0 0.1696391E-08
  2006.0 0.3678139E-08
  2007.0 0.5545063E-08
  2008.0 0.7262741E-08
  2009.0 0.8801487E-08
  2010.0 0.1013678E-07
  2011.0 0.1124956E-07
  2012.0 0.1212642E-07
  2013.0 0.1275958E-07
  2014.0 0.1314689E-07
  2015.0 0.1329156E-07
  2016.0 0.1320192E-07
  2017.0 0.1289090E-07
  2018.0 0.1237562E-07
  2019.0 0.1167685E-07
  2020.0 0.1081824E-07
  2021.0 0.9825912E-08
  2022.0 0.8727459E-08
  2023.0 0.7551524E-08
  2024.0 0.6326989E-08
  2025.0 0.5082287E-08
  2026.0 0.3844872E-08
  2027.0 0.2640573E-08
  2028.0 0.1493103E-08
  2029.0 0.4236154E-09
  2030.0 -.5496552E-09
  2031.0 -.1411703E-08
  2032.0 -.2150913E-08
  2033.0 -.2759187E-08
  2034.0 -.3231976E-08
  2035.0 -.3568215E-08
  2036.0 -.3770162E-08
  2037.0 -.3843213E-08
  2038.0 -.3795634E-08
  2039.0 -.3638160E-08
  2040.0 -.3383725E-08
  2041.0 -.3046934E-08
  2042.0 -.2643712E-08
  2043.0 -.2190791E-08
  2044.0 -.1705294E-08
  2045.0 -.1204259E-08
  2046.0 -.7042470E-09
  2047.0 -.2209121E-09
  2048.0 0.2313386E-09
  2049.0 0.6396692E-09
  2050.0 0.9930611E-09
  2051.0 0.1282565E-08
  2052.0 0.1501390E-08
  2053.0 0.1645056E-08
  2054.0 0.1711364E-08
  2055.0 0.1700425E-08
  2056.0 0.1614516E-08
  2057.0 0.1457993E-08
  2058.0 0.1237056E-08
  2059.0 0.9595702E-09
  2060.0 0.6347670E-09
  2061.0 0.2729604E-09
  2062.0 -.1147447E-09
  2063.0 -.5167853E-09
  2064.0 -.9214696E-09
  2065.0 -.1317267E-08
  2066.0 -.1693143E-08
  2067.0 -.2038828E-08
  2068.0 -.2345060E-08
  2069.0 -.2603827E-08
  2070.0 -.2808560E-08
  2071.0 -.2954252E-08
  2072.0 -.3037579E-08
  2073.0 -.3056945E-08
  2074.0 -.3012517E-08
  2075.0 -.2906162E-08
  2076.0 -.2741381E-08
  2077.0 -.2523200E-08
  2078.0 -.2258006E-08
  2079.0 -.1953380E-08
  2080.0 -.1617867E-08
  2081.0 -.1260753E-08
  2082.0 -.8918195E-09
  2083.0 -.5210894E-09
  2084.0 -.1585596E-09
  2085.0 0.1860268E-09
  2086.0 0.5034498E-09
  2087.0 0.7852174E-09
  2088.0 0.1023777E-08
  2089.0 0.1212694E-08
  2090.0 0.1346798E-08
  2091.0 0.1422297E-08
  2092.0 0.1436854E-08
  2093.0 0.1389635E-08
  2094.0 0.1281311E-08
  2095.0 0.1114042E-08
  2096.0 0.8913724E-09
  2097.0 0.6181838E-09
  2098.0 0.3005215E-09
  2099.0 -.5452989E-10
  2100.0 -.4390309E-09
  2101.0 -.8444030E-09
  2102.0 -.1261611E-08
  2103.0 -.1681389E-08
  2104.0 -.2094469E-08
  2105.0 -.2491771E-08
  2106.0 -.2864637E-08
  2107.0 -.3205015E-08
  2108.0 -.3505642E-08
  2109.0 -.3760189E-08
  2110.0 -.3963411E-08
  2111.0 -.4111240E-08
  2112.0 -.4200879E-08
  2113.0 -.4230824E-08
  2114.0 -.4200904E-08
  2115.0 -.4112268E-08
  2116.0 -.3967319E-08
  2117.0 -.3769638E-08
  2118.0 -.3523945E-08
  2119.0 -.3235892E-08
  2120.0 -.2911987E-08
  2121.0 -.2559402E-08
  2122.0 -.2185815E-08
  2123.0 -.1799219E-08
  2124.0 -.1407764E-08
  2125.0 -.1019543E-08
  2126.0 -.6424377E-09
  2127.0 -.2839330E-09
  2128.0 0.4903293E-10
  2129.0 0.3502110E-09
  2130.0 0.6141686E-09
  2131.0 0.8363905E-09
  2132.0 0.1013358E-08
  2133.0 0.1142607E-08
  2134.0 0.1222753E-08
  2135.0 0.1253503E-08
  2136.0 0.1235639E-08
  2137.0 0.1170960E-08
  2138.0 0.1062238E-08
  2139.0 0.9131209E-09
  2140.0 0.7280330E-09
  2141.0 0.5120533E-09
  2142.0 0.2707954E-09
  2143.0 0.1026404E-10
  2144.0 -.2632889E-09
  2145.0 -.5435027E-09
  2146.0 -.8240573E-09
  2147.0 -.1098803E-08
  2148.0 -.1361899E-08
  2149.0 -.1607930E-08
  2150.0 -.1831999E-08
  2151.0 -.2029840E-08
  2152.0 -.2197883E-08
  2153.0 -.2333286E-08
  2154.0 -.2434010E-08
  2155.0 -.2498807E-08
  2156.0 -.2527230E-08
  2157.0 -.2519609E-08
  2158.0 -.2477020E-08
  2159.0 -.2401214E-08
  2160.0 -.2294570E-08
  2161.0 -.2159996E-08
  2162.0 -.2000861E-08
  2163.0 -.1820884E-08
  2164.0 -.1624025E-08
  2165.0 -.1414405E-08
  2166.0 -.1196190E-08
  2167.0 -.9734922E-09
  2168.0 -.7502811E-09
  2169.0 -.5302906E-09
  2170.0 -.3169583E-09
  2171.0 -.1133384E-09
  2172.0 0.7792644E-10
  2173.0 0.2546614E-09
  2174.0 0.4151773E-09
  2175.0 0.5582792E-09
  2176.0 0.6832700E-09
  2177.0 0.7899303E-09
  2178.0 0.8784869E-09
  2179.0 0.9495776E-09
  2180.0 0.1004202E-08
  2181.0 0.1043661E-08
  2182.0 0.1069490E-08
  2183.0 0.1083409E-08
  2184.0 0.1087229E-08
  2185.0 0.1082795E-08
  2186.0 0.1071922E-08
  2187.0 0.1056324E-08
  2188.0 0.1037557E-08
  2189.0 0.1016975E-08
  2190.0 0.9956771E-09
  2191.0 0.9744939E-09
  2192.0 0.9539378E-09
  2193.0 0.9342219E-09
  2194.0 0.9152409E-09
  2195.0 0.8965897E-09
  2196.0 0.8775915E-09
  2197.0 0.8573119E-09
  2198.0 0.8346218E-09
  2199.0 0.8082281E-09
  2200.0 0.7767424E-09
  2201.0 0.7387267E-09
  2202.0 0.6927590E-09
  2203.0 0.6375062E-09
  2204.0 0.5717704E-09
  2205.0 0.4945499E-09
  2206.0 0.4051084E-09
  2207.0 0.3029965E-09
  2208.0 0.1881171E-09
  2209.0 0.6073756E-10
  2210.0 -.7847815E-10
  2211.0 -.2284659E-09
  2212.0 -.3877605E-09
  2213.0 -.5545064E-09
  2214.0 -.7264858E-09
  2215.0 -.9011503E-09
  2216.0 -.1075668E-08
  2217.0 -.1246981E-08
  2218.0 -.1411859E-08
  2219.0 -.1566982E-08
  2220.0 -.1709003E-08
  2221.0 -.1834631E-08
  2222.0 -.1940708E-08
  2223.0 -.2024291E-08
  2224.0 -.2082715E-08
  2225.0 -.2113688E-08
  2226.0 -.2115337E-08
  2227.0 -.2086261E-08
  2228.0 -.2025599E-08
  2229.0 -.1933049E-08
  2230.0 -.1808900E-08
  2231.0 -.1654048E-08
  2232.0 -.1469981E-08
  2233.0 -.1258787E-08
  2234.0 -.1023108E-08
  2235.0 -.7661026E-09
  2236.0 -.4914084E-09
  2237.0 -.2030605E-09
  2238.0 0.9456997E-10
  2239.0 0.3968592E-09
  2240.0 0.6990212E-09
  2241.0 0.9961958E-09
  2242.0 0.1283546E-08
  2243.0 0.1556353E-08
  2244.0 0.1810117E-08
  2245.0 0.2040628E-08
  2246.0 0.2244078E-08
  2247.0 0.2417114E-08
  2248.0 0.2556931E-08
  2249.0 0.2661309E-08
  2250.0 0.2728668E-08
  2251.0 0.2758108E-08
  2252.0 0.2749415E-08
  2253.0 0.2703083E-08
  2254.0 0.2620291E-08
  2255.0 0.2502882E-08
  2256.0 0.2353338E-08
  2257.0 0.2174726E-08
  2258.0 0.1970631E-08
  2259.0 0.1745081E-08
  2260.0 0.1502488E-08
  2261.0 0.1247535E-08
  2262.0 0.9850994E-09
  2263.0 0.7201468E-09
  2264.0 0.4576361E-09
  2265.0 0.2024294E-09
  2266.0 -.4081858E-10
  2267.0 -.2677384E-09
  2268.0 -.4743322E-09
  2269.0 -.6570553E-09
  2270.0 -.8128707E-09
  2271.0 -.9393148E-09
  2272.0 -.1034533E-08
  2273.0 -.1097315E-08
  2274.0 -.1127105E-08
  2275.0 -.1124011E-08
  2276.0 -.1088790E-08
  2277.0 -.1022824E-08
  2278.0 -.9280873E-09
  2279.0 -.8070931E-09
  2280.0 -.6628406E-09
  2281.0 -.4987425E-09
  2282.0 -.3185525E-09
  2283.0 -.1262863E-09
  2284.0 0.7386963E-10
  2285.0 0.2776418E-09
  2286.0 0.4807577E-09
  2287.0 0.6790344E-09
  2288.0 0.8684592E-09
  2289.0 0.1045273E-08
  2290.0 0.1206036E-08
  2291.0 0.1347699E-08
  2292.0 0.1467655E-08
  2293.0 0.1563779E-08
  2294.0 0.1634474E-08
  2295.0 0.1678683E-08
  2296.0 0.1695908E-08
  2297.0 0.1686202E-08
  2298.0 0.1650161E-08
  2299.0 0.1588903E-08
  2300.0 0.1504027E-08
  2301.0 0.1397578E-08
  2302.0 0.1271993E-08
  2303.0 0.1130041E-08
  2304.0 0.9747614E-09
  2305.0 0.8093909E-09
  2306.0 0.6373039E-09
  2307.0 0.4619254E-09
  2308.0 0.2866729E-09
  2309.0 0.1148791E-09
  2310.0 -.5027476E-10
  2311.0 -.2058138E-09
  2312.0 -.3490319E-09
  2313.0 -.4775381E-09
  2314.0 -.5892960E-09
  2315.0 -.6826597E-09
  2316.0 -.7563912E-09
  2317.0 -.8096831E-09
  2318.0 -.8421551E-09
  2319.0 -.8538558E-09
  2320.0 -.8452469E-09
  2321.0 -.8171852E-09
  2322.0 -.7708852E-09
  2323.0 -.7078942E-09
  2324.0 -.6300446E-09
  2325.0 -.5394074E-09
  2326.0 -.4382467E-09
  2327.0 -.3289599E-09
  2328.0 -.2140366E-09
  2329.0 -.9598802E-10
  2330.0 0.2269088E-10
  2331.0 0.1395754E-09
  2332.0 0.2523641E-09
  2333.0 0.3589140E-09
  2334.0 0.4572851E-09
  2335.0 0.5457651E-09
  2336.0 0.6229002E-09
  2337.0 0.6875184E-09
  2338.0 0.7387356E-09
  2339.0 0.7759652E-09
  2340.0 0.7989189E-09
  2341.0 0.8075998E-09
  2342.0 0.8022881E-09
  2343.0 0.7835291E-09
  2344.0 0.7521018E-09
  2345.0 0.7090004E-09
  2346.0 0.6554002E-09
  2347.0 0.5926270E-09
  2348.0 0.5221201E-09
  2349.0 0.4454035E-09
  2350.0 0.3640429E-09
  2351.0 0.2796198E-09
  2352.0 0.1936937E-09
  2353.0 0.1077734E-09
  2354.0 0.2328794E-10
  2355.0 -.5843384E-10
  2356.0 -.1361872E-09
  2357.0 -.2089057E-09
  2358.0 -.2756785E-09
  2359.0 -.3357526E-09
  2360.0 -.3885399E-09
  2361.0 -.4336184E-09
  2362.0 -.4707257E-09
  2363.0 -.4997550E-09
  2364.0 -.5207441E-09
  2365.0 -.5338633E-09
  2366.0 -.5394009E-09
  2367.0 -.5377440E-09
  2368.0 -.5293687E-09
  2369.0 -.5148165E-09
  2370.0 -.4946774E-09
  2371.0 -.4695778E-09
  2372.0 -.4401612E-09
  2373.0 -.4070706E-09
  2374.0 -.3709442E-09
  2375.0 -.3323972E-09
  2376.0 -.2920176E-09
  2377.0 -.2503581E-09
  2378.0 -.2079327E-09
  2379.0 -.1652134E-09
  2380.0 -.1226336E-09
  2381.0 -.8058534E-10
  2382.0 -.3942635E-10
  2383.0 0.5155848E-12
  2384.0 0.3893872E-10
  2385.0 0.7555722E-10
  2386.0 0.1100990E-09
  2387.0 0.1422985E-09
  2388.0 0.1718869E-09
  2389.0 0.1985911E-09
  2390.0 0.2221307E-09
  2391.0 0.2422131E-09
  2392.0 0.2585322E-09
  2393.0 0.2707753E-09
  2394.0 0.2786175E-09
  2395.0 0.2817331E-09
  2396.0 0.2798025E-09
  2397.0 0.2725140E-09
  2398.0 0.2595813E-09
  2399.0 0.2407493E-09
