     0.0 0.0000000E+00
     1.0 -.2637349E-17
     2.0 0.1403852E-16
     3.0 0.1231308E-15
     4.0 0.4431256E-15
     5.0 0.1130150E-14
     6.0 0.2368183E-14
     7.0 0.4357742E-14
     8.0 0.7303622E-14
     9.0 0.1140219E-13
    10.0 0.1682877E-13
    11.0 0.2372563E-13
    12.0 0.3219114E-13
    13.0 0.4227050E-13
    14.0 0.5394845E-13
    15.0 0.6714420E-13
    16.0 0.8170891E-13
    17.0 0.9742568E-13
    18.0 0.1140120E-12
    19.0 0.1311249E-12
    20.0 0.1483679E-12
    21.0 0.1653003E-12
    22.0 0.1814476E-12
    23.0 0.1963136E-12
    24.0 0.2093925E-12
    25.0 0.2201818E-12
    26.0 0.2281951E-12
    27.0 0.2329733E-12
    28.0 0.2340964E-12
    29.0 0.2311925E-12
    30.0 0.2239461E-12
    31.0 0.2121052E-12
    32.0 0.1954853E-12
    33.0 0.1739730E-12
    34.0 0.1475278E-12
    35.0 0.1161817E-12
    36.0 0.8003822E-13
    37.0 0.3927007E-13
    38.0 -.5883576E-14
    39.0 -.5512147E-13
    40.0 -.1080840E-12
    41.0 -.1643576E-12
    42.0 -.2234796E-12
    43.0 -.2849433E-12
    44.0 -.3482027E-12
    45.0 -.4126780E-12
    46.0 -.4777612E-12
    47.0 -.5428235E-12
    48.0 -.6072219E-12
    49.0 -.6703084E-12
    50.0 -.7314396E-12
    51.0 -.7899895E-12
    52.0 -.8453612E-12
    53.0 -.8970036E-12
    54.0 -.9444272E-12
    55.0 -.9872219E-12
    56.0 -.1025080E-11
    57.0 -.1057809E-11
    58.0 -.1085360E-11
    59.0 -.1107840E-11
    60.0 -.1125529E-11
    61.0 -.1138901E-11
    62.0 -.1148627E-11
    63.0 -.1155585E-11
    64.0 -.1160857E-11
    65.0 -.1165722E-11
    66.0 -.1171645E-11
    67.0 -.1180248E-11
    68.0 -.1193280E-11
    69.0 -.1212586E-11
    70.0 -.1240046E-11
    71.0 -.1277528E-11
    72.0 -.1326828E-11
    73.0 -.1389596E-11
    74.0 -.1467278E-11
    75.0 -.1561039E-11
    76.0 -.1671701E-11
    77.0 -.1799676E-11
    78.0 -.1944909E-11
    79.0 -.2106839E-11
    80.0 -.2284357E-11
    81.0 -.2475796E-11
    82.0 -.2678919E-11
    83.0 -.2890949E-11
    84.0 -.3108588E-11
    85.0 -.3328096E-11
    86.0 -.3545343E-11
    87.0 -.3755932E-11
    88.0 -.3955290E-11
    89.0 -.4138808E-11
    90.0 -.4301980E-11
    91.0 -.4440553E-11
    92.0 -.4550670E-11
    93.0 -.4629033E-11
    94.0 -.4673035E-11
    95.0 -.4680901E-11
    96.0 -.4651793E-11
    97.0 -.4585903E-11
    98.0 -.4484521E-11
    99.0 -.4350070E-11
   100.0 -.4186079E-11
   101.0 -.3997172E-11
   102.0 -.3789020E-11
   103.0 -.3568298E-11
   104.0 -.3342545E-11
   105.0 -.3119950E-11
   106.0 -.2909129E-11
   107.0 -.2718886E-11
   108.0 -.2557912E-11
   109.0 -.2434494E-11
   110.0 -.2356221E-11
   111.0 -.2329697E-11
   112.0 -.2360243E-11
   113.0 -.2451659E-11
   114.0 -.2605999E-11
   115.0 -.2823397E-11
   116.0 -.3101958E-11
   117.0 -.3437677E-11
   118.0 -.3824472E-11
   119.0 -.4254235E-11
   120.0 -.4716988E-11
   121.0 -.5201103E-11
   122.0 -.5693568E-11
   123.0 -.6180329E-11
   124.0 -.6646678E-11
   125.0 -.7077708E-11
   126.0 -.7458752E-11
   127.0 -.7775841E-11
   128.0 -.8016221E-11
   129.0 -.8168811E-11
   130.0 -.8224612E-11
   131.0 -.8177094E-11
   132.0 -.8022569E-11
   133.0 -.7760389E-11
   134.0 -.7393155E-11
   135.0 -.6926757E-11
   136.0 -.6370404E-11
   137.0 -.5736436E-11
   138.0 -.5040114E-11
   139.0 -.4299307E-11
   140.0 -.3534021E-11
   141.0 -.2765906E-11
   142.0 -.2017660E-11
   143.0 -.1312383E-11
   144.0 -.6728657E-12
   145.0 -.1209356E-12
   146.0 0.3233146E-12
   147.0 0.6421846E-12
   148.0 0.8210069E-12
   149.0 0.8486857E-12
   150.0 0.7182777E-12
   151.0 0.4272689E-12
   152.0 -.2211120E-13
   153.0 -.6227605E-12
   154.0 -.1362728E-11
   155.0 -.2225402E-11
   156.0 -.3189778E-11
   157.0 -.4230951E-11
   158.0 -.5320654E-11
   159.0 -.6428022E-11
   160.0 -.7520396E-11
   161.0 -.8564198E-11
   162.0 -.9525914E-11
   163.0 -.1037310E-10
   164.0 -.1107535E-10
   165.0 -.1160529E-10
   166.0 -.1193947E-10
   167.0 -.1205927E-10
   168.0 -.1195152E-10
   169.0 -.1160921E-10
   170.0 -.1103176E-10
   171.0 -.1022544E-10
   172.0 -.9203307E-11
   173.0 -.7985120E-11
   174.0 -.6596933E-11
   175.0 -.5070675E-11
   176.0 -.3443307E-11
   177.0 -.1755946E-11
   178.0 -.5283969E-13
   179.0 0.1619871E-11
   180.0 0.3215400E-11
   181.0 0.4687703E-11
   182.0 0.5992829E-11
   183.0 0.7090331E-11
   184.0 0.7944565E-11
   185.0 0.8525891E-11
   186.0 0.8811864E-11
   187.0 0.8788087E-11
   188.0 0.8449028E-11
   189.0 0.7798512E-11
   190.0 0.6850000E-11
   191.0 0.5626568E-11
   192.0 0.4160756E-11
   193.0 0.2493897E-11
   194.0 0.6754376E-12
   195.0 -.1238241E-11
   196.0 -.3185031E-11
   197.0 -.5098659E-11
   198.0 -.6910364E-11
   199.0 -.8550725E-11
   200.0 -.9951579E-11
   201.0 -.1104807E-10
   202.0 -.1178051E-10
   203.0 -.1209638E-10
   204.0 -.1195205E-10
   205.0 -.1131456E-10
   206.0 -.1016296E-10
   207.0 -.8489474E-11
   208.0 -.6300545E-11
   209.0 -.3617209E-11
   210.0 -.4755229E-12
   211.0 0.3073756E-11
   212.0 0.6965600E-11
   213.0 0.1112165E-10
   214.0 0.1545142E-10
   215.0 0.1985400E-10
   216.0 0.2421997E-10
   217.0 0.2843356E-10
   218.0 0.3237521E-10
   219.0 0.3592412E-10
   220.0 0.3896088E-10
   221.0 0.4137072E-10
   222.0 0.4304576E-10
   223.0 0.4388825E-10
   224.0 0.4381271E-10
   225.0 0.4274873E-10
   226.0 0.4064274E-10
   227.0 0.3745989E-10
   228.0 0.3318552E-10
   229.0 0.2782593E-10
   230.0 0.2140895E-10
   231.0 0.1398396E-10
   232.0 0.5621167E-11
   233.0 -.3589098E-11
   234.0 -.1353832E-10
   235.0 -.2410140E-10
   236.0 -.3513952E-10
   237.0 -.4650244E-10
   238.0 -.5803228E-10
   239.0 -.6956642E-10
   240.0 -.8094151E-10
   241.0 -.9199687E-10
   242.0 -.1025785E-09
   243.0 -.1125426E-09
   244.0 -.1217590E-09
   245.0 -.1301147E-09
   246.0 -.1375164E-09
   247.0 -.1438932E-09
   248.0 -.1491984E-09
   249.0 -.1534114E-09
   250.0 -.1565376E-09
   251.0 -.1586096E-09
   252.0 -.1596860E-09
   253.0 -.1598505E-09
   254.0 -.1592101E-09
   255.0 -.1578924E-09
   256.0 -.1560428E-09
   257.0 -.1538210E-09
   258.0 -.1513963E-09
   259.0 -.1489442E-09
   260.0 -.1466412E-09
   261.0 -.1446596E-09
   262.0 -.1431640E-09
   263.0 -.1423048E-09
   264.0 -.1422150E-09
   265.0 -.1430058E-09
   266.0 -.1447624E-09
   267.0 -.1475414E-09
   268.0 -.1513679E-09
   269.0 -.1562343E-09
   270.0 -.1620988E-09
   271.0 -.1688860E-09
   272.0 -.1764870E-09
   273.0 -.1847625E-09
   274.0 -.1935440E-09
   275.0 -.2026384E-09
   276.0 -.2118317E-09
   277.0 -.2208946E-09
   278.0 -.2295878E-09
   279.0 -.2376679E-09
   280.0 -.2448940E-09
   281.0 -.2510342E-09
   282.0 -.2558728E-09
   283.0 -.2592150E-09
   284.0 -.2608951E-09
   285.0 -.2607798E-09
   286.0 -.2587750E-09
   287.0 -.2548281E-09
   288.0 -.2489318E-09
   289.0 -.2411257E-09
   290.0 -.2314972E-09
   291.0 -.2201805E-09
   292.0 -.2073555E-09
   293.0 -.1932435E-09
   294.0 -.1781043E-09
   295.0 -.1622290E-09
   296.0 -.1459353E-09
   297.0 -.1295588E-09
   298.0 -.1134442E-09
   299.0 -.9793781E-10
   300.0 -.8337765E-10
   301.0 -.7008435E-10
   302.0 -.5835169E-10
   303.0 -.4843797E-10
   304.0 -.4055775E-10
   305.0 -.3487429E-10
   306.0 -.3149417E-10
   307.0 -.3046160E-10
   308.0 -.3175464E-10
   309.0 -.3528454E-10
   310.0 -.4089457E-10
   311.0 -.4836215E-10
   312.0 -.5740292E-10
   313.0 -.6767478E-10
   314.0 -.7878665E-10
   315.0 -.9030582E-10
   316.0 -.1017684E-09
   317.0 -.1126912E-09
   318.0 -.1225840E-09
   319.0 -.1309604E-09
   320.0 -.1373557E-09
   321.0 -.1413353E-09
   322.0 -.1425103E-09
   323.0 -.1405497E-09
   324.0 -.1351911E-09
   325.0 -.1262507E-09
   326.0 -.1136314E-09
   327.0 -.9732862E-10
   328.0 -.7743494E-10
   329.0 -.5414113E-10
   330.0 -.2773492E-10
   331.0 0.1402525E-11
   332.0 0.3280162E-10
   333.0 0.6591581E-10
   334.0 0.1001302E-09
   335.0 0.1347764E-09
   336.0 0.1691470E-09
   337.0 0.2025136E-09
   338.0 0.2341439E-09
   339.0 0.2633202E-09
   340.0 0.2893604E-09
   341.0 0.3116346E-09
   342.0 0.3295862E-09
   343.0 0.3427471E-09
   344.0 0.3507527E-09
   345.0 0.3533576E-09
   346.0 0.3504442E-09
   347.0 0.3420311E-09
   348.0 0.3282786E-09
   349.0 0.3094882E-09
   350.0 0.2861021E-09
   351.0 0.2586953E-09
   352.0 0.2279671E-09
   353.0 0.1947269E-09
   354.0 0.1598784E-09
   355.0 0.1243993E-09
   356.0 0.8932079E-10
   357.0 0.5570091E-10
   358.0 0.2460211E-10
   359.0 -.2938892E-11
   360.0 -.2593440E-10
   361.0 -.4347468E-10
   362.0 -.5475165E-10
   363.0 -.5908365E-10
   364.0 -.5593494E-10
   365.0 -.4493511E-10
   366.0 -.2589233E-10
   367.0 0.1195394E-11
   368.0 0.3613556E-10
   369.0 0.7853836E-10
   370.0 0.1278219E-09
   371.0 0.1832209E-09
   372.0 0.2437990E-09
   373.0 0.3084680E-09
   374.0 0.3760096E-09
   375.0 0.4451026E-09
   376.0 0.5143509E-09
   377.0 0.5823186E-09
   378.0 0.6475595E-09
   379.0 0.7086560E-09
   380.0 0.7642530E-09
   381.0 0.8130921E-09
   382.0 0.8540451E-09
   383.0 0.8861436E-09
   384.0 0.9086066E-09
   385.0 0.9208642E-09
   386.0 0.9225746E-09
   387.0 0.9136376E-09
   388.0 0.8942045E-09
   389.0 0.8646721E-09
   390.0 0.8256875E-09
   391.0 0.7781295E-09
   392.0 0.7230925E-09
   393.0 0.6618674E-09
   394.0 0.5959082E-09
   395.0 0.5268024E-09
   396.0 0.4562333E-09
   397.0 0.3859394E-09
   398.0 0.3176731E-09
   399.0 0.2531576E-09
   400.0 0.1940443E-09
   401.0 0.1418695E-09
   402.0 0.9801751E-10
   403.0 0.6368126E-10
   404.0 0.3983252E-10
   405.0 0.2719490E-10
   406.0 0.2622087E-10
   407.0 0.3708010E-10
   408.0 0.5965065E-10
   409.0 0.9351914E-10
   410.0 0.1379887E-09
   411.0 0.1920933E-09
   412.0 0.2546211E-09
   413.0 0.3241419E-09
   414.0 0.3990415E-09
   415.0 0.4775630E-09
   416.0 0.5578498E-09
   417.0 0.6379935E-09
   418.0 0.7160832E-09
   419.0 0.7902516E-09
   420.0 0.8587333E-09
   421.0 0.9199003E-09
   422.0 0.9723159E-09
   423.0 0.1014770E-08
   424.0 0.1046311E-08
   425.0 0.1066280E-08
   426.0 0.1074325E-08
   427.0 0.1070415E-08
   428.0 0.1054848E-08
   429.0 0.1028238E-08
   430.0 0.9915105E-09
   431.0 0.9458712E-09
   432.0 0.8927864E-09
   433.0 0.8339395E-09
   434.0 0.7711874E-09
   435.0 0.7065148E-09
   436.0 0.6419784E-09
   437.0 0.5796527E-09
   438.0 0.5215728E-09
   439.0 0.4696775E-09
   440.0 0.4257552E-09
   441.0 0.3913878E-09
   442.0 0.3679092E-09
   443.0 0.3563606E-09
   444.0 0.3574575E-09
   445.0 0.3715653E-09
   446.0 0.3986801E-09
   447.0 0.4384237E-09
   448.0 0.4900462E-09
   449.0 0.5524414E-09
   450.0 0.6241647E-09
   451.0 0.7034706E-09
   452.0 0.7883534E-09
   453.0 0.8765942E-09
   454.0 0.9658196E-09
   455.0 0.1053559E-08
   456.0 0.1137315E-08
   457.0 0.1214622E-08
   458.0 0.1283121E-08
   459.0 0.1340621E-08
   460.0 0.1385159E-08
   461.0 0.1415060E-08
   462.0 0.1428990E-08
   463.0 0.1425988E-08
   464.0 0.1405506E-08
   465.0 0.1367433E-08
   466.0 0.1312097E-08
   467.0 0.1240272E-08
   468.0 0.1153158E-08
   469.0 0.1052361E-08
   470.0 0.9398550E-09
   471.0 0.8179313E-09
   472.0 0.6891466E-09
   473.0 0.5562562E-09
   474.0 0.4221384E-09
   475.0 0.2897232E-09
   476.0 0.1619107E-09
   477.0 0.4148799E-10
   478.0 -.6894692E-10
   479.0 -.1670649E-09
   480.0 -.2508684E-09
   481.0 -.3187649E-09
   482.0 -.3696118E-09
   483.0 -.4027634E-09
   484.0 -.4180996E-09
   485.0 -.4160389E-09
   486.0 -.3975517E-09
   487.0 -.3641326E-09
   488.0 -.3177877E-09
   489.0 -.2609814E-09
   490.0 -.1965940E-09
   491.0 -.1278411E-09
   492.0 -.5820678E-10
   493.0 0.8652345E-11
   494.0 0.6899344E-10
   495.0 0.1190979E-09
   496.0 0.1553613E-09
   497.0 0.1744011E-09
   498.0 0.1731583E-09
   499.0 0.1489850E-09
   500.0 0.9973554E-10
   501.0 0.2383427E-10
   502.0 -.7965048E-10
   503.0 -.2109706E-09
   504.0 -.3696578E-09
   505.0 -.5545068E-09
   506.0 -.7635917E-09
   507.0 -.9942717E-09
   508.0 -.1243237E-08
   509.0 -.1506570E-08
   510.0 -.1779816E-08
   511.0 -.2058076E-08
   512.0 -.2336106E-08
   513.0 -.2608444E-08
   514.0 -.2869510E-08
   515.0 -.3113767E-08
   516.0 -.3335831E-08
   517.0 -.3530614E-08
   518.0 -.3693455E-08
   519.0 -.3820234E-08
   520.0 -.3907500E-08
   521.0 -.3952554E-08
   522.0 -.3953557E-08
   523.0 -.3909579E-08
   524.0 -.3820655E-08
   525.0 -.3687822E-08
   526.0 -.3513098E-08
   527.0 -.3299493E-08
   528.0 -.3050950E-08
   529.0 -.2772291E-08
   530.0 -.2469118E-08
   531.0 -.2147721E-08
   532.0 -.1814953E-08
   533.0 -.1478086E-08
   534.0 -.1144652E-08
   535.0 -.8223061E-09
   536.0 -.5186251E-09
   537.0 -.2409679E-09
   538.0 0.3707314E-11
   539.0 0.2090113E-09
   540.0 0.3692644E-09
   541.0 0.4796438E-09
   542.0 0.5363176E-09
   543.0 0.5365345E-09
   544.0 0.4787216E-09
   545.0 0.3625438E-09
   546.0 0.1889251E-09
   547.0 -.3992483E-10
   548.0 -.3205387E-09
   549.0 -.6482438E-09
   550.0 -.1017240E-08
   551.0 -.1420680E-08
   552.0 -.1850810E-08
   553.0 -.2299115E-08
   554.0 -.2756479E-08
   555.0 -.3213366E-08
   556.0 -.3660019E-08
   557.0 -.4086650E-08
   558.0 -.4483661E-08
   559.0 -.4841822E-08
   560.0 -.5152493E-08
   561.0 -.5407812E-08
   562.0 -.5600862E-08
   563.0 -.5725842E-08
   564.0 -.5778208E-08
   565.0 -.5754778E-08
   566.0 -.5653834E-08
   567.0 -.5475185E-08
   568.0 -.5220187E-08
   569.0 -.4891774E-08
   570.0 -.4494389E-08
   571.0 -.4033945E-08
   572.0 -.3517744E-08
   573.0 -.2954343E-08
   574.0 -.2353405E-08
   575.0 -.1725558E-08
   576.0 -.1082154E-08
   577.0 -.4351207E-09
   578.0 0.2033000E-09
   579.0 0.8207772E-09
   580.0 0.1405090E-08
   581.0 0.1944429E-08
   582.0 0.2427555E-08
   583.0 0.2844072E-08
   584.0 0.3184626E-08
   585.0 0.3441072E-08
   586.0 0.3606689E-08
   587.0 0.3676294E-08
   588.0 0.3646402E-08
   589.0 0.3515267E-08
   590.0 0.3283006E-08
   591.0 0.2951580E-08
   592.0 0.2524831E-08
   593.0 0.2008424E-08
   594.0 0.1409770E-08
   595.0 0.7379745E-09
   596.0 0.3648821E-11
   597.0 -.7811959E-09
   598.0 -.1603367E-08
   599.0 -.2448684E-08
   600.0 -.3302192E-08
   601.0 -.4148418E-08
   602.0 -.4971628E-08
   603.0 -.5756063E-08
   604.0 -.6486236E-08
   605.0 -.7147178E-08
   606.0 -.7724680E-08
   607.0 -.8205641E-08
   608.0 -.8578141E-08
   609.0 -.8831832E-08
   610.0 -.8958053E-08
   611.0 -.8950039E-08
   612.0 -.8803045E-08
   613.0 -.8514502E-08
   614.0 -.8084161E-08
   615.0 -.7514052E-08
   616.0 -.6808585E-08
   617.0 -.5974544E-08
   618.0 -.5021024E-08
   619.0 -.3959356E-08
   620.0 -.2803028E-08
   621.0 -.1567492E-08
   622.0 -.2700254E-09
   623.0 0.1070495E-08
   624.0 0.2433834E-08
   625.0 0.3798673E-08
   626.0 0.5142891E-08
   627.0 0.6443857E-08
   628.0 0.7678813E-08
   629.0 0.8825185E-08
   630.0 0.9860921E-08
   631.0 0.1076488E-07
   632.0 0.1151718E-07
   633.0 0.1209956E-07
   634.0 0.1249574E-07
   635.0 0.1269166E-07
   636.0 0.1267601E-07
   637.0 0.1244022E-07
   638.0 0.1197900E-07
   639.0 0.1129034E-07
   640.0 0.1037586E-07
   641.0 0.9240886E-08
   642.0 0.7894526E-08
   643.0 0.6349699E-08
   644.0 0.4623225E-08
   645.0 0.2735618E-08
   646.0 0.7110487E-09
   647.0 -.1422876E-08
   648.0 -.3635376E-08
   649.0 -.5892779E-08
   650.0 -.8158930E-08
   651.0 -.1039557E-07
   652.0 -.1256289E-07
   653.0 -.1461997E-07
   654.0 -.1652548E-07
   655.0 -.1823808E-07
   656.0 -.1971735E-07
   657.0 -.2092417E-07
   658.0 -.2182161E-07
   659.0 -.2237545E-07
   660.0 -.2255505E-07
   661.0 -.2233369E-07
   662.0 -.2168948E-07
   663.0 -.2060584E-07
   664.0 -.1907202E-07
   665.0 -.1708352E-07
   666.0 -.1464243E-07
   667.0 -.1175800E-07
   668.0 -.8446549E-08
   669.0 -.4731646E-08
   670.0 -.6441906E-09
   671.0 0.3777825E-08
   672.0 0.8489465E-08
   673.0 0.1343933E-07
   674.0 0.1856990E-07
   675.0 0.2381829E-07
   676.0 0.2911684E-07
   677.0 0.3439406E-07
   678.0 0.3957549E-07
   679.0 0.4458461E-07
   680.0 0.4934437E-07
   681.0 0.5377774E-07
   682.0 0.5780939E-07
   683.0 0.6136670E-07
   684.0 0.6438091E-07
   685.0 0.6678879E-07
   686.0 0.6853322E-07
   687.0 0.6956476E-07
   688.0 0.6984257E-07
   689.0 0.6933518E-07
   690.0 0.6802176E-07
   691.0 0.6589256E-07
   692.0 0.6294930E-07
   693.0 0.5920585E-07
   694.0 0.5468825E-07
   695.0 0.4943474E-07
   696.0 0.4349553E-07
   697.0 0.3693255E-07
   698.0 0.2981859E-07
   699.0 0.2223660E-07
   700.0 0.1427883E-07
   701.0 0.6045348E-08
   702.0 -.2357112E-08
   703.0 -.1081670E-07
   704.0 -.1921820E-07
   705.0 -.2744468E-07
   706.0 -.3537925E-07
   707.0 -.4290727E-07
   708.0 -.4991783E-07
   709.0 -.5630584E-07
   710.0 -.6197395E-07
   711.0 -.6683432E-07
   712.0 -.7080974E-07
   713.0 -.7383597E-07
   714.0 -.7586232E-07
   715.0 -.7685342E-07
   716.0 -.7678913E-07
   717.0 -.7566641E-07
   718.0 -.7349880E-07
   719.0 -.7031639E-07
   720.0 -.6616630E-07
   721.0 -.6111181E-07
   722.0 -.5523124E-07
   723.0 -.4861737E-07
   724.0 -.4137586E-07
   725.0 -.3362339E-07
   726.0 -.2548618E-07
   727.0 -.1709767E-07
   728.0 -.8596472E-08
   729.0 -.1238356E-09
   730.0 0.8178566E-08
   731.0 0.1617145E-07
   732.0 0.2372015E-07
   733.0 0.3069714E-07
   734.0 0.3698444E-07
   735.0 0.4247602E-07
   736.0 0.4707933E-07
   737.0 0.5071780E-07
   738.0 0.5333178E-07
   739.0 0.5488031E-07
   740.0 0.5534178E-07
   741.0 0.5471449E-07
   742.0 0.5301717E-07
   743.0 0.5028841E-07
   744.0 0.4658648E-07
   745.0 0.4198847E-07
   746.0 0.3658846E-07
   747.0 0.3049643E-07
   748.0 0.2383621E-07
   749.0 0.1674288E-07
   750.0 0.9360800E-08
   751.0 0.1840458E-08
   752.0 -.5664361E-08
   753.0 -.1299936E-07
   754.0 -.2001291E-07
   755.0 -.2655915E-07
   756.0 -.3250080E-07
   757.0 -.3771217E-07
   758.0 -.4208166E-07
   759.0 -.4551435E-07
   760.0 -.4793399E-07
   761.0 -.4928481E-07
   762.0 -.4953296E-07
   763.0 -.4866752E-07
   764.0 -.4670085E-07
   765.0 -.4366904E-07
   766.0 -.3963089E-07
   767.0 -.3466781E-07
   768.0 -.2888169E-07
   769.0 -.2239367E-07
   770.0 -.1534172E-07
   771.0 -.7878021E-08
   772.0 -.1659032E-09
   773.0 0.7623104E-08
   774.0 0.1531297E-07
   775.0 0.2272666E-07
   776.0 0.2968991E-07
   777.0 0.3603493E-07
   778.0 0.4160403E-07
   779.0 0.4625324E-07
   780.0 0.4985567E-07
   781.0 0.5230423E-07
   782.0 0.5351487E-07
   783.0 0.5342836E-07
   784.0 0.5201228E-07
   785.0 0.4926247E-07
   786.0 0.4520341E-07
   787.0 0.3988885E-07
   788.0 0.3340087E-07
   789.0 0.2584915E-07
   790.0 0.1736933E-07
   791.0 0.8120643E-08
   792.0 -.1716759E-08
   793.0 -.1194516E-07
   794.0 -.2235274E-07
   795.0 -.3271791E-07
   796.0 -.4281360E-07
   797.0 -.5241180E-07
   798.0 -.6128862E-07
   799.0 -.6922855E-07
   800.0 -.7602972E-07
   801.0 -.8150793E-07
   802.0 -.8550172E-07
   803.0 -.8787572E-07
   804.0 -.8852405E-07
   805.0 -.8737428E-07
   806.0 -.8438907E-07
   807.0 -.7956780E-07
   808.0 -.7294895E-07
   809.0 -.6460846E-07
   810.0 -.5466095E-07
   811.0 -.4325769E-07
   812.0 -.3058475E-07
   813.0 -.1686024E-07
   814.0 -.2330909E-08
   815.0 0.1273221E-07
   816.0 0.2803841E-07
   817.0 0.4328272E-07
   818.0 0.5815154E-07
   819.0 0.7232880E-07
   820.0 0.8550222E-07
   821.0 0.9736941E-07
   822.0 0.1076451E-06
   823.0 0.1160660E-06
   824.0 0.1223979E-06
   825.0 0.1264407E-06
   826.0 0.1280334E-06
   827.0 0.1270585E-06
   828.0 0.1234457E-06
   829.0 0.1171747E-06
   830.0 0.1082771E-06
   831.0 0.9683714E-07
   832.0 0.8299192E-07
   833.0 0.6692989E-07
   834.0 0.4888938E-07
   835.0 0.2915453E-07
   836.0 0.8051883E-08
   837.0 -.1405510E-07
   838.0 -.3677200E-07
   839.0 -.5968008E-07
   840.0 -.8234341E-07
   841.0 -.1043176E-06
   842.0 -.1251570E-06
   843.0 -.1444240E-06
   844.0 -.1616977E-06
   845.0 -.1765824E-06
   846.0 -.1887151E-06
   847.0 -.1977750E-06
   848.0 -.2034893E-06
   849.0 -.2056409E-06
   850.0 -.2040735E-06
   851.0 -.1986971E-06
   852.0 -.1894909E-06
   853.0 -.1765057E-06
   854.0 -.1598666E-06
   855.0 -.1397703E-06
   856.0 -.1164859E-06
   857.0 -.9035038E-07
   858.0 -.6176590E-07
   859.0 -.3119220E-07
   860.0 0.8581696E-09
   861.0 0.3382916E-07
   862.0 0.6712949E-07
   863.0 0.1001429E-06
   864.0 0.1322384E-06
   865.0 0.1627815E-06
   866.0 0.1911461E-06
   867.0 0.2167250E-06
   868.0 0.2389421E-06
   869.0 0.2572651E-06
   870.0 0.2712133E-06
   871.0 0.2803707E-06
   872.0 0.2843925E-06
   873.0 0.2830159E-06
   874.0 0.2760664E-06
   875.0 0.2634615E-06
   876.0 0.2452173E-06
   877.0 0.2214485E-06
   878.0 0.1923720E-06
   879.0 0.1583029E-06
   880.0 0.1196543E-06
   881.0 0.7693070E-07
   882.0 0.3072319E-07
   883.0 -.1829920E-07
   884.0 -.6939865E-07
   885.0 -.1217793E-06
   886.0 -.1745994E-06
   887.0 -.2269842E-06
   888.0 -.2780396E-06
   889.0 -.3268678E-06
   890.0 -.3725814E-06
   891.0 -.4143174E-06
   892.0 -.4512542E-06
   893.0 -.4826255E-06
   894.0 -.5077303E-06
   895.0 -.5259553E-06
   896.0 -.5367755E-06
   897.0 -.5397721E-06
   898.0 -.5346380E-06
   899.0 -.5211896E-06
   900.0 -.4993648E-06
   901.0 -.4692326E-06
   902.0 -.4309934E-06
   903.0 -.3849746E-06
   904.0 -.3316327E-06
   905.0 -.2715456E-06
   906.0 -.2054042E-06
   907.0 -.1340066E-06
   908.0 -.5824603E-07
   909.0 0.2090305E-07
   910.0 0.1023973E-06
   911.0 0.1851400E-06
   912.0 0.2679976E-06
   913.0 0.3498172E-06
   914.0 0.4294431E-06
   915.0 0.5057343E-06
   916.0 0.5775854E-06
   917.0 0.6439378E-06
   918.0 0.7038021E-06
   919.0 0.7562706E-06
   920.0 0.8005344E-06
   921.0 0.8358931E-06
   922.0 0.8617669E-06
   923.0 0.8777105E-06
   924.0 0.8834141E-06
   925.0 0.8787131E-06
   926.0 0.8635918E-06
   927.0 0.8381783E-06
   928.0 0.8027538E-06
   929.0 0.7577359E-06
   930.0 0.7036827E-06
   931.0 0.6412799E-06
   932.0 0.5713325E-06
   933.0 0.4947515E-06
   934.0 0.4125412E-06
   935.0 0.3257838E-06
   936.0 0.2356224E-06
   937.0 0.1432451E-06
   938.0 0.4986569E-07
   939.0 -.4329294E-07
   940.0 -.1350187E-06
   941.0 -.2241276E-06
   942.0 -.3094813E-06
   943.0 -.3900028E-06
   944.0 -.4646952E-06
   945.0 -.5326520E-06
   946.0 -.5930729E-06
   947.0 -.6452739E-06
   948.0 -.6886960E-06
   949.0 -.7229127E-06
   950.0 -.7476353E-06
   951.0 -.7627128E-06
   952.0 -.7681406E-06
   953.0 -.7640468E-06
   954.0 -.7506997E-06
   955.0 -.7284928E-06
   956.0 -.6979441E-06
   957.0 -.6596815E-06
   958.0 -.6144323E-06
   959.0 -.5630133E-06
   960.0 -.5063135E-06
   961.0 -.4452808E-06
   962.0 -.3809049E-06
   963.0 -.3142031E-06
   964.0 -.2462020E-06
   965.0 -.1779236E-06
   966.0 -.1103670E-06
   967.0 -.4449481E-07
   968.0 0.1878132E-07
   969.0 0.7861453E-07
   970.0 0.1342344E-06
   971.0 0.1849570E-06
   972.0 0.2301946E-06
   973.0 0.2694624E-06
   974.0 0.3023831E-06
   975.0 0.3286914E-06
   976.0 0.3482351E-06
   977.0 0.3609746E-06
   978.0 0.3669805E-06
   979.0 0.3664301E-06
   980.0 0.3596008E-06
   981.0 0.3468632E-06
   982.0 0.3286728E-06
   983.0 0.3055604E-06
   984.0 0.2781196E-06
   985.0 0.2469976E-06
   986.0 0.2128802E-06
   987.0 0.1764801E-06
   988.0 0.1385255E-06
   989.0 0.9974509E-07
   990.0 0.6085706E-07
   991.0 0.2255667E-07
   992.0 -.1449502E-07
   993.0 -.4968144E-07
   994.0 -.8244014E-07
   995.0 -.1122701E-06
   996.0 -.1387395E-06
   997.0 -.1614910E-06
   998.0 -.1802449E-06
   999.0 -.1948028E-06
  1000.0 -.2050482E-06
  1001.0 -.2109457E-06
  1002.0 -.2125393E-06
  1003.0 -.2099498E-06
  1004.0 -.2033694E-06
  1005.0 -.1930557E-06
  1006.0 -.1793274E-06
  1007.0 -.1625536E-06
  1008.0 -.1431471E-06
  1009.0 -.1215561E-06
  1010.0 -.9825383E-07
  1011.0 -.7372955E-07
  1012.0 -.4847930E-07
  1013.0 -.2299662E-07
  1014.0 0.2236777E-08
  1015.0 0.2675918E-07
  1016.0 0.5013685E-07
  1017.0 0.7197111E-07
  1018.0 0.9190470E-07
  1019.0 0.1096272E-06
  1020.0 0.1248791E-06
  1021.0 0.1374553E-06
  1022.0 0.1472073E-06
  1023.0 0.1540435E-06
  1024.0 0.1579303E-06
  1025.0 0.1588906E-06
  1026.0 0.1570004E-06
  1027.0 0.1523877E-06
  1028.0 0.1452269E-06
  1029.0 0.1357352E-06
  1030.0 0.1241666E-06
  1031.0 0.1108061E-06
  1032.0 0.9596292E-07
  1033.0 0.7996506E-07
  1034.0 0.6315113E-07
  1035.0 0.4586476E-07
  1036.0 0.2844739E-07
  1037.0 0.1123162E-07
  1038.0 -.5464242E-08
  1039.0 -.2134227E-07
  1040.0 -.3612962E-07
  1041.0 -.4958329E-07
  1042.0 -.6149345E-07
  1043.0 -.7168642E-07
  1044.0 -.8002779E-07
  1045.0 -.8642223E-07
  1046.0 -.9081473E-07
  1047.0 -.9319132E-07
  1048.0 -.9357648E-07
  1049.0 -.9203231E-07
  1050.0 -.8865590E-07
  1051.0 -.8357686E-07
  1052.0 -.7695259E-07
  1053.0 -.6896556E-07
  1054.0 -.5981849E-07
  1055.0 -.4972947E-07
  1056.0 -.3892766E-07
  1057.0 -.2764815E-07
  1058.0 -.1612771E-07
  1059.0 -.4599332E-08
  1060.0 0.6711439E-08
  1061.0 0.1759109E-07
  1062.0 0.2784181E-07
  1063.0 0.3728476E-07
  1064.0 0.4576313E-07
  1065.0 0.5314431E-07
  1066.0 0.5932168E-07
  1067.0 0.6421617E-07
  1068.0 0.6777616E-07
  1069.0 0.6997857E-07
  1070.0 0.7082750E-07
  1071.0 0.7035354E-07
  1072.0 0.6861251E-07
  1073.0 0.6568285E-07
  1074.0 0.6166427E-07
  1075.0 0.5667409E-07
  1076.0 0.5084474E-07
  1077.0 0.4432054E-07
  1078.0 0.3725461E-07
  1079.0 0.2980510E-07
  1080.0 0.2213221E-07
  1081.0 0.1439480E-07
  1082.0 0.6747256E-08
  1083.0 -.6634948E-09
  1084.0 -.7700642E-08
  1085.0 -.1423975E-07
  1086.0 -.2017109E-07
  1087.0 -.2540109E-07
  1088.0 -.2985370E-07
  1089.0 -.3347135E-07
  1090.0 -.3621548E-07
  1091.0 -.3806645E-07
  1092.0 -.3902348E-07
  1093.0 -.3910388E-07
  1094.0 -.3834183E-07
  1095.0 -.3678771E-07
  1096.0 -.3450548E-07
  1097.0 -.3157182E-07
  1098.0 -.2807341E-07
  1099.0 -.2410542E-07
  1100.0 -.1976849E-07
  1101.0 -.1516708E-07
  1102.0 -.1040689E-07
  1103.0 -.5592667E-08
  1104.0 -.8261032E-09
  1105.0 0.3796127E-08
  1106.0 0.8184267E-08
  1107.0 0.1225697E-07
  1108.0 0.1594274E-07
  1109.0 0.1918095E-07
  1110.0 0.2192283E-07
  1111.0 0.2413192E-07
  1112.0 0.2578436E-07
  1113.0 0.2686887E-07
  1114.0 0.2738665E-07
  1115.0 0.2735059E-07
  1116.0 0.2678480E-07
  1117.0 0.2572354E-07
  1118.0 0.2420998E-07
  1119.0 0.2229515E-07
  1120.0 0.2003644E-07
  1121.0 0.1749595E-07
  1122.0 0.1473924E-07
  1123.0 0.1183368E-07
  1124.0 0.8846893E-08
  1125.0 0.5845275E-08
  1126.0 0.2892714E-08
  1127.0 0.4922190E-10
  1128.0 -.2630154E-08
  1129.0 -.5096367E-08
  1130.0 -.7307159E-08
  1131.0 -.9227695E-08
  1132.0 -.1083105E-07
  1133.0 -.1209845E-07
  1134.0 -.1301933E-07
  1135.0 -.1359125E-07
  1136.0 -.1381961E-07
  1137.0 -.1371716E-07
  1138.0 -.1330348E-07
  1139.0 -.1260416E-07
  1140.0 -.1165011E-07
  1141.0 -.1047643E-07
  1142.0 -.9121754E-08
  1143.0 -.7626917E-08
  1144.0 -.6034127E-08
  1145.0 -.4385893E-08
  1146.0 -.2724069E-08
  1147.0 -.1088901E-08
  1148.0 0.4818052E-09
  1149.0 0.1953460E-08
  1150.0 0.3295339E-08
  1151.0 0.4481119E-08
  1152.0 0.5489354E-08
  1153.0 0.6303681E-08
  1154.0 0.6913080E-08
  1155.0 0.7311836E-08
  1156.0 0.7499488E-08
  1157.0 0.7480621E-08
  1158.0 0.7264572E-08
  1159.0 0.6864964E-08
  1160.0 0.6299220E-08
  1161.0 0.5588066E-08
  1162.0 0.4754815E-08
  1163.0 0.3824773E-08
  1164.0 0.2824535E-08
  1165.0 0.1781301E-08
  1166.0 0.7221970E-09
  1167.0 -.3263252E-09
  1168.0 -.1339169E-08
  1169.0 -.2293064E-08
  1170.0 -.3167119E-08
  1171.0 -.3943159E-08
  1172.0 -.4606137E-08
  1173.0 -.5144296E-08
  1174.0 -.5549374E-08
  1175.0 -.5816660E-08
  1176.0 -.5944957E-08
  1177.0 -.5936484E-08
  1178.0 -.5796693E-08
  1179.0 -.5534004E-08
  1180.0 -.5159504E-08
  1181.0 -.4686538E-08
  1182.0 -.4130343E-08
  1183.0 -.3507578E-08
  1184.0 -.2835853E-08
  1185.0 -.2133289E-08
  1186.0 -.1418042E-08
  1187.0 -.7078396E-09
  1188.0 -.1959617E-10
  1189.0 0.6310088E-09
  1190.0 0.1229840E-08
  1191.0 0.1764612E-08
  1192.0 0.2225103E-08
  1193.0 0.2603345E-08
  1194.0 0.2893740E-08
  1195.0 0.3093062E-08
  1196.0 0.3200485E-08
  1197.0 0.3217502E-08
  1198.0 0.3147747E-08
  1199.0 0.2996885E-08
  1200.0 0.2772326E-08
  1201.0 0.2482978E-08
  1202.0 0.2138975E-08
  1203.0 0.1751321E-08
  1204.0 0.1331621E-08
  1205.0 0.8916913E-09
  1206.0 0.4432773E-09
  1207.0 -.2274392E-11
  1208.0 -.4342818E-09
  1209.0 -.8430279E-09
  1210.0 -.1219952E-08
  1211.0 -.1557853E-08
  1212.0 -.1851043E-08
  1213.0 -.2095423E-08
  1214.0 -.2288540E-08
  1215.0 -.2429615E-08
  1216.0 -.2519471E-08
  1217.0 -.2560501E-08
  1218.0 -.2556456E-08
  1219.0 -.2512384E-08
  1220.0 -.2434367E-08
  1221.0 -.2329329E-08
  1222.0 -.2204813E-08
  1223.0 -.2068729E-08
  1224.0 -.1929076E-08
  1225.0 -.1793733E-08
  1226.0 -.1670196E-08
  1227.0 -.1565342E-08
  1228.0 -.1485258E-08
  1229.0 -.1435020E-08
  1230.0 -.1418580E-08
  1231.0 -.1438630E-08
  1232.0 -.1496538E-08
  1233.0 -.1592295E-08
  1234.0 -.1724525E-08
  1235.0 -.1890522E-08
  1236.0 -.2086325E-08
  1237.0 -.2306845E-08
  1238.0 -.2545964E-08
  1239.0 -.2796740E-08
  1240.0 -.3051607E-08
  1241.0 -.3302563E-08
  1242.0 -.3541392E-08
  1243.0 -.3759915E-08
  1244.0 -.3950192E-08
  1245.0 -.4104773E-08
  1246.0 -.4216890E-08
  1247.0 -.4280643E-08
  1248.0 -.4291193E-08
  1249.0 -.4244910E-08
  1250.0 -.4139454E-08
  1251.0 -.3973892E-08
  1252.0 -.3748748E-08
  1253.0 -.3465979E-08
  1254.0 -.3128963E-08
  1255.0 -.2742479E-08
  1256.0 -.2312536E-08
  1257.0 -.1846304E-08
  1258.0 -.1351949E-08
  1259.0 -.8384174E-09
  1260.0 -.3152767E-09
  1261.0 0.2075271E-09
  1262.0 0.7198881E-09
  1263.0 0.1211789E-08
  1264.0 0.1673498E-08
  1265.0 0.2095830E-08
  1266.0 0.2470330E-08
  1267.0 0.2789497E-08
  1268.0 0.3046944E-08
  1269.0 0.3237540E-08
  1270.0 0.3357541E-08
  1271.0 0.3404667E-08
  1272.0 0.3378175E-08
  1273.0 0.3278850E-08
  1274.0 0.3109018E-08
  1275.0 0.2872469E-08
  1276.0 0.2574396E-08
  1277.0 0.2221245E-08
  1278.0 0.1820613E-08
  1279.0 0.1381032E-08
  1280.0 0.9118197E-09
  1281.0 0.4228425E-09
  1282.0 -.7568834E-10
  1283.0 -.5734498E-09
  1284.0 -.1060230E-08
  1285.0 -.1526151E-08
  1286.0 -.1961892E-08
  1287.0 -.2358862E-08
  1288.0 -.2709425E-08
  1289.0 -.3007014E-08
  1290.0 -.3246292E-08
  1291.0 -.3423247E-08
  1292.0 -.3535255E-08
  1293.0 -.3581151E-08
  1294.0 -.3561187E-08
  1295.0 -.3477072E-08
  1296.0 -.3331852E-08
  1297.0 -.3129859E-08
  1298.0 -.2876586E-08
  1299.0 -.2578541E-08
  1300.0 -.2243107E-08
  1301.0 -.1878325E-08
  1302.0 -.1492741E-08
  1303.0 -.1095172E-08
  1304.0 -.6945179E-09
  1305.0 -.2995520E-09
  1306.0 0.8126911E-10
  1307.0 0.4400154E-09
  1308.0 0.7694355E-09
  1309.0 0.1063122E-08
  1310.0 0.1315647E-08
  1311.0 0.1522677E-08
  1312.0 0.1681043E-08
  1313.0 0.1788796E-08
  1314.0 0.1845255E-08
  1315.0 0.1850961E-08
  1316.0 0.1807686E-08
  1317.0 0.1718337E-08
  1318.0 0.1586896E-08
  1319.0 0.1418280E-08
  1320.0 0.1218234E-08
  1321.0 0.9931580E-09
  1322.0 0.7499496E-09
  1323.0 0.4958453E-09
  1324.0 0.2382073E-09
  1325.0 -.1562474E-10
  1326.0 -.2585369E-09
  1327.0 -.4838007E-09
  1328.0 -.6852361E-09
  1329.0 -.8573562E-09
  1330.0 -.9955045E-09
  1331.0 -.1095939E-08
  1332.0 -.1155936E-08
  1333.0 -.1173857E-08
  1334.0 -.1149139E-08
  1335.0 -.1082343E-08
  1336.0 -.9751157E-09
  1337.0 -.8301392E-09
  1338.0 -.6510625E-09
  1339.0 -.4424069E-09
  1340.0 -.2094495E-09
  1341.0 0.4190617E-10
  1342.0 0.3052811E-09
  1343.0 0.5739734E-09
  1344.0 0.8411292E-09
  1345.0 0.1099906E-08
  1346.0 0.1343643E-08
  1347.0 0.1566017E-08
  1348.0 0.1761197E-08
  1349.0 0.1923993E-08
  1350.0 0.2049977E-08
  1351.0 0.2135590E-08
  1352.0 0.2178226E-08
  1353.0 0.2176297E-08
  1354.0 0.2129298E-08
  1355.0 0.2037775E-08
  1356.0 0.1903372E-08
  1357.0 0.1728745E-08
  1358.0 0.1517542E-08
  1359.0 0.1274309E-08
  1360.0 0.1004395E-08
  1361.0 0.7138130E-09
  1362.0 0.4091417E-09
  1363.0 0.9734918E-10
  1364.0 -.2143532E-09
  1365.0 -.5186666E-09
  1366.0 -.8083770E-09
  1367.0 -.1076507E-08
  1368.0 -.1316481E-08
  1369.0 -.1522265E-08
  1370.0 -.1688502E-08
  1371.0 -.1810643E-08
  1372.0 -.1885039E-08
  1373.0 -.1909027E-08
  1374.0 -.1880987E-08
  1375.0 -.1800406E-08
  1376.0 -.1667852E-08
  1377.0 -.1485005E-08
  1378.0 -.1254608E-08
  1379.0 -.9804131E-09
  1380.0 -.6671151E-09
  1381.0 -.3202515E-09
  1382.0 0.5390800E-10
  1383.0 0.4484839E-09
  1384.0 0.8561331E-09
  1385.0 0.1269189E-08
  1386.0 0.1679816E-08
  1387.0 0.2080177E-08
  1388.0 0.2462573E-08
  1389.0 0.2819601E-08
  1390.0 0.3144308E-08
  1391.0 0.3430314E-08
  1392.0 0.3671950E-08
  1393.0 0.3864336E-08
  1394.0 0.4003521E-08
  1395.0 0.4086499E-08
  1396.0 0.4111313E-08
  1397.0 0.4077047E-08
  1398.0 0.3983855E-08
  1399.0 0.3832981E-08
  1400.0 0.3626658E-08
  1401.0 0.3368112E-08
  1402.0 0.3061501E-08
  1403.0 0.2711779E-08
  1404.0 0.2324640E-08
  1405.0 0.1906398E-08
  1406.0 0.1463857E-08
  1407.0 0.1004186E-08
  1408.0 0.5347819E-09
  1409.0 0.6314187E-10
  1410.0 -.4032804E-09
  1411.0 -.8572015E-09
  1412.0 -.1291636E-08
  1413.0 -.1700012E-08
  1414.0 -.2076284E-08
  1415.0 -.2415028E-08
  1416.0 -.2711509E-08
  1417.0 -.2961766E-08
  1418.0 -.3162660E-08
  1419.0 -.3311895E-08
  1420.0 -.3408056E-08
  1421.0 -.3450604E-08
  1422.0 -.3439849E-08
  1423.0 -.3376939E-08
  1424.0 -.3263810E-08
  1425.0 -.3103138E-08
  1426.0 -.2898265E-08
  1427.0 -.2653102E-08
  1428.0 -.2372095E-08
  1429.0 -.2060099E-08
  1430.0 -.1722277E-08
  1431.0 -.1364034E-08
  1432.0 -.9909046E-09
  1433.0 -.6084547E-09
  1434.0 -.2222039E-09
  1435.0 0.1624738E-09
  1436.0 0.5404153E-09
  1437.0 0.9067498E-09
  1438.0 0.1256957E-08
  1439.0 0.1586929E-08
  1440.0 0.1892996E-08
  1441.0 0.2171983E-08
  1442.0 0.2421213E-08
  1443.0 0.2638533E-08
  1444.0 0.2822308E-08
  1445.0 0.2971438E-08
  1446.0 0.3085311E-08
  1447.0 0.3163812E-08
  1448.0 0.3207277E-08
  1449.0 0.3216458E-08
  1450.0 0.3192510E-08
  1451.0 0.3136923E-08
  1452.0 0.3051480E-08
  1453.0 0.2938247E-08
  1454.0 0.2799470E-08
  1455.0 0.2637583E-08
  1456.0 0.2455134E-08
  1457.0 0.2254770E-08
  1458.0 0.2039159E-08
  1459.0 0.1811006E-08
  1460.0 0.1572987E-08
  1461.0 0.1327725E-08
  1462.0 0.1077787E-08
  1463.0 0.8256381E-09
  1464.0 0.5736489E-09
  1465.0 0.3240645E-09
  1466.0 0.7901186E-10
  1467.0 -.1595213E-09
  1468.0 -.3896790E-09
  1469.0 -.6097474E-09
  1470.0 -.8181558E-09
  1471.0 -.1013464E-08
  1472.0 -.1194377E-08
  1473.0 -.1359747E-08
  1474.0 -.1508550E-08
  1475.0 -.1639911E-08
  1476.0 -.1753089E-08
  1477.0 -.1847490E-08
  1478.0 -.1922656E-08
  1479.0 -.1978284E-08
  1480.0 -.2014216E-08
  1481.0 -.2030452E-08
  1482.0 -.2027144E-08
  1483.0 -.2004611E-08
  1484.0 -.1963345E-08
  1485.0 -.1904004E-08
  1486.0 -.1827414E-08
  1487.0 -.1734569E-08
  1488.0 -.1626640E-08
  1489.0 -.1504958E-08
  1490.0 -.1371016E-08
  1491.0 -.1226448E-08
  1492.0 -.1073030E-08
  1493.0 -.9126492E-09
  1494.0 -.7472981E-09
  1495.0 -.5790468E-09
  1496.0 -.4100200E-09
  1497.0 -.2423641E-09
  1498.0 -.7822989E-10
  1499.0 0.8026552E-10
  1500.0 0.2310746E-09
  1501.0 0.3722346E-09
  1502.0 0.5019192E-09
  1503.0 0.6184538E-09
  1504.0 0.7203537E-09
  1505.0 0.8063463E-09
  1506.0 0.8753944E-09
  1507.0 0.9267208E-09
  1508.0 0.9598217E-09
  1509.0 0.9744795E-09
  1510.0 0.9707682E-09
  1511.0 0.9490522E-09
  1512.0 0.9099918E-09
  1513.0 0.8545246E-09
  1514.0 0.7838547E-09
  1515.0 0.6994311E-09
  1516.0 0.6029273E-09
  1517.0 0.4962036E-09
  1518.0 0.3812812E-09
  1519.0 0.2603009E-09
  1520.0 0.1354844E-09
  1521.0 0.9095402E-11
  1522.0 -.1166080E-09
  1523.0 -.2394095E-09
  1524.0 -.3571844E-09
  1525.0 -.4679322E-09
  1526.0 -.5698186E-09
  1527.0 -.6612139E-09
  1528.0 -.7407129E-09
  1529.0 -.8071716E-09
  1530.0 -.8597235E-09
  1531.0 -.8977922E-09
  1532.0 -.9211044E-09
  1533.0 -.9296904E-09
  1534.0 -.9238831E-09
  1535.0 -.9043002E-09
  1536.0 -.8718385E-09
  1537.0 -.8276434E-09
  1538.0 -.7730897E-09
  1539.0 -.7097393E-09
  1540.0 -.6393149E-09
  1541.0 -.5636586E-09
  1542.0 -.4846893E-09
  1543.0 -.4043589E-09
  1544.0 -.3246119E-09
  1545.0 -.2473416E-09
  1546.0 -.1743487E-09
  1547.0 -.1073017E-09
  1548.0 -.4770296E-10
  1549.0 0.3145511E-11
  1550.0 0.4416846E-10
  1551.0 0.7453729E-10
  1552.0 0.9368958E-10
  1553.0 0.1013373E-09
  1554.0 0.9747120E-10
  1555.0 0.8236219E-10
  1556.0 0.5654547E-10
  1557.0 0.2081240E-10
  1558.0 -.2381263E-10
  1559.0 -.7609274E-10
  1560.0 -.1346162E-09
  1561.0 -.1978231E-09
  1562.0 -.2640447E-09
  1563.0 -.3315397E-09
  1564.0 -.3985406E-09
  1565.0 -.4632891E-09
  1566.0 -.5240743E-09
  1567.0 -.5792747E-09
  1568.0 -.6273986E-09
  1569.0 -.6671114E-09
  1570.0 -.6972662E-09
  1571.0 -.7169253E-09
  1572.0 -.7253929E-09
  1573.0 -.7222207E-09
  1574.0 -.7072107E-09
  1575.0 -.6804315E-09
  1576.0 -.6422147E-09
  1577.0 -.5931327E-09
  1578.0 -.5339987E-09
  1579.0 -.4658455E-09
  1580.0 -.3898972E-09
  1581.0 -.3075444E-09
  1582.0 -.2203127E-09
  1583.0 -.1298269E-09
  1584.0 -.3778350E-10
  1585.0 0.5410096E-10
  1586.0 0.1441126E-09
  1587.0 0.2305836E-09
  1588.0 0.3119289E-09
  1589.0 0.3866731E-09
  1590.0 0.4534862E-09
  1591.0 0.5112071E-09
  1592.0 0.5588651E-09
  1593.0 0.5957028E-09
  1594.0 0.6211811E-09
  1595.0 0.6349956E-09
  1596.0 0.6370739E-09
  1597.0 0.6275739E-09
  1598.0 0.6068799E-09
  1599.0 0.5755845E-09
  1600.0 0.5344797E-09
  1601.0 0.4845263E-09
  1602.0 0.4268407E-09
  1603.0 0.3626612E-09
  1604.0 0.2933203E-09
  1605.0 0.2202179E-09
  1606.0 0.1447844E-09
  1607.0 0.6845461E-10
  1608.0 -.7363860E-11
  1609.0 -.8132135E-10
  1610.0 -.1521489E-09
  1611.0 -.2186879E-09
  1612.0 -.2799058E-09
  1613.0 -.3349178E-09
  1614.0 -.3829979E-09
  1615.0 -.4235872E-09
  1616.0 -.4563045E-09
  1617.0 -.4809423E-09
  1618.0 -.4974665E-09
  1619.0 -.5060081E-09
  1620.0 -.5068500E-09
  1621.0 -.5004216E-09
  1622.0 -.4872718E-09
  1623.0 -.4680564E-09
  1624.0 -.4435150E-09
  1625.0 -.4144468E-09
  1626.0 -.3816923E-09
  1627.0 -.3461059E-09
  1628.0 -.3085355E-09
  1629.0 -.2698027E-09
  1630.0 -.2306790E-09
  1631.0 -.1918727E-09
  1632.0 -.1540123E-09
  1633.0 -.1176327E-09
  1634.0 -.8316905E-10
  1635.0 -.5094968E-10
  1636.0 -.2119265E-10
  1637.0 0.5990605E-11
  1638.0 0.3059529E-10
  1639.0 0.5271108E-10
  1640.0 0.7251770E-10
  1641.0 0.9026761E-10
  1642.0 0.1062759E-09
  1643.0 0.1209007E-09
  1644.0 0.1345311E-09
  1645.0 0.1475645E-09
  1646.0 0.1603934E-09
  1647.0 0.1733877E-09
  1648.0 0.1868755E-09
  1649.0 0.2011347E-09
  1650.0 0.2163743E-09
  1651.0 0.2327294E-09
  1652.0 0.2502496E-09
  1653.0 0.2688972E-09
  1654.0 0.2885433E-09
  1655.0 0.3089700E-09
  1656.0 0.3298753E-09
  1657.0 0.3508757E-09
  1658.0 0.3715237E-09
  1659.0 0.3913131E-09
  1660.0 0.4096976E-09
  1661.0 0.4261043E-09
  1662.0 0.4399526E-09
  1663.0 0.4506735E-09
  1664.0 0.4577256E-09
  1665.0 0.4606160E-09
  1666.0 0.4589158E-09
  1667.0 0.4522781E-09
  1668.0 0.4404515E-09
  1669.0 0.4232958E-09
  1670.0 0.4007858E-09
  1671.0 0.3730256E-09
  1672.0 0.3402476E-09
  1673.0 0.3028139E-09
  1674.0 0.2612161E-09
  1675.0 0.2160666E-09
  1676.0 0.1680879E-09
  1677.0 0.1181046E-09
  1678.0 0.6702308E-10
  1679.0 0.1581614E-10
  1680.0 -.3449991E-10
  1681.0 -.8288509E-10
  1682.0 -.1283006E-09
  1683.0 -.1697321E-09
  1684.0 -.2062147E-09
  1685.0 -.2368561E-09
  1686.0 -.2608592E-09
  1687.0 -.2775439E-09
  1688.0 -.2863644E-09
  1689.0 -.2869270E-09
  1690.0 -.2790014E-09
  1691.0 -.2625331E-09
  1692.0 -.2376453E-09
  1693.0 -.2046445E-09
  1694.0 -.1640156E-09
  1695.0 -.1164180E-09
  1696.0 -.6267298E-10
  1697.0 -.3751071E-11
  1698.0 0.5924602E-10
  1699.0 0.1251062E-09
  1700.0 0.1925314E-09
  1701.0 0.2601635E-09
  1702.0 0.3266099E-09
  1703.0 0.3904766E-09
  1704.0 0.4503928E-09
  1705.0 0.5050451E-09
  1706.0 0.5532039E-09
  1707.0 0.5937472E-09
  1708.0 0.6256906E-09
  1709.0 0.6482103E-09
  1710.0 0.6606550E-09
  1711.0 0.6625697E-09
  1712.0 0.6537040E-09
  1713.0 0.6340203E-09
  1714.0 0.6036947E-09
  1715.0 0.5631189E-09
  1716.0 0.5128926E-09
  1717.0 0.4538115E-09
  1718.0 0.3868571E-09
  1719.0 0.3131712E-09
  1720.0 0.2340405E-09
  1721.0 0.1508684E-09
  1722.0 0.6514598E-10
  1723.0 -.2157559E-10
  1724.0 -.1077182E-09
  1725.0 -.1917060E-09
  1726.0 -.2719992E-09
  1727.0 -.3471252E-09
  1728.0 -.4157073E-09
  1729.0 -.4764933E-09
  1730.0 -.5283802E-09
  1731.0 -.5704346E-09
  1732.0 -.6019175E-09
  1733.0 -.6222899E-09
  1734.0 -.6312304E-09
  1735.0 -.6286376E-09
  1736.0 -.6146298E-09
  1737.0 -.5895480E-09
  1738.0 -.5539411E-09
  1739.0 -.5085579E-09
  1740.0 -.4543301E-09
  1741.0 -.3923507E-09
  1742.0 -.3238534E-09
  1743.0 -.2501877E-09
  1744.0 -.1727875E-09
  1745.0 -.9314483E-10
  1746.0 -.1277826E-10
  1747.0 0.6679766E-10
  1748.0 0.1441012E-09
  1749.0 0.2177146E-09
  1750.0 0.2863096E-09
  1751.0 0.3486741E-09
  1752.0 0.4037318E-09
  1753.0 0.4505679E-09
  1754.0 0.4884367E-09
  1755.0 0.5167797E-09
  1756.0 0.5352339E-09
  1757.0 0.5436273E-09
  1758.0 0.5419925E-09
  1759.0 0.5305464E-09
  1760.0 0.5096998E-09
  1761.0 0.4800267E-09
  1762.0 0.4422641E-09
  1763.0 0.3972852E-09
  1764.0 0.3460814E-09
  1765.0 0.2897391E-09
  1766.0 0.2294171E-09
  1767.0 0.1663172E-09
  1768.0 0.1016627E-09
  1769.0 0.3667073E-10
  1770.0 -.2747202E-10
  1771.0 -.8963293E-10
  1772.0 -.1487555E-09
  1773.0 -.2038761E-09
  1774.0 -.2541452E-09
  1775.0 -.2988405E-09
  1776.0 -.3373737E-09
  1777.0 -.3693043E-09
  1778.0 -.3943374E-09
  1779.0 -.4123325E-09
  1780.0 -.4232938E-09
  1781.0 -.4273674E-09
  1782.0 -.4248357E-09
  1783.0 -.4161000E-09
  1784.0 -.4016724E-09
  1785.0 -.3821582E-09
  1786.0 -.3582380E-09
  1787.0 -.3306503E-09
  1788.0 -.3001735E-09
  1789.0 -.2676057E-09
  1790.0 -.2337464E-09
  1791.0 -.1993770E-09
  1792.0 -.1652464E-09
  1793.0 -.1320525E-09
  1794.0 -.1004315E-09
  1795.0 -.7094338E-10
  1796.0 -.4406423E-10
  1797.0 -.2017915E-10
  1798.0 0.4233570E-12
  1799.0 0.1755207E-10
  1800.0 0.3111211E-10
  1801.0 0.4110372E-10
  1802.0 0.4761553E-10
  1803.0 0.5081723E-10
  1804.0 0.5095058E-10
  1805.0 0.4832005E-10
  1806.0 0.4327873E-10
  1807.0 0.3621760E-10
  1808.0 0.2755201E-10
  1809.0 0.1770828E-10
  1810.0 0.7111372E-11
  1811.0 -.3827795E-11
  1812.0 -.1472353E-10
  1813.0 -.2522538E-10
  1814.0 -.3502683E-10
  1815.0 -.4387183E-10
  1816.0 -.5156061E-10
  1817.0 -.5795293E-10
  1818.0 -.6296859E-10
  1819.0 -.6658812E-10
  1820.0 -.6884876E-10
  1821.0 -.6984228E-10
  1822.0 -.6970695E-10
  1823.0 -.6862137E-10
  1824.0 -.6679708E-10
  1825.0 -.6446763E-10
  1826.0 -.6188063E-10
  1827.0 -.5928560E-10
  1828.0 -.5692609E-10
  1829.0 -.5502911E-10
  1830.0 -.5379604E-10
  1831.0 -.5339436E-10
  1832.0 -.5395166E-10
  1833.0 -.5554941E-10
  1834.0 -.5821903E-10
  1835.0 -.6193956E-10
  1836.0 -.6663743E-10
  1837.0 -.7218715E-10
  1838.0 -.7841472E-10
  1839.0 -.8510169E-10
  1840.0 -.9199221E-10
  1841.0 -.9879945E-10
  1842.0 -.1052156E-09
  1843.0 -.1109205E-09
  1844.0 -.1155926E-09
  1845.0 -.1189194E-09
  1846.0 -.1206080E-09
  1847.0 -.1203967E-09
  1848.0 -.1180628E-09
  1849.0 -.1134341E-09
  1850.0 -.1063955E-09
  1851.0 -.9689489E-10
  1852.0 -.8494975E-10
  1853.0 -.7064877E-10
  1854.0 -.5415381E-10
  1855.0 -.3569888E-10
  1856.0 -.1558697E-10
  1857.0 0.5814601E-11
  1858.0 0.2808156E-10
  1859.0 0.5074043E-10
  1860.0 0.7327929E-10
  1861.0 0.9516015E-10
  1862.0 0.1158312E-09
  1863.0 0.1347396E-09
  1864.0 0.1513479E-09
  1865.0 0.1651462E-09
  1866.0 0.1756677E-09
  1867.0 0.1825016E-09
  1868.0 0.1853055E-09
  1869.0 0.1838176E-09
  1870.0 0.1778659E-09
  1871.0 0.1673759E-09
  1872.0 0.1523768E-09
  1873.0 0.1330046E-09
  1874.0 0.1095037E-09
  1875.0 0.8222449E-10
  1876.0 0.5161881E-10
  1877.0 0.1823567E-10
  1878.0 -.1729079E-10
  1879.0 -.5425065E-10
  1880.0 -.9187316E-10
  1881.0 -.1293410E-09
  1882.0 -.1658080E-09
  1883.0 -.2004161E-09
  1884.0 -.2323147E-09
  1885.0 -.2606802E-09
  1886.0 -.2847337E-09
  1887.0 -.3037605E-09
  1888.0 -.3171279E-09
  1889.0 -.3242996E-09
  1890.0 -.3248521E-09
  1891.0 -.3184865E-09
  1892.0 -.3050373E-09
  1893.0 -.2844809E-09
  1894.0 -.2569401E-09
  1895.0 -.2226829E-09
  1896.0 -.1821237E-09
  1897.0 -.1358174E-09
  1898.0 -.8444983E-10
  1899.0 -.2882778E-10
  1900.0 0.3013344E-10
  1901.0 0.9142943E-10
  1902.0 0.1539822E-09
  1903.0 0.2166622E-09
  1904.0 0.2783100E-09
  1905.0 0.3377590E-09
  1906.0 0.3938567E-09
  1907.0 0.4454922E-09
  1908.0 0.4916153E-09
  1909.0 0.5312586E-09
  1910.0 0.5635618E-09
  1911.0 0.5877849E-09
  1912.0 0.6033272E-09
  1913.0 0.6097436E-09
  1914.0 0.6067497E-09
  1915.0 0.5942331E-09
  1916.0 0.5722582E-09
  1917.0 0.5410625E-09
  1918.0 0.5010603E-09
  1919.0 0.4528296E-09
  1920.0 0.3971087E-09
  1921.0 0.3347780E-09
  1922.0 0.2668489E-09
  1923.0 0.1944408E-09
  1924.0 0.1187643E-09
  1925.0 0.4109636E-10
  1926.0 -.3724191E-10
  1927.0 -.1149124E-09
  1928.0 -.1905826E-09
  1929.0 -.2629533E-09
  1930.0 -.3307804E-09
  1931.0 -.3929004E-09
  1932.0 -.4482520E-09
  1933.0 -.4958950E-09
  1934.0 -.5350280E-09
  1935.0 -.5650025E-09
  1936.0 -.5853367E-09
  1937.0 -.5957220E-09
  1938.0 -.5960271E-09
  1939.0 -.5863008E-09
  1940.0 -.5667695E-09
  1941.0 -.5378332E-09
  1942.0 -.5000512E-09
  1943.0 -.4541376E-09
  1944.0 -.4009414E-09
  1945.0 -.3414302E-09
  1946.0 -.2766719E-09
  1947.0 -.2078113E-09
  1948.0 -.1360500E-09
  1949.0 -.6262160E-10
  1950.0 0.1123190E-10
  1951.0 0.8428300E-10
  1952.0 0.1553418E-09
  1953.0 0.2232775E-09
  1954.0 0.2870399E-09
  1955.0 0.3456751E-09
  1956.0 0.3983447E-09
  1957.0 0.4443366E-09
  1958.0 0.4830780E-09
  1959.0 0.5141408E-09
  1960.0 0.5372456E-09
  1961.0 0.5522702E-09
  1962.0 0.5592362E-09
  1963.0 0.5583149E-09
  1964.0 0.5498144E-09
  1965.0 0.5341713E-09
  1966.0 0.5119369E-09
  1967.0 0.4837624E-09
  1968.0 0.4503854E-09
  1969.0 0.4126083E-09
  1970.0 0.3712844E-09
  1971.0 0.3272925E-09
  1972.0 0.2815235E-09
  1973.0 0.2348592E-09
  1974.0 0.1881541E-09
  1975.0 0.1422188E-09
  1976.0 0.9780461E-10
  1977.0 0.5558961E-10
  1978.0 0.1616713E-10
  1979.0 -.1996334E-10
  1980.0 -.5240336E-10
  1981.0 -.8085976E-10
  1982.0 -.1051468E-09
  1983.0 -.1251848E-09
  1984.0 -.1409983E-09
  1985.0 -.1527078E-09
  1986.0 -.1605260E-09
  1987.0 -.1647433E-09
  1988.0 -.1657214E-09
  1989.0 -.1638775E-09
  1990.0 -.1596705E-09
  1991.0 -.1535891E-09
  1992.0 -.1461348E-09
  1993.0 -.1378080E-09
  1994.0 -.1290939E-09
  1995.0 -.1204491E-09
  1996.0 -.1122898E-09
  1997.0 -.1049796E-09
  1998.0 -.9882118E-10
  1999.0 -.9404854E-10
  2000.0 -.9082132E-10
  2001.0 -.8922198E-10
  2002.0 -.8925450E-10
  2003.0 -.9084522E-10
  2004.0 -.9384599E-10
  2005.0 -.9804060E-10
  2006.0 -.1031506E-09
  2007.0 -.1088454E-09
  2008.0 -.1147520E-09
  2009.0 -.1204673E-09
  2010.0 -.1255702E-09
  2011.0 -.1296361E-09
  2012.0 -.1322479E-09
  2013.0 -.1330126E-09
  2014.0 -.1315724E-09
  2015.0 -.1276173E-09
  2016.0 -.1208961E-09
  2017.0 -.1112279E-09
  2018.0 -.9850826E-10
  2019.0 -.8271622E-10
  2020.0 -.6391975E-10
  2021.0 -.4227627E-10
  2022.0 -.1803421E-10
  2023.0 0.8470533E-11
  2024.0 0.3681874E-10
  2025.0 0.6651479E-10
  2026.0 0.9699534E-10
  2027.0 0.1276407E-09
  2028.0 0.1577871E-09
  2029.0 0.1867401E-09
  2030.0 0.2137902E-09
  2031.0 0.2382291E-09
  2032.0 0.2593651E-09
  2033.0 0.2765411E-09
  2034.0 0.2891485E-09
  2035.0 0.2966448E-09
  2036.0 0.2985680E-09
  2037.0 0.2945488E-09
  2038.0 0.2843227E-09
  2039.0 0.2677401E-09
  2040.0 0.2447734E-09
  2041.0 0.2155217E-09
  2042.0 0.1802147E-09
  2043.0 0.1392107E-09
  2044.0 0.9299498E-10
  2045.0 0.4217428E-10
  2046.0 -.1253265E-10
  2047.0 -.7030398E-10
  2048.0 -.1302295E-09
  2049.0 -.1913255E-09
  2050.0 -.2525511E-09
  2051.0 -.3128275E-09
  2052.0 -.3710596E-09
  2053.0 -.4261531E-09
  2054.0 -.4770404E-09
  2055.0 -.5226971E-09
  2056.0 -.5621669E-09
  2057.0 -.5945793E-09
  2058.0 -.6191698E-09
  2059.0 -.6352946E-09
  2060.0 -.6424500E-09
  2061.0 -.6402844E-09
  2062.0 -.6286063E-09
  2063.0 -.6073910E-09
  2064.0 -.5767901E-09
  2065.0 -.5371304E-09
  2066.0 -.4889093E-09
  2067.0 -.4327945E-09
  2068.0 -.3696110E-09
  2069.0 -.3003316E-09
  2070.0 -.2260638E-09
  2071.0 -.1480290E-09
  2072.0 -.6754559E-10
  2073.0 0.1399474E-10
  2074.0 0.9514994E-10
  2075.0 0.1744535E-09
  2076.0 0.2504392E-09
  2077.0 0.3216702E-09
  2078.0 0.3867629E-09
  2079.0 0.4444151E-09
  2080.0 0.4934294E-09
  2081.0 0.5327407E-09
  2082.0 0.5614326E-09
  2083.0 0.5787612E-09
  2084.0 0.5841723E-09
  2085.0 0.5773115E-09
  2086.0 0.5580391E-09
  2087.0 0.5264333E-09
  2088.0 0.4827981E-09
  2089.0 0.4276572E-09
  2090.0 0.3617552E-09
  2091.0 0.2860440E-09
  2092.0 0.2016749E-09
  2093.0 0.1099800E-09
  2094.0 0.1245353E-10
  2095.0 -.8926998E-10
  2096.0 -.1934415E-09
  2097.0 -.2982249E-09
  2098.0 -.4017275E-09
  2099.0 -.5020309E-09
  2100.0 -.5972224E-09
  2101.0 -.6854284E-09
  2102.0 -.7648496E-09
  2103.0 -.8337886E-09
  2104.0 -.8906821E-09
  2105.0 -.9341339E-09
  2106.0 -.9629363E-09
  2107.0 -.9760988E-09
  2108.0 -.9728660E-09
  2109.0 -.9527382E-09
  2110.0 -.9154796E-09
  2111.0 -.8611375E-09
  2112.0 -.7900340E-09
  2113.0 -.7027803E-09
  2114.0 -.6002610E-09
  2115.0 -.4836325E-09
  2116.0 -.3543053E-09
  2117.0 -.2139318E-09
  2118.0 -.6437671E-10
  2119.0 0.9230339E-10
  2120.0 0.2538904E-09
  2121.0 0.4180382E-09
  2122.0 0.5823074E-09
  2123.0 0.7442016E-09
  2124.0 0.9012056E-09
  2125.0 0.1050828E-08
  2126.0 0.1190637E-08
  2127.0 0.1318301E-08
  2128.0 0.1431628E-08
  2129.0 0.1528604E-08
  2130.0 0.1607415E-08
  2131.0 0.1666501E-08
  2132.0 0.1704566E-08
  2133.0 0.1720604E-08
  2134.0 0.1713924E-08
  2135.0 0.1684168E-08
  2136.0 0.1631311E-08
  2137.0 0.1555678E-08
  2138.0 0.1457930E-08
  2139.0 0.1339071E-08
  2140.0 0.1200430E-08
  2141.0 0.1043643E-08
  2142.0 0.8706396E-09
  2143.0 0.6836100E-09
  2144.0 0.4849746E-09
  2145.0 0.2773515E-09
  2146.0 0.6352117E-10
  2147.0 -.1536197E-09
  2148.0 -.3710982E-09
  2149.0 -.5859098E-09
  2150.0 -.7950631E-09
  2151.0 -.9956262E-09
  2152.0 -.1184772E-08
  2153.0 -.1359823E-08
  2154.0 -.1518286E-08
  2155.0 -.1657898E-08
  2156.0 -.1776659E-08
  2157.0 -.1872868E-08
  2158.0 -.1945136E-08
  2159.0 -.1992429E-08
  2160.0 -.2014061E-08
  2161.0 -.2009734E-08
  2162.0 -.1979515E-08
  2163.0 -.1923848E-08
  2164.0 -.1843555E-08
  2165.0 -.1739810E-08
  2166.0 -.1614127E-08
  2167.0 -.1468337E-08
  2168.0 -.1304564E-08
  2169.0 -.1125181E-08
  2170.0 -.9327867E-09
  2171.0 -.7301471E-09
  2172.0 -.5201733E-09
  2173.0 -.3058627E-09
  2174.0 -.9025371E-10
  2175.0 0.1236179E-09
  2176.0 0.3327669E-09
  2177.0 0.5343067E-09
  2178.0 0.7254927E-09
  2179.0 0.9037597E-09
  2180.0 0.1066772E-08
  2181.0 0.1212443E-08
  2182.0 0.1338979E-08
  2183.0 0.1444898E-08
  2184.0 0.1529051E-08
  2185.0 0.1590641E-08
  2186.0 0.1629225E-08
  2187.0 0.1644721E-08
  2188.0 0.1637408E-08
  2189.0 0.1607914E-08
  2190.0 0.1557199E-08
  2191.0 0.1486542E-08
  2192.0 0.1397507E-08
  2193.0 0.1291923E-08
  2194.0 0.1171847E-08
  2195.0 0.1039521E-08
  2196.0 0.8973408E-09
  2197.0 0.7478083E-09
  2198.0 0.5934915E-09
  2199.0 0.4369775E-09
  2200.0 0.2808321E-09
  2201.0 0.1275558E-09
  2202.0 -.2046054E-10
  2203.0 -.1609703E-09
  2204.0 -.2919074E-09
  2205.0 -.4114201E-09
  2206.0 -.5178993E-09
  2207.0 -.6099987E-09
  2208.0 -.6866557E-09
  2209.0 -.7471028E-09
  2210.0 -.7908788E-09
  2211.0 -.8178249E-09
  2212.0 -.8280850E-09
  2213.0 -.8220966E-09
  2214.0 -.8005768E-09
  2215.0 -.7645028E-09
  2216.0 -.7150891E-09
  2217.0 -.6537585E-09
  2218.0 -.5821145E-09
  2219.0 -.5019088E-09
  2220.0 -.4149973E-09
  2221.0 -.3233145E-09
  2222.0 -.2288274E-09
  2223.0 -.1335016E-09
  2224.0 -.3926380E-10
  2225.0 0.5203597E-10
  2226.0 0.1386558E-09
  2227.0 0.2189942E-09
  2228.0 0.2916174E-09
  2229.0 0.3552848E-09
  2230.0 0.4089671E-09
  2231.0 0.4518639E-09
  2232.0 0.4834137E-09
  2233.0 0.5032978E-09
  2234.0 0.5114512E-09
  2235.0 0.5080424E-09
  2236.0 0.4934813E-09
  2237.0 0.4683969E-09
  2238.0 0.4336241E-09
  2239.0 0.3901812E-09
  2240.0 0.3392455E-09
  2241.0 0.2821311E-09
  2242.0 0.2202498E-09
  2243.0 0.1550914E-09
  2244.0 0.8818260E-10
  2245.0 0.2106029E-10
  2246.0 -.4476221E-10
  2247.0 -.1078271E-09
  2248.0 -.1667621E-09
  2249.0 -.2203051E-09
  2250.0 -.2673329E-09
  2251.0 -.3068798E-09
  2252.0 -.3381590E-09
  2253.0 -.3605744E-09
  2254.0 -.3737330E-09
  2255.0 -.3774483E-09
  2256.0 -.3717465E-09
  2257.0 -.3568595E-09
  2258.0 -.3332205E-09
  2259.0 -.3014515E-09
  2260.0 -.2623506E-09
  2261.0 -.2168730E-09
  2262.0 -.1661074E-09
  2263.0 -.1112549E-09
  2264.0 -.5360121E-10
  2265.0 0.5509994E-11
  2266.0 0.6470698E-10
  2267.0 0.1226186E-09
  2268.0 0.1779033E-09
  2269.0 0.2292773E-09
  2270.0 0.2755422E-09
  2271.0 0.3156093E-09
  2272.0 0.3485222E-09
  2273.0 0.3734786E-09
  2274.0 0.3898430E-09
  2275.0 0.3971654E-09
  2276.0 0.3951854E-09
  2277.0 0.3838412E-09
  2278.0 0.3632697E-09
  2279.0 0.3338042E-09
  2280.0 0.2959669E-09
  2281.0 0.2504609E-09
  2282.0 0.1981531E-09
  2283.0 0.1400586E-09
  2284.0 0.7732067E-10
  2285.0 0.1118729E-10
  2286.0 -.5701435E-10
  2287.0 -.1259032E-09
  2288.0 -.1940726E-09
  2289.0 -.2601179E-09
  2290.0 -.3226654E-09
  2291.0 -.3803985E-09
  2292.0 -.4320846E-09
  2293.0 -.4766007E-09
  2294.0 -.5129546E-09
  2295.0 -.5403049E-09
  2296.0 -.5579782E-09
  2297.0 -.5654842E-09
  2298.0 -.5625252E-09
  2299.0 -.5490012E-09
  2300.0 -.5250148E-09
  2301.0 -.4908701E-09
  2302.0 -.4470645E-09
  2303.0 -.3942870E-09
  2304.0 -.3333974E-09
  2305.0 -.2654177E-09
  2306.0 -.1915126E-09
  2307.0 -.1129642E-09
  2308.0 -.3115399E-10
  2309.0 0.5246489E-10
  2310.0 0.1363934E-09
  2311.0 0.2191137E-09
  2312.0 0.2991165E-09
  2313.0 0.3749291E-09
  2314.0 0.4451400E-09
  2315.0 0.5084276E-09
  2316.0 0.5635789E-09
  2317.0 0.6095180E-09
  2318.0 0.6453179E-09
  2319.0 0.6702246E-09
  2320.0 0.6836624E-09
  2321.0 0.6852500E-09
  2322.0 0.6748069E-09
  2323.0 0.6523534E-09
  2324.0 0.6181123E-09
  2325.0 0.5725055E-09
  2326.0 0.5161467E-09
  2327.0 0.4498294E-09
  2328.0 0.3745136E-09
  2329.0 0.2913128E-09
  2330.0 0.2014704E-09
  2331.0 0.1063422E-09
  2332.0 0.7372682E-11
  2333.0 -.9392878E-10
  2334.0 -.1960129E-09
  2335.0 -.2973152E-09
  2336.0 -.3962825E-09
  2337.0 -.4913961E-09
  2338.0 -.5811964E-09
  2339.0 -.6643066E-09
  2340.0 -.7394537E-09
  2341.0 -.8054864E-09
  2342.0 -.8613948E-09
  2343.0 -.9063231E-09
  2344.0 -.9395790E-09
  2345.0 -.9606533E-09
  2346.0 -.9692105E-09
  2347.0 -.9651067E-09
  2348.0 -.9483835E-09
  2349.0 -.9192616E-09
  2350.0 -.8781423E-09
  2351.0 -.8255996E-09
  2352.0 -.7623629E-09
  2353.0 -.6893097E-09
  2354.0 -.6074490E-09
  2355.0 -.5179074E-09
  2356.0 -.4219050E-09
  2357.0 -.3207432E-09
  2358.0 -.2157795E-09
  2359.0 -.1084106E-09
  2360.0 -.4923972E-13
  2361.0 0.1078944E-09
  2362.0 0.2140328E-09
  2363.0 0.3170223E-09
  2364.0 0.4155781E-09
  2365.0 0.5084929E-09
  2366.0 0.5946522E-09
  2367.0 0.6730481E-09
  2368.0 0.7427895E-09
  2369.0 0.8031129E-09
  2370.0 0.8533921E-09
  2371.0 0.8931401E-09
  2372.0 0.9220150E-09
  2373.0 0.9398207E-09
  2374.0 0.9465057E-09
  2375.0 0.9421639E-09
  2376.0 0.9270241E-09
  2377.0 0.9014502E-09
  2378.0 0.8659245E-09
  2379.0 0.8210507E-09
  2380.0 0.7675318E-09
  2381.0 0.7061642E-09
  2382.0 0.6378254E-09
  2383.0 0.5634571E-09
  2384.0 0.4840536E-09
  2385.0 0.4006508E-09
  2386.0 0.3143056E-09
  2387.0 0.2260890E-09
  2388.0 0.1370658E-09
  2389.0 0.4828567E-10
  2390.0 -.3922920E-10
  2391.0 -.1244991E-09
  2392.0 -.2065941E-09
  2393.0 -.2846470E-09
  2394.0 -.3578606E-09
  2395.0 -.4255151E-09
  2396.0 -.4869761E-09
  2397.0 -.5416976E-09
  2398.0 -.5892279E-09
  2399.0 -.6292127E-09
