     0.0 0.0000000E+00
     1.0 -.4792396E-16
     2.0 0.7752499E-16
     3.0 0.1186428E-14
     4.0 0.4585838E-14
     5.0 0.1195455E-13
     6.0 0.2519830E-13
     7.0 0.4629064E-13
     8.0 0.7710493E-13
     9.0 0.1192462E-12
    10.0 0.1738913E-12
    11.0 0.2416448E-12
    12.0 0.3224178E-12
    13.0 0.4153355E-12
    14.0 0.5186793E-12
    15.0 0.6298654E-12
    16.0 0.7454634E-12
    17.0 0.8612546E-12
    18.0 0.9723271E-12
    19.0 0.1073208E-11
    20.0 0.1158024E-11
    21.0 0.1220688E-11
    22.0 0.1255102E-11
    23.0 0.1255376E-11
    24.0 0.1216041E-11
    25.0 0.1132261E-11
    26.0 0.1000038E-11
    27.0 0.8163837E-12
    28.0 0.5794821E-12
    29.0 0.2888025E-12
    30.0 -.5480645E-13
    31.0 -.4490690E-12
    32.0 -.8902692E-12
    33.0 -.1373279E-11
    34.0 -.1891617E-11
    35.0 -.2437554E-11
    36.0 -.3002226E-11
    37.0 -.3575801E-11
    38.0 -.4147639E-11
    39.0 -.4706497E-11
    40.0 -.5240717E-11
    41.0 -.5738443E-11
    42.0 -.6187826E-11
    43.0 -.6577246E-11
    44.0 -.6895507E-11
    45.0 -.7132054E-11
    46.0 -.7277164E-11
    47.0 -.7322146E-11
    48.0 -.7259526E-11
    49.0 -.7083219E-11
    50.0 -.6788716E-11
    51.0 -.6373261E-11
    52.0 -.5835978E-11
    53.0 -.5178068E-11
    54.0 -.4402925E-11
    55.0 -.3516259E-11
    56.0 -.2526208E-11
    57.0 -.1443424E-11
    58.0 -.2810850E-12
    59.0 0.9450785E-12
    60.0 0.2216879E-11
    61.0 0.3513756E-11
    62.0 0.4813002E-11
    63.0 0.6090016E-11
    64.0 0.7318699E-11
    65.0 0.8471840E-11
    66.0 0.9521757E-11
    67.0 0.1044083E-10
    68.0 0.1120230E-10
    69.0 0.1178098E-10
    70.0 0.1215417E-10
    71.0 0.1230248E-10
    72.0 0.1221075E-10
    73.0 0.1186889E-10
    74.0 0.1127272E-10
    75.0 0.1042473E-10
    76.0 0.9334583E-11
    77.0 0.8019784E-11
    78.0 0.6505647E-11
    79.0 0.4825605E-11
    80.0 0.3020902E-11
    81.0 0.1140027E-11
    82.0 -.7619503E-12
    83.0 -.2624490E-11
    84.0 -.4382924E-11
    85.0 -.5970127E-11
    86.0 -.7318369E-11
    87.0 -.8361389E-11
    88.0 -.9036666E-11
    89.0 -.9287873E-11
    90.0 -.9067034E-11
    91.0 -.8337196E-11
    92.0 -.7074425E-11
    93.0 -.5270004E-11
    94.0 -.2932064E-11
    95.0 -.8695828E-13
    96.0 0.3219551E-11
    97.0 0.6922208E-11
    98.0 0.1093617E-10
    99.0 0.1515790E-10
   100.0 0.1946623E-10
   101.0 0.2372498E-10
   102.0 0.2778449E-10
   103.0 0.3148424E-10
   104.0 0.3465657E-10
   105.0 0.3713118E-10
   106.0 0.3873961E-10
   107.0 0.3932043E-10
   108.0 0.3872462E-10
   109.0 0.3682031E-10
   110.0 0.3349831E-10
   111.0 0.2867661E-10
   112.0 0.2230458E-10
   113.0 0.1436672E-10
   114.0 0.4885376E-11
   115.0 -.6077231E-11
   116.0 -.1841844E-10
   117.0 -.3199473E-10
   118.0 -.4662366E-10
   119.0 -.6208586E-10
   120.0 -.7812889E-10
   121.0 -.9447123E-10
   122.0 -.1108087E-09
   123.0 -.1268199E-09
   124.0 -.1421733E-09
   125.0 -.1565348E-09
   126.0 -.1695748E-09
   127.0 -.1809765E-09
   128.0 -.1904416E-09
   129.0 -.1976989E-09
   130.0 -.2025087E-09
   131.0 -.2046689E-09
   132.0 -.2040181E-09
   133.0 -.2004387E-09
   134.0 -.1938583E-09
   135.0 -.1842492E-09
   136.0 -.1716269E-09
   137.0 -.1560472E-09
   138.0 -.1376016E-09
   139.0 -.1164117E-09
   140.0 -.9262235E-10
   141.0 -.6639488E-10
   142.0 -.3789818E-10
   143.0 -.7301557E-11
   144.0 0.2523498E-10
   145.0 0.5956707E-10
   146.0 0.9557374E-10
   147.0 0.1331640E-09
   148.0 0.1722809E-09
   149.0 0.2129062E-09
   150.0 0.2550604E-09
   151.0 0.2988047E-09
   152.0 0.3442377E-09
   153.0 0.3914915E-09
   154.0 0.4407266E-09
   155.0 0.4921253E-09
   156.0 0.5458804E-09
   157.0 0.6021880E-09
   158.0 0.6612337E-09
   159.0 0.7231840E-09
   160.0 0.7881719E-09
   161.0 0.8562871E-09
   162.0 0.9275654E-09
   163.0 0.1001979E-08
   164.0 0.1079429E-08
   165.0 0.1159741E-08
   166.0 0.1242659E-08
   167.0 0.1327846E-08
   168.0 0.1414891E-08
   169.0 0.1503305E-08
   170.0 0.1592539E-08
   171.0 0.1681988E-08
   172.0 0.1771011E-08
   173.0 0.1858938E-08
   174.0 0.1945101E-08
   175.0 0.2028840E-08
   176.0 0.2109538E-08
   177.0 0.2186631E-08
   178.0 0.2259630E-08
   179.0 0.2328145E-08
   180.0 0.2391900E-08
   181.0 0.2450748E-08
   182.0 0.2504684E-08
   183.0 0.2553852E-08
   184.0 0.2598552E-08
   185.0 0.2639231E-08
   186.0 0.2676490E-08
   187.0 0.2711064E-08
   188.0 0.2743806E-08
   189.0 0.2775678E-08
   190.0 0.2807706E-08
   191.0 0.2840974E-08
   192.0 0.2876573E-08
   193.0 0.2915573E-08
   194.0 0.2958985E-08
   195.0 0.3007730E-08
   196.0 0.3062589E-08
   197.0 0.3124178E-08
   198.0 0.3192910E-08
   199.0 0.3268964E-08
   200.0 0.3352268E-08
   201.0 0.3442465E-08
   202.0 0.3538914E-08
   203.0 0.3640677E-08
   204.0 0.3746525E-08
   205.0 0.3854942E-08
   206.0 0.3964154E-08
   207.0 0.4072150E-08
   208.0 0.4176703E-08
   209.0 0.4275432E-08
   210.0 0.4365842E-08
   211.0 0.4445371E-08
   212.0 0.4511453E-08
   213.0 0.4561580E-08
   214.0 0.4593357E-08
   215.0 0.4604560E-08
   216.0 0.4593210E-08
   217.0 0.4557619E-08
   218.0 0.4496440E-08
   219.0 0.4408708E-08
   220.0 0.4293879E-08
   221.0 0.4151874E-08
   222.0 0.3983073E-08
   223.0 0.3788320E-08
   224.0 0.3568940E-08
   225.0 0.3326703E-08
   226.0 0.3063807E-08
   227.0 0.2782835E-08
   228.0 0.2486700E-08
   229.0 0.2178598E-08
   230.0 0.1861933E-08
   231.0 0.1540252E-08
   232.0 0.1217160E-08
   233.0 0.8962397E-09
   234.0 0.5809882E-09
   235.0 0.2747128E-09
   236.0 -.1952519E-10
   237.0 -.2989920E-09
   238.0 -.5613298E-09
   239.0 -.8046289E-09
   240.0 -.1027445E-08
   241.0 -.1228856E-08
   242.0 -.1408456E-08
   243.0 -.1566367E-08
   244.0 -.1703233E-08
   245.0 -.1820180E-08
   246.0 -.1918792E-08
   247.0 -.2001053E-08
   248.0 -.2069281E-08
   249.0 -.2126070E-08
   250.0 -.2174182E-08
   251.0 -.2216503E-08
   252.0 -.2255910E-08
   253.0 -.2295217E-08
   254.0 -.2337066E-08
   255.0 -.2383850E-08
   256.0 -.2437644E-08
   257.0 -.2500131E-08
   258.0 -.2572535E-08
   259.0 -.2655611E-08
   260.0 -.2749581E-08
   261.0 -.2854148E-08
   262.0 -.2968480E-08
   263.0 -.3091243E-08
   264.0 -.3220648E-08
   265.0 -.3354477E-08
   266.0 -.3490172E-08
   267.0 -.3624905E-08
   268.0 -.3755676E-08
   269.0 -.3879400E-08
   270.0 -.3993023E-08
   271.0 -.4093610E-08
   272.0 -.4178478E-08
   273.0 -.4245274E-08
   274.0 -.4292069E-08
   275.0 -.4317461E-08
   276.0 -.4320620E-08
   277.0 -.4301368E-08
   278.0 -.4260188E-08
   279.0 -.4198281E-08
   280.0 -.4117514E-08
   281.0 -.4020443E-08
   282.0 -.3910216E-08
   283.0 -.3790573E-08
   284.0 -.3665678E-08
   285.0 -.3540094E-08
   286.0 -.3418610E-08
   287.0 -.3306140E-08
   288.0 -.3207533E-08
   289.0 -.3127492E-08
   290.0 -.3070385E-08
   291.0 -.3040115E-08
   292.0 -.3039961E-08
   293.0 -.3072471E-08
   294.0 -.3139340E-08
   295.0 -.3241329E-08
   296.0 -.3378181E-08
   297.0 -.3548587E-08
   298.0 -.3750160E-08
   299.0 -.3979453E-08
   300.0 -.4231996E-08
   301.0 -.4502386E-08
   302.0 -.4784369E-08
   303.0 -.5070991E-08
   304.0 -.5354714E-08
   305.0 -.5627661E-08
   306.0 -.5881731E-08
   307.0 -.6108893E-08
   308.0 -.6301351E-08
   309.0 -.6451780E-08
   310.0 -.6553523E-08
   311.0 -.6600884E-08
   312.0 -.6589217E-08
   313.0 -.6515178E-08
   314.0 -.6376862E-08
   315.0 -.6173888E-08
   316.0 -.5907550E-08
   317.0 -.5580800E-08
   318.0 -.5198296E-08
   319.0 -.4766368E-08
   320.0 -.4292894E-08
   321.0 -.3787213E-08
   322.0 -.3259971E-08
   323.0 -.2722887E-08
   324.0 -.2188519E-08
   325.0 -.1670001E-08
   326.0 -.1180761E-08
   327.0 -.7341590E-09
   328.0 -.3432129E-09
   329.0 -.2023355E-10
   330.0 0.2234661E-09
   331.0 0.3779512E-09
   332.0 0.4348766E-09
   333.0 0.3878255E-09
   334.0 0.2324838E-09
   335.0 -.3312712E-10
   336.0 -.4085511E-09
   337.0 -.8907805E-09
   338.0 -.1474217E-08
   339.0 -.2150744E-08
   340.0 -.2909785E-08
   341.0 -.3738454E-08
   342.0 -.4621760E-08
   343.0 -.5542900E-08
   344.0 -.6483547E-08
   345.0 -.7424207E-08
   346.0 -.8344653E-08
   347.0 -.9224267E-08
   348.0 -.1004262E-07
   349.0 -.1077977E-07
   350.0 -.1141687E-07
   351.0 -.1193650E-07
   352.0 -.1232315E-07
   353.0 -.1256360E-07
   354.0 -.1264728E-07
   355.0 -.1256654E-07
   356.0 -.1231696E-07
   357.0 -.1189745E-07
   358.0 -.1131040E-07
   359.0 -.1056170E-07
   360.0 -.9660760E-08
   361.0 -.8620249E-08
   362.0 -.7456024E-08
   363.0 -.6186806E-08
   364.0 -.4833832E-08
   365.0 -.3420486E-08
   366.0 -.1971823E-08
   367.0 -.5140476E-09
   368.0 0.9260000E-09
   369.0 0.2321392E-08
   370.0 0.3645699E-08
   371.0 0.4873580E-08
   372.0 0.5981255E-08
   373.0 0.6947147E-08
   374.0 0.7752255E-08
   375.0 0.8380648E-08
   376.0 0.8819842E-08
   377.0 0.9061066E-08
   378.0 0.9099527E-08
   379.0 0.8934502E-08
   380.0 0.8569426E-08
   381.0 0.8011846E-08
   382.0 0.7273308E-08
   383.0 0.6369092E-08
   384.0 0.5317966E-08
   385.0 0.4141796E-08
   386.0 0.2865079E-08
   387.0 0.1514454E-08
   388.0 0.1181620E-09
   389.0 -.1294577E-08
   390.0 -.2694143E-08
   391.0 -.4051168E-08
   392.0 -.5337145E-08
   393.0 -.6525004E-08
   394.0 -.7589720E-08
   395.0 -.8508801E-08
   396.0 -.9262765E-08
   397.0 -.9835529E-08
   398.0 -.1021474E-07
   399.0 -.1039198E-07
   400.0 -.1036297E-07
   401.0 -.1012753E-07
   402.0 -.9689646E-08
   403.0 -.9057215E-08
   404.0 -.8241942E-08
   405.0 -.7258941E-08
   406.0 -.6126405E-08
   407.0 -.4865169E-08
   408.0 -.3498129E-08
   409.0 -.2049826E-08
   410.0 -.5457297E-09
   411.0 0.9881912E-09
   412.0 0.2526191E-08
   413.0 0.4043224E-08
   414.0 0.5515532E-08
   415.0 0.6921135E-08
   416.0 0.8240252E-08
   417.0 0.9455711E-08
   418.0 0.1055323E-07
   419.0 0.1152165E-07
   420.0 0.1235305E-07
   421.0 0.1304286E-07
   422.0 0.1358974E-07
   423.0 0.1399549E-07
   424.0 0.1426485E-07
   425.0 0.1440518E-07
   426.0 0.1442615E-07
   427.0 0.1433931E-07
   428.0 0.1415766E-07
   429.0 0.1389510E-07
   430.0 0.1356608E-07
   431.0 0.1318490E-07
   432.0 0.1276548E-07
   433.0 0.1232065E-07
   434.0 0.1186199E-07
   435.0 0.1139931E-07
   436.0 0.1094041E-07
   437.0 0.1049096E-07
   438.0 0.1005430E-07
   439.0 0.9631465E-08
   440.0 0.9221172E-08
   441.0 0.8820141E-08
   442.0 0.8423189E-08
   443.0 0.8023588E-08
   444.0 0.7613576E-08
   445.0 0.7184713E-08
   446.0 0.6728437E-08
   447.0 0.6236585E-08
   448.0 0.5702054E-08
   449.0 0.5119218E-08
   450.0 0.4484543E-08
   451.0 0.3797072E-08
   452.0 0.3058896E-08
   453.0 0.2275425E-08
   454.0 0.1455748E-08
   455.0 0.6126742E-09
   456.0 -.2371136E-09
   457.0 -.1073275E-08
   458.0 -.1871950E-08
   459.0 -.2606162E-08
   460.0 -.3246381E-08
   461.0 -.3761033E-08
   462.0 -.4117415E-08
   463.0 -.4282414E-08
   464.0 -.4223544E-08
   465.0 -.3909901E-08
   466.0 -.3313285E-08
   467.0 -.2409233E-08
   468.0 -.1178068E-08
   469.0 0.3940517E-09
   470.0 0.2314153E-08
   471.0 0.4581707E-08
   472.0 0.7187823E-08
   473.0 0.1011470E-07
   474.0 0.1333541E-07
   475.0 0.1681352E-07
   476.0 0.2050330E-07
   477.0 0.2435000E-07
   478.0 0.2829046E-07
   479.0 0.3225387E-07
   480.0 0.3616275E-07
   481.0 0.3993432E-07
   482.0 0.4348220E-07
   483.0 0.4671761E-07
   484.0 0.4955179E-07
   485.0 0.5189764E-07
   486.0 0.5367204E-07
   487.0 0.5479783E-07
   488.0 0.5520609E-07
   489.0 0.5483813E-07
   490.0 0.5364764E-07
   491.0 0.5160238E-07
   492.0 0.4868604E-07
   493.0 0.4489923E-07
   494.0 0.4026115E-07
   495.0 0.3480980E-07
   496.0 0.2860268E-07
   497.0 0.2171667E-07
   498.0 0.1424748E-07
   499.0 0.6308924E-08
   500.0 -.1968655E-08
   501.0 -.1043998E-07
   502.0 -.1894725E-07
   503.0 -.2732255E-07
   504.0 -.3539103E-07
   505.0 -.4297408E-07
   506.0 -.4989279E-07
   507.0 -.5597202E-07
   508.0 -.6104396E-07
   509.0 -.6495218E-07
   510.0 -.6755546E-07
   511.0 -.6873147E-07
   512.0 -.6838066E-07
   513.0 -.6642929E-07
   514.0 -.6283178E-07
   515.0 -.5757416E-07
   516.0 -.5067515E-07
   517.0 -.4218780E-07
   518.0 -.3220005E-07
   519.0 -.2083434E-07
   520.0 -.8247295E-08
   521.0 0.5371982E-08
   522.0 0.1980446E-07
   523.0 0.3480391E-07
   524.0 0.5010075E-07
   525.0 0.6540658E-07
   526.0 0.8041906E-07
   527.0 0.9482701E-07
   528.0 0.1083175E-06
   529.0 0.1205804E-06
   530.0 0.1313169E-06
   531.0 0.1402442E-06
   532.0 0.1471031E-06
   533.0 0.1516637E-06
   534.0 0.1537323E-06
   535.0 0.1531556E-06
   536.0 0.1498272E-06
   537.0 0.1436896E-06
   538.0 0.1347406E-06
   539.0 0.1230329E-06
   540.0 0.1086770E-06
   541.0 0.9184129E-07
   542.0 0.7275089E-07
   543.0 0.5168571E-07
   544.0 0.2897720E-07
   545.0 0.5004170E-08
   546.0 -.1981314E-07
   547.0 -.4501942E-07
   548.0 -.7013213E-07
   549.0 -.9464991E-07
   550.0 -.1180615E-06
   551.0 -.1398559E-06
   552.0 -.1595331E-06
   553.0 -.1766128E-06
   554.0 -.1906463E-06
   555.0 -.2012267E-06
   556.0 -.2079985E-06
   557.0 -.2106658E-06
   558.0 -.2090030E-06
   559.0 -.2028595E-06
   560.0 -.1921688E-06
   561.0 -.1769508E-06
   562.0 -.1573166E-06
   563.0 -.1334702E-06
   564.0 -.1057073E-06
   565.0 -.7441488E-07
   566.0 -.4006699E-07
   567.0 -.3218847E-08
   568.0 0.3549972E-07
   569.0 0.7539378E-07
   570.0 0.1157133E-06
   571.0 0.1556659E-06
   572.0 0.1944297E-06
   573.0 0.2311674E-06
   574.0 0.2650429E-06
   575.0 0.2952349E-06
   576.0 0.3209547E-06
   577.0 0.3414623E-06
   578.0 0.3560797E-06
   579.0 0.3642110E-06
   580.0 0.3653510E-06
   581.0 0.3591014E-06
   582.0 0.3451820E-06
   583.0 0.3234404E-06
   584.0 0.2938580E-06
   585.0 0.2565584E-06
   586.0 0.2118084E-06
   587.0 0.1600177E-06
   588.0 0.1017398E-06
   589.0 0.3766448E-07
   590.0 -.3138855E-07
   591.0 -.1044799E-06
   592.0 -.1805629E-06
   593.0 -.2584991E-06
   594.0 -.3370754E-06
   595.0 -.4150217E-06
   596.0 -.4910339E-06
   597.0 -.5637939E-06
   598.0 -.6319924E-06
   599.0 -.6943554E-06
   600.0 -.7496629E-06
   601.0 -.7967762E-06
   602.0 -.8346573E-06
   603.0 -.8623941E-06
   604.0 -.8792140E-06
   605.0 -.8845103E-06
   606.0 -.8778478E-06
   607.0 -.8589838E-06
   608.0 -.8278736E-06
   609.0 -.7846775E-06
   610.0 -.7297615E-06
   611.0 -.6637042E-06
   612.0 -.5872853E-06
   613.0 -.5014759E-06
   614.0 -.4074365E-06
   615.0 -.3064920E-06
   616.0 -.2001177E-06
   617.0 -.8991805E-07
   618.0 0.2240042E-07
   619.0 0.1350543E-06
   620.0 0.2462126E-06
   621.0 0.3540279E-06
   622.0 0.4566665E-06
   623.0 0.5523427E-06
   624.0 0.6393475E-06
   625.0 0.7160854E-06
   626.0 0.7810966E-06
   627.0 0.8330941E-06
   628.0 0.8709832E-06
   629.0 0.8938921E-06
   630.0 0.9011836E-06
   631.0 0.8924770E-06
   632.0 0.8676593E-06
   633.0 0.8268940E-06
   634.0 0.7706208E-06
   635.0 0.6995636E-06
   636.0 0.6147120E-06
   637.0 0.5173203E-06
   638.0 0.4088862E-06
   639.0 0.2911338E-06
   640.0 0.1659872E-06
   641.0 0.3554403E-07
   642.0 -.9795914E-07
   643.0 -.2321796E-06
   644.0 -.3647069E-06
   645.0 -.4931026E-06
   646.0 -.6149390E-06
   647.0 -.7278443E-06
   648.0 -.8295393E-06
   649.0 -.9178811E-06
   650.0 -.9909012E-06
   651.0 -.1046841E-05
   652.0 -.1084188E-05
   653.0 -.1101700E-05
   654.0 -.1098441E-05
   655.0 -.1073799E-05
   656.0 -.1027493E-05
   657.0 -.9596052E-06
   658.0 -.8705629E-06
   659.0 -.7611580E-06
   660.0 -.6325292E-06
   661.0 -.4861547E-06
   662.0 -.3238349E-06
   663.0 -.1476663E-06
   664.0 0.3998339E-07
   665.0 0.2365115E-06
   666.0 0.4391169E-06
   667.0 0.6448403E-06
   668.0 0.8506114E-06
   669.0 0.1053293E-05
   670.0 0.1249732E-05
   671.0 0.1436804E-05
   672.0 0.1611482E-05
   673.0 0.1770847E-05
   674.0 0.1912179E-05
   675.0 0.2032970E-05
   676.0 0.2130984E-05
   677.0 0.2204289E-05
   678.0 0.2251292E-05
   679.0 0.2270760E-05
   680.0 0.2261857E-05
   681.0 0.2224155E-05
   682.0 0.2157637E-05
   683.0 0.2062715E-05
   684.0 0.1940222E-05
   685.0 0.1791395E-05
   686.0 0.1617875E-05
   687.0 0.1421675E-05
   688.0 0.1205153E-05
   689.0 0.9709784E-06
   690.0 0.7221003E-06
   691.0 0.4616954E-06
   692.0 0.1931300E-06
   693.0 -.8009778E-07
   694.0 -.3544038E-06
   695.0 -.6261759E-06
   696.0 -.8918227E-06
   697.0 -.1147834E-05
   698.0 -.1390822E-05
   699.0 -.1617592E-05
   700.0 -.1825163E-05
   701.0 -.2010834E-05
   702.0 -.2172217E-05
   703.0 -.2307272E-05
   704.0 -.2414325E-05
   705.0 -.2492114E-05
   706.0 -.2539795E-05
   707.0 -.2556942E-05
   708.0 -.2543575E-05
   709.0 -.2500131E-05
   710.0 -.2427473E-05
   711.0 -.2326874E-05
   712.0 -.2199989E-05
   713.0 -.2048822E-05
   714.0 -.1875705E-05
   715.0 -.1683251E-05
   716.0 -.1474322E-05
   717.0 -.1251974E-05
   718.0 -.1019413E-05
   719.0 -.7799471E-06
   720.0 -.5369326E-06
   721.0 -.2937223E-06
   722.0 -.5361892E-07
   723.0 0.1801757E-06
   724.0 0.4046092E-06
   725.0 0.6168204E-06
   726.0 0.8141812E-06
   727.0 0.9943318E-06
   728.0 0.1155211E-05
   729.0 0.1295086E-05
   730.0 0.1412568E-05
   731.0 0.1506634E-05
   732.0 0.1576624E-05
   733.0 0.1622263E-05
   734.0 0.1643635E-05
   735.0 0.1641191E-05
   736.0 0.1615728E-05
   737.0 0.1568369E-05
   738.0 0.1500537E-05
   739.0 0.1413936E-05
   740.0 0.1310501E-05
   741.0 0.1192374E-05
   742.0 0.1061863E-05
   743.0 0.9214000E-06
   744.0 0.7734979E-06
   745.0 0.6207130E-06
   746.0 0.4655963E-06
   747.0 0.3106607E-06
   748.0 0.1583330E-06
   749.0 0.1092376E-07
   750.0 -.1294113E-06
   751.0 -.2607013E-06
   752.0 -.3811862E-06
   753.0 -.4893394E-06
   754.0 -.5838885E-06
   755.0 -.6638305E-06
   756.0 -.7284330E-06
   757.0 -.7772476E-06
   758.0 -.8101021E-06
   759.0 -.8271002E-06
   760.0 -.8286100E-06
   761.0 -.8152470E-06
   762.0 -.7878583E-06
   763.0 -.7475026E-06
   764.0 -.6954216E-06
   765.0 -.6330175E-06
   766.0 -.5618199E-06
   767.0 -.4834589E-06
   768.0 -.3996307E-06
   769.0 -.3120660E-06
   770.0 -.2225015E-06
   771.0 -.1326460E-06
   772.0 -.4415341E-07
   773.0 0.4140543E-07
   774.0 0.1225684E-06
   775.0 0.1980044E-06
   776.0 0.2665318E-06
   777.0 0.3271363E-06
   778.0 0.3789829E-06
   779.0 0.4214248E-06
   780.0 0.4540105E-06
   781.0 0.4764843E-06
   782.0 0.4887841E-06
   783.0 0.4910380E-06
   784.0 0.4835546E-06
   785.0 0.4668130E-06
   786.0 0.4414462E-06
   787.0 0.4082269E-06
   788.0 0.3680470E-06
   789.0 0.3218985E-06
   790.0 0.2708515E-06
   791.0 0.2160327E-06
   792.0 0.1586004E-06
   793.0 0.9972523E-07
   794.0 0.4056601E-07
   795.0 -.1775158E-07
   796.0 -.7415395E-07
   797.0 -.1276385E-06
   798.0 -.1772903E-06
   799.0 -.2222954E-06
   800.0 -.2619547E-06
   801.0 -.2956914E-06
   802.0 -.3230593E-06
   803.0 -.3437472E-06
   804.0 -.3575790E-06
   805.0 -.3645131E-06
   806.0 -.3646406E-06
   807.0 -.3581770E-06
   808.0 -.3454568E-06
   809.0 -.3269197E-06
   810.0 -.3031022E-06
   811.0 -.2746233E-06
   812.0 -.2421676E-06
   813.0 -.2064752E-06
   814.0 -.1683214E-06
   815.0 -.1285022E-06
   816.0 -.8781912E-07
   817.0 -.4706257E-07
   818.0 -.6997904E-08
   819.0 0.3164890E-07
   820.0 0.6820325E-07
   821.0 0.1020542E-06
   822.0 0.1326631E-06
   823.0 0.1595729E-06
   824.0 0.1824117E-06
   825.0 0.2009002E-06
   826.0 0.2148517E-06
   827.0 0.2241743E-06
   828.0 0.2288678E-06
   829.0 0.2290218E-06
   830.0 0.2248103E-06
   831.0 0.2164860E-06
   832.0 0.2043720E-06
   833.0 0.1888540E-06
   834.0 0.1703698E-06
   835.0 0.1493988E-06
   836.0 0.1264525E-06
   837.0 0.1020620E-06
   838.0 0.7676670E-07
   839.0 0.5110473E-07
   840.0 0.2560150E-07
   841.0 0.7597430E-09
   842.0 -.2294930E-07
   843.0 -.4509454E-07
   844.0 -.6529178E-07
   845.0 -.8321000E-07
   846.0 -.9857564E-07
   847.0 -.1111772E-06
   848.0 -.1208654E-06
   849.0 -.1275556E-06
   850.0 -.1312264E-06
   851.0 -.1319185E-06
   852.0 -.1297299E-06
   853.0 -.1248152E-06
   854.0 -.1173769E-06
   855.0 -.1076619E-06
   856.0 -.9595388E-07
   857.0 -.8256676E-07
   858.0 -.6783725E-07
   859.0 -.5211695E-07
   860.0 -.3576466E-07
   861.0 -.1913900E-07
   862.0 -.2591081E-08
   863.0 0.1354229E-07
   864.0 0.2894518E-07
   865.0 0.4332816E-07
   866.0 0.5643305E-07
   867.0 0.6803756E-07
   868.0 0.7795820E-07
   869.0 0.8605232E-07
   870.0 0.9222059E-07
   871.0 0.9640628E-07
   872.0 0.9859573E-07
   873.0 0.9881679E-07
   874.0 0.9713671E-07
   875.0 0.9365920E-07
   876.0 0.8852124E-07
   877.0 0.8188895E-07
   878.0 0.7395300E-07
   879.0 0.6492380E-07
   880.0 0.5502628E-07
   881.0 0.4449511E-07
   882.0 0.3356909E-07
   883.0 0.2248605E-07
   884.0 0.1147825E-07
   885.0 0.7672784E-09
   886.0 -.9439594E-08
   887.0 -.1895358E-07
   888.0 -.2760757E-07
   889.0 -.3525860E-07
   890.0 -.4179029E-07
   891.0 -.4711366E-07
   892.0 -.5116861E-07
   893.0 -.5392364E-07
   894.0 -.5537540E-07
   895.0 -.5554786E-07
   896.0 -.5449077E-07
   897.0 -.5227721E-07
   898.0 -.4900149E-07
   899.0 -.4477629E-07
   900.0 -.3972925E-07
   901.0 -.3400010E-07
   902.0 -.2773682E-07
   903.0 -.2109232E-07
   904.0 -.1422106E-07
   905.0 -.7275500E-08
   906.0 -.4032490E-09
   907.0 0.6256250E-08
   908.0 0.1257409E-07
   909.0 0.1843437E-07
   910.0 0.2373598E-07
   911.0 0.2839436E-07
   912.0 0.3234230E-07
   913.0 0.3553091E-07
   914.0 0.3792979E-07
   915.0 0.3952670E-07
   916.0 0.4032718E-07
   917.0 0.4035373E-07
   918.0 0.3964416E-07
   919.0 0.3825063E-07
   920.0 0.3623710E-07
   921.0 0.3367801E-07
   922.0 0.3065588E-07
   923.0 0.2725907E-07
   924.0 0.2357948E-07
   925.0 0.1971048E-07
   926.0 0.1574459E-07
   927.0 0.1177153E-07
   928.0 0.7876247E-08
   929.0 0.4137218E-08
   930.0 0.6250765E-09
   931.0 -.2598817E-08
   932.0 -.5483044E-08
   933.0 -.7987076E-08
   934.0 -.1008159E-07
   935.0 -.1174838E-07
   936.0 -.1298049E-07
   937.0 -.1378160E-07
   938.0 -.1416536E-07
   939.0 -.1415471E-07
   940.0 -.1378060E-07
   941.0 -.1308088E-07
   942.0 -.1209901E-07
   943.0 -.1088265E-07
   944.0 -.9482190E-08
   945.0 -.7949398E-08
   946.0 -.6335957E-08
   947.0 -.4692108E-08
   948.0 -.3065492E-08
   949.0 -.1500014E-08
   950.0 -.3482000E-10
   951.0 0.1296407E-08
   952.0 0.2466133E-08
   953.0 0.3453370E-08
   954.0 0.4243875E-08
   955.0 0.4830284E-08
   956.0 0.5211858E-08
   957.0 0.5394175E-08
   958.0 0.5388784E-08
   959.0 0.5212365E-08
   960.0 0.4886066E-08
   961.0 0.4434760E-08
   962.0 0.3885953E-08
   963.0 0.3268937E-08
   964.0 0.2613737E-08
   965.0 0.1950171E-08
   966.0 0.1306921E-08
   967.0 0.7106492E-09
   968.0 0.1851595E-09
   969.0 -.2492215E-09
   970.0 -.5762977E-09
   971.0 -.7843452E-09
   972.0 -.8665056E-09
   973.0 -.8208804E-09
   974.0 -.6505564E-09
   975.0 -.3634339E-09
   976.0 0.2802842E-10
   977.0 0.5072723E-09
   978.0 0.1054135E-08
   979.0 0.1645495E-08
   980.0 0.2256043E-08
   981.0 0.2858990E-08
   982.0 0.3426940E-08
   983.0 0.3932762E-08
   984.0 0.4350342E-08
   985.0 0.4655488E-08
   986.0 0.4826648E-08
   987.0 0.4845619E-08
   988.0 0.4698129E-08
   989.0 0.4374398E-08
   990.0 0.3869447E-08
   991.0 0.3183434E-08
   992.0 0.2321729E-08
   993.0 0.1294886E-08
   994.0 0.1185569E-09
   995.0 -.1186857E-08
   996.0 -.2596620E-08
   997.0 -.4082157E-08
   998.0 -.5611738E-08
   999.0 -.7151210E-08
  1000.0 -.8664744E-08
  1001.0 -.1011578E-07
  1002.0 -.1146788E-07
  1003.0 -.1268562E-07
  1004.0 -.1373548E-07
  1005.0 -.1458675E-07
  1006.0 -.1521230E-07
  1007.0 -.1558930E-07
  1008.0 -.1569993E-07
  1009.0 -.1553179E-07
  1010.0 -.1507851E-07
  1011.0 -.1433982E-07
  1012.0 -.1332185E-07
  1013.0 -.1203705E-07
  1014.0 -.1050411E-07
  1015.0 -.8747577E-08
  1016.0 -.6797555E-08
  1017.0 -.4689067E-08
  1018.0 -.2461374E-08
  1019.0 -.1573091E-09
  1020.0 0.2177742E-08
  1021.0 0.4496569E-08
  1022.0 0.6751342E-08
  1023.0 0.8894419E-08
  1024.0 0.1087945E-07
  1025.0 0.1266239E-07
  1026.0 0.1420238E-07
  1027.0 0.1546266E-07
  1028.0 0.1641149E-07
  1029.0 0.1702274E-07
  1030.0 0.1727653E-07
  1031.0 0.1715977E-07
  1032.0 0.1666649E-07
  1033.0 0.1579802E-07
  1034.0 0.1456305E-07
  1035.0 0.1297755E-07
  1036.0 0.1106457E-07
  1037.0 0.8853772E-08
  1038.0 0.6380972E-08
  1039.0 0.3687455E-08
  1040.0 0.8192649E-09
  1041.0 -.2173713E-08
  1042.0 -.5238655E-08
  1043.0 -.8320778E-08
  1044.0 -.1136443E-07
  1045.0 -.1431413E-07
  1046.0 -.1711555E-07
  1047.0 -.1971674E-07
  1048.0 -.2206885E-07
  1049.0 -.2412734E-07
  1050.0 -.2585263E-07
  1051.0 -.2721095E-07
  1052.0 -.2817497E-07
  1053.0 -.2872426E-07
  1054.0 -.2884578E-07
  1055.0 -.2853401E-07
  1056.0 -.2779119E-07
  1057.0 -.2662716E-07
  1058.0 -.2505915E-07
  1059.0 -.2311169E-07
  1060.0 -.2081578E-07
  1061.0 -.1820865E-07
  1062.0 -.1533285E-07
  1063.0 -.1223572E-07
  1064.0 -.8968166E-08
  1065.0 -.5584059E-08
  1066.0 -.2139081E-08
  1067.0 0.1310208E-08
  1068.0 0.4707380E-08
  1069.0 0.7997135E-08
  1070.0 0.1112630E-07
  1071.0 0.1404463E-07
  1072.0 0.1670585E-07
  1073.0 0.1906821E-07
  1074.0 0.2109537E-07
  1075.0 0.2275684E-07
  1076.0 0.2402845E-07
  1077.0 0.2489281E-07
  1078.0 0.2533939E-07
  1079.0 0.2536475E-07
  1080.0 0.2497241E-07
  1081.0 0.2417265E-07
  1082.0 0.2298248E-07
  1083.0 0.2142501E-07
  1084.0 0.1952904E-07
  1085.0 0.1732858E-07
  1086.0 0.1486213E-07
  1087.0 0.1217186E-07
  1088.0 0.9303045E-08
  1089.0 0.6303115E-08
  1090.0 0.3220866E-08
  1091.0 0.1056293E-09
  1092.0 -.2993537E-08
  1093.0 -.6028711E-08
  1094.0 -.8953750E-08
  1095.0 -.1172519E-07
  1096.0 -.1430271E-07
  1097.0 -.1664984E-07
  1098.0 -.1873448E-07
  1099.0 -.2052920E-07
  1100.0 -.2201169E-07
  1101.0 -.2316497E-07
  1102.0 -.2397746E-07
  1103.0 -.2444318E-07
  1104.0 -.2456157E-07
  1105.0 -.2433732E-07
  1106.0 -.2378043E-07
  1107.0 -.2290548E-07
  1108.0 -.2173170E-07
  1109.0 -.2028232E-07
  1110.0 -.1858400E-07
  1111.0 -.1666652E-07
  1112.0 -.1456221E-07
  1113.0 -.1230520E-07
  1114.0 -.9930980E-08
  1115.0 -.7475791E-08
  1116.0 -.4976001E-08
  1117.0 -.2467641E-08
  1118.0 0.1425949E-10
  1119.0 0.2436018E-08
  1120.0 0.4765896E-08
  1121.0 0.6974433E-08
  1122.0 0.9034795E-08
  1123.0 0.1092318E-07
  1124.0 0.1261886E-07
  1125.0 0.1410462E-07
  1126.0 0.1536666E-07
  1127.0 0.1639485E-07
  1128.0 0.1718261E-07
  1129.0 0.1772693E-07
  1130.0 0.1802826E-07
  1131.0 0.1809038E-07
  1132.0 0.1792019E-07
  1133.0 0.1752755E-07
  1134.0 0.1692495E-07
  1135.0 0.1612729E-07
  1136.0 0.1515154E-07
  1137.0 0.1401648E-07
  1138.0 0.1274229E-07
  1139.0 0.1135032E-07
  1140.0 0.9862650E-08
  1141.0 0.8301883E-08
  1142.0 0.6690708E-08
  1143.0 0.5051697E-08
  1144.0 0.3406972E-08
  1145.0 0.1777932E-08
  1146.0 0.1850540E-09
  1147.0 -.1352372E-08
  1148.0 -.2816412E-08
  1149.0 -.4190678E-08
  1150.0 -.5460433E-08
  1151.0 -.6612710E-08
  1152.0 -.7636487E-08
  1153.0 -.8522584E-08
  1154.0 -.9263847E-08
  1155.0 -.9855066E-08
  1156.0 -.1029301E-07
  1157.0 -.1057640E-07
  1158.0 -.1070582E-07
  1159.0 -.1068361E-07
  1160.0 -.1051391E-07
  1161.0 -.1020246E-07
  1162.0 -.9756476E-08
  1163.0 -.9184566E-08
  1164.0 -.8496569E-08
  1165.0 -.7703434E-08
  1166.0 -.6817058E-08
  1167.0 -.5850130E-08
  1168.0 -.4815973E-08
  1169.0 -.3728372E-08
  1170.0 -.2601458E-08
  1171.0 -.1449492E-08
  1172.0 -.2867477E-09
  1173.0 0.8726608E-09
  1174.0 0.2014921E-08
  1175.0 0.3126674E-08
  1176.0 0.4195149E-08
  1177.0 0.5208273E-08
  1178.0 0.6154859E-08
  1179.0 0.7024592E-08
  1180.0 0.7808298E-08
  1181.0 0.8497853E-08
  1182.0 0.9086450E-08
  1183.0 0.9568458E-08
  1184.0 0.9939633E-08
  1185.0 0.1019708E-07
  1186.0 0.1033932E-07
  1187.0 0.1036620E-07
  1188.0 0.1027900E-07
  1189.0 0.1008031E-07
  1190.0 0.9774039E-08
  1191.0 0.9365382E-08
  1192.0 0.8860694E-08
  1193.0 0.8267383E-08
  1194.0 0.7593922E-08
  1195.0 0.6849640E-08
  1196.0 0.6044638E-08
  1197.0 0.5189667E-08
  1198.0 0.4295975E-08
  1199.0 0.3375163E-08
  1200.0 0.2439079E-08
  1201.0 0.1499602E-08
  1202.0 0.5685568E-09
  1203.0 -.3424591E-09
  1204.0 -.1222238E-08
  1205.0 -.2060058E-08
  1206.0 -.2845833E-08
  1207.0 -.3570253E-08
  1208.0 -.4224856E-08
  1209.0 -.4802156E-08
  1210.0 -.5295719E-08
  1211.0 -.5700224E-08
  1212.0 -.6011550E-08
  1213.0 -.6226765E-08
  1214.0 -.6344190E-08
  1215.0 -.6363414E-08
  1216.0 -.6285235E-08
  1217.0 -.6111692E-08
  1218.0 -.5845991E-08
  1219.0 -.5492477E-08
  1220.0 -.5056535E-08
  1221.0 -.4544554E-08
  1222.0 -.3963773E-08
  1223.0 -.3322273E-08
  1224.0 -.2628763E-08
  1225.0 -.1892566E-08
  1226.0 -.1123414E-08
  1227.0 -.3313947E-09
  1228.0 0.4732071E-09
  1229.0 0.1280056E-08
  1230.0 0.2078833E-08
  1231.0 0.2859393E-08
  1232.0 0.3611887E-08
  1233.0 0.4326850E-08
  1234.0 0.4995312E-08
  1235.0 0.5608905E-08
  1236.0 0.6159957E-08
  1237.0 0.6641531E-08
  1238.0 0.7047566E-08
  1239.0 0.7372859E-08
  1240.0 0.7613214E-08
  1241.0 0.7765336E-08
  1242.0 0.7827064E-08
  1243.0 0.7797152E-08
  1244.0 0.7675521E-08
  1245.0 0.7463075E-08
  1246.0 0.7161742E-08
  1247.0 0.6774517E-08
  1248.0 0.6305363E-08
  1249.0 0.5759203E-08
  1250.0 0.5141844E-08
  1251.0 0.4459945E-08
  1252.0 0.3720978E-08
  1253.0 0.2933104E-08
  1254.0 0.2105119E-08
  1255.0 0.1246372E-08
  1256.0 0.3666814E-09
  1257.0 -.5237659E-09
  1258.0 -.1414538E-08
  1259.0 -.2295038E-08
  1260.0 -.3154620E-08
  1261.0 -.3982703E-08
  1262.0 -.4768910E-08
  1263.0 -.5503138E-08
  1264.0 -.6175702E-08
  1265.0 -.6777481E-08
  1266.0 -.7299978E-08
  1267.0 -.7735458E-08
  1268.0 -.8077102E-08
  1269.0 -.8318993E-08
  1270.0 -.8456357E-08
  1271.0 -.8485533E-08
  1272.0 -.8404123E-08
  1273.0 -.8211019E-08
  1274.0 -.7906477E-08
  1275.0 -.7492169E-08
  1276.0 -.6971169E-08
  1277.0 -.6347971E-08
  1278.0 -.5628531E-08
  1279.0 -.4820169E-08
  1280.0 -.3931561E-08
  1281.0 -.2972680E-08
  1282.0 -.1954659E-08
  1283.0 -.8897514E-09
  1284.0 0.2088325E-09
  1285.0 0.1327052E-08
  1286.0 0.2450219E-08
  1287.0 0.3563119E-08
  1288.0 0.4650273E-08
  1289.0 0.5696060E-08
  1290.0 0.6684994E-08
  1291.0 0.7601908E-08
  1292.0 0.8432118E-08
  1293.0 0.9161790E-08
  1294.0 0.9777992E-08
  1295.0 0.1026904E-07
  1296.0 0.1062454E-07
  1297.0 0.1083581E-07
  1298.0 0.1089583E-07
  1299.0 0.1079950E-07
  1300.0 0.1054378E-07
  1301.0 0.1012775E-07
  1302.0 0.9552742E-08
  1303.0 0.8822341E-08
  1304.0 0.7942411E-08
  1305.0 0.6921124E-08
  1306.0 0.5768857E-08
  1307.0 0.4498137E-08
  1308.0 0.3123509E-08
  1309.0 0.1661378E-08
  1310.0 0.1298684E-09
  1311.0 -.1451436E-08
  1312.0 -.3061724E-08
  1313.0 -.4679210E-08
  1314.0 -.6281407E-08
  1315.0 -.7845494E-08
  1316.0 -.9348574E-08
  1317.0 -.1076804E-07
  1318.0 -.1208189E-07
  1319.0 -.1326909E-07
  1320.0 -.1430980E-07
  1321.0 -.1518590E-07
  1322.0 -.1588110E-07
  1323.0 -.1638125E-07
  1324.0 -.1667471E-07
  1325.0 -.1675253E-07
  1326.0 -.1660849E-07
  1327.0 -.1623950E-07
  1328.0 -.1564555E-07
  1329.0 -.1482988E-07
  1330.0 -.1379891E-07
  1331.0 -.1256234E-07
  1332.0 -.1113293E-07
  1333.0 -.9526539E-08
  1334.0 -.7761878E-08
  1335.0 -.5860328E-08
  1336.0 -.3845687E-08
  1337.0 -.1743883E-08
  1338.0 0.4173557E-09
  1339.0 0.2608847E-08
  1340.0 0.4800356E-08
  1341.0 0.6961010E-08
  1342.0 0.9059702E-08
  1343.0 0.1106553E-07
  1344.0 0.1294829E-07
  1345.0 0.1467885E-07
  1346.0 0.1622963E-07
  1347.0 0.1757504E-07
  1348.0 0.1869179E-07
  1349.0 0.1955941E-07
  1350.0 0.2016049E-07
  1351.0 0.2048101E-07
  1352.0 0.2051065E-07
  1353.0 0.2024290E-07
  1354.0 0.1967537E-07
  1355.0 0.1880981E-07
  1356.0 0.1765218E-07
  1357.0 0.1621267E-07
  1358.0 0.1450571E-07
  1359.0 0.1254968E-07
  1360.0 0.1036684E-07
  1361.0 0.7983159E-08
  1362.0 0.5427887E-08
  1363.0 0.2733312E-08
  1364.0 -.6564722E-10
  1365.0 -.2931896E-08
  1366.0 -.5826600E-08
  1367.0 -.8709709E-08
  1368.0 -.1154051E-07
  1369.0 -.1427810E-07
  1370.0 -.1688197E-07
  1371.0 -.1931266E-07
  1372.0 -.2153212E-07
  1373.0 -.2350458E-07
  1374.0 -.2519664E-07
  1375.0 -.2657818E-07
  1376.0 -.2762267E-07
  1377.0 -.2830748E-07
  1378.0 -.2861453E-07
  1379.0 -.2853034E-07
  1380.0 -.2804657E-07
  1381.0 -.2716005E-07
  1382.0 -.2587296E-07
  1383.0 -.2419289E-07
  1384.0 -.2213304E-07
  1385.0 -.1971177E-07
  1386.0 -.1695282E-07
  1387.0 -.1388490E-07
  1388.0 -.1054143E-07
  1389.0 -.6960213E-08
  1390.0 -.3182985E-08
  1391.0 0.7450512E-09
  1392.0 0.4775774E-08
  1393.0 0.8858732E-08
  1394.0 0.1294179E-07
  1395.0 0.1697176E-07
  1396.0 0.2089511E-07
  1397.0 0.2465870E-07
  1398.0 0.2821038E-07
  1399.0 0.3149993E-07
  1400.0 0.3447949E-07
  1401.0 0.3710450E-07
  1402.0 0.3933406E-07
  1403.0 0.4113184E-07
  1404.0 0.4246648E-07
  1405.0 0.4331200E-07
  1406.0 0.4364840E-07
  1407.0 0.4346208E-07
  1408.0 0.4274582E-07
  1409.0 0.4149926E-07
  1410.0 0.3972889E-07
  1411.0 0.3744813E-07
  1412.0 0.3467709E-07
  1413.0 0.3144261E-07
  1414.0 0.2777798E-07
  1415.0 0.2372237E-07
  1416.0 0.1932052E-07
  1417.0 0.1462242E-07
  1418.0 0.9682257E-08
  1419.0 0.4558171E-08
  1420.0 -.6887124E-09
  1421.0 -.5994962E-08
  1422.0 -.1129576E-07
  1423.0 -.1652565E-07
  1424.0 -.2161950E-07
  1425.0 -.2651331E-07
  1426.0 -.3114516E-07
  1427.0 -.3545599E-07
  1428.0 -.3939050E-07
  1429.0 -.4289783E-07
  1430.0 -.4593235E-07
  1431.0 -.4845447E-07
  1432.0 -.5043076E-07
  1433.0 -.5183506E-07
  1434.0 -.5264840E-07
  1435.0 -.5285967E-07
  1436.0 -.5246537E-07
  1437.0 -.5147005E-07
  1438.0 -.4988643E-07
  1439.0 -.4773482E-07
  1440.0 -.4504294E-07
  1441.0 -.4184600E-07
  1442.0 -.3818577E-07
  1443.0 -.3411013E-07
  1444.0 -.2967274E-07
  1445.0 -.2493166E-07
  1446.0 -.1994919E-07
  1447.0 -.1479064E-07
  1448.0 -.9523435E-08
  1449.0 -.4216306E-08
  1450.0 0.1061779E-08
  1451.0 0.6242585E-08
  1452.0 0.1125958E-07
  1453.0 0.1604886E-07
  1454.0 0.2055006E-07
  1455.0 0.2470719E-07
  1456.0 0.2846955E-07
  1457.0 0.3179222E-07
  1458.0 0.3463694E-07
  1459.0 0.3697235E-07
  1460.0 0.3877467E-07
  1461.0 0.4002804E-07
  1462.0 0.4072430E-07
  1463.0 0.4086357E-07
  1464.0 0.4045387E-07
  1465.0 0.3951101E-07
  1466.0 0.3805837E-07
  1467.0 0.3612659E-07
  1468.0 0.3375272E-07
  1469.0 0.3097989E-07
  1470.0 0.2785665E-07
  1471.0 0.2443581E-07
  1472.0 0.2077411E-07
  1473.0 0.1693090E-07
  1474.0 0.1296750E-07
  1475.0 0.8945965E-08
  1476.0 0.4928391E-08
  1477.0 0.9757573E-09
  1478.0 -.2852915E-08
  1479.0 -.6501487E-08
  1480.0 -.9917549E-08
  1481.0 -.1305319E-07
  1482.0 -.1586573E-07
  1483.0 -.1831824E-07
  1484.0 -.2038025E-07
  1485.0 -.2202786E-07
  1486.0 -.2324439E-07
  1487.0 -.2402028E-07
  1488.0 -.2435323E-07
  1489.0 -.2424824E-07
  1490.0 -.2371728E-07
  1491.0 -.2277907E-07
  1492.0 -.2145881E-07
  1493.0 -.1978740E-07
  1494.0 -.1780117E-07
  1495.0 -.1554091E-07
  1496.0 -.1305143E-07
  1497.0 -.1038052E-07
  1498.0 -.7578209E-08
  1499.0 -.4695917E-08
  1500.0 -.1785562E-08
  1501.0 0.1101334E-08
  1502.0 0.3914495E-08
  1503.0 0.6605723E-08
  1504.0 0.9129679E-08
  1505.0 0.1144462E-07
  1506.0 0.1351306E-07
  1507.0 0.1530235E-07
  1508.0 0.1678518E-07
  1509.0 0.1793995E-07
  1510.0 0.1875108E-07
  1511.0 0.1920921E-07
  1512.0 0.1931123E-07
  1513.0 0.1906037E-07
  1514.0 0.1846588E-07
  1515.0 0.1754303E-07
  1516.0 0.1631251E-07
  1517.0 0.1480020E-07
  1518.0 0.1303666E-07
  1519.0 0.1105635E-07
  1520.0 0.8897236E-08
  1521.0 0.6599890E-08
  1522.0 0.4206897E-08
  1523.0 0.1762004E-08
  1524.0 -.6905982E-09
  1525.0 -.3107067E-08
  1526.0 -.5444670E-08
  1527.0 -.7662477E-08
  1528.0 -.9722122E-08
  1529.0 -.1158833E-07
  1530.0 -.1322960E-07
  1531.0 -.1461859E-07
  1532.0 -.1573272E-07
  1533.0 -.1655430E-07
  1534.0 -.1707090E-07
  1535.0 -.1727555E-07
  1536.0 -.1716667E-07
  1537.0 -.1674815E-07
  1538.0 -.1602915E-07
  1539.0 -.1502396E-07
  1540.0 -.1375160E-07
  1541.0 -.1223558E-07
  1542.0 -.1050333E-07
  1543.0 -.8585729E-08
  1544.0 -.6516594E-08
  1545.0 -.4331977E-08
  1546.0 -.2069631E-08
  1547.0 0.2316956E-09
  1548.0 0.2532939E-08
  1549.0 0.4795343E-08
  1550.0 0.6981124E-08
  1551.0 0.9054091E-08
  1552.0 0.1098023E-07
  1553.0 0.1272824E-07
  1554.0 0.1427003E-07
  1555.0 0.1558112E-07
  1556.0 0.1664113E-07
  1557.0 0.1743381E-07
  1558.0 0.1794752E-07
  1559.0 0.1817521E-07
  1560.0 0.1811454E-07
  1561.0 0.1776787E-07
  1562.0 0.1714203E-07
  1563.0 0.1624839E-07
  1564.0 0.1510237E-07
  1565.0 0.1372330E-07
  1566.0 0.1213398E-07
  1567.0 0.1036031E-07
  1568.0 0.8430788E-08
  1569.0 0.6376006E-08
  1570.0 0.4228231E-08
  1571.0 0.2020764E-08
  1572.0 -.2125679E-09
  1573.0 -.2437937E-08
  1574.0 -.4622066E-08
  1575.0 -.6732733E-08
  1576.0 -.8739243E-08
  1577.0 -.1061293E-07
  1578.0 -.1232749E-07
  1579.0 -.1385940E-07
  1580.0 -.1518823E-07
  1581.0 -.1629690E-07
  1582.0 -.1717185E-07
  1583.0 -.1780317E-07
  1584.0 -.1818483E-07
  1585.0 -.1831444E-07
  1586.0 -.1819343E-07
  1587.0 -.1782691E-07
  1588.0 -.1722336E-07
  1589.0 -.1639470E-07
  1590.0 -.1535581E-07
  1591.0 -.1412439E-07
  1592.0 -.1272051E-07
  1593.0 -.1116639E-07
  1594.0 -.9485971E-08
  1595.0 -.7704456E-08
  1596.0 -.5848036E-08
  1597.0 -.3943403E-08
  1598.0 -.2017372E-08
  1599.0 -.9648468E-10
  1600.0 0.1793341E-08
  1601.0 0.3627213E-08
  1602.0 0.5381538E-08
  1603.0 0.7034386E-08
  1604.0 0.8565727E-08
  1605.0 0.9957652E-08
  1606.0 0.1119459E-07
  1607.0 0.1226349E-07
  1608.0 0.1315385E-07
  1609.0 0.1385792E-07
  1610.0 0.1437063E-07
  1611.0 0.1468961E-07
  1612.0 0.1481517E-07
  1613.0 0.1475028E-07
  1614.0 0.1450026E-07
  1615.0 0.1407287E-07
  1616.0 0.1347801E-07
  1617.0 0.1272750E-07
  1618.0 0.1183500E-07
  1619.0 0.1081560E-07
  1620.0 0.9685734E-08
  1621.0 0.8462814E-08
  1622.0 0.7165025E-08
  1623.0 0.5811046E-08
  1624.0 0.4419800E-08
  1625.0 0.3010178E-08
  1626.0 0.1600812E-08
  1627.0 0.2098378E-09
  1628.0 -.1145337E-08
  1629.0 -.2448227E-08
  1630.0 -.3683450E-08
  1631.0 -.4836914E-08
  1632.0 -.5895948E-08
  1633.0 -.6849427E-08
  1634.0 -.7687872E-08
  1635.0 -.8403510E-08
  1636.0 -.8990369E-08
  1637.0 -.9444276E-08
  1638.0 -.9762870E-08
  1639.0 -.9945597E-08
  1640.0 -.9993657E-08
  1641.0 -.9909924E-08
  1642.0 -.9698980E-08
  1643.0 -.9366892E-08
  1644.0 -.8921177E-08
  1645.0 -.8370632E-08
  1646.0 -.7725262E-08
  1647.0 -.6996088E-08
  1648.0 -.6194993E-08
  1649.0 -.5334564E-08
  1650.0 -.4427954E-08
  1651.0 -.3488656E-08
  1652.0 -.2530363E-08
  1653.0 -.1566794E-08
  1654.0 -.6115187E-09
  1655.0 0.3222168E-09
  1656.0 0.1221645E-08
  1657.0 0.2074635E-08
  1658.0 0.2869833E-08
  1659.0 0.3596818E-08
  1660.0 0.4246196E-08
  1661.0 0.4809719E-08
  1662.0 0.5280436E-08
  1663.0 0.5652674E-08
  1664.0 0.5922210E-08
  1665.0 0.6086236E-08
  1666.0 0.6143438E-08
  1667.0 0.6094004E-08
  1668.0 0.5939606E-08
  1669.0 0.5683367E-08
  1670.0 0.5329869E-08
  1671.0 0.4885031E-08
  1672.0 0.4356071E-08
  1673.0 0.3751403E-08
  1674.0 0.3080511E-08
  1675.0 0.2353849E-08
  1676.0 0.1582694E-08
  1677.0 0.7789808E-09
  1678.0 -.4483613E-10
  1679.0 -.8759660E-09
  1680.0 -.1701448E-08
  1681.0 -.2508342E-08
  1682.0 -.3283888E-08
  1683.0 -.4015708E-08
  1684.0 -.4691969E-08
  1685.0 -.5301559E-08
  1686.0 -.5834241E-08
  1687.0 -.6280827E-08
  1688.0 -.6633304E-08
  1689.0 -.6884952E-08
  1690.0 -.7030464E-08
  1691.0 -.7066043E-08
  1692.0 -.6989452E-08
  1693.0 -.6800091E-08
  1694.0 -.6498984E-08
  1695.0 -.6088845E-08
  1696.0 -.5573968E-08
  1697.0 -.4960294E-08
  1698.0 -.4255234E-08
  1699.0 -.3467669E-08
  1700.0 -.2607782E-08
  1701.0 -.1686947E-08
  1702.0 -.7175865E-09
  1703.0 0.2870141E-09
  1704.0 0.1312874E-08
  1705.0 0.2345522E-08
  1706.0 0.3370190E-08
  1707.0 0.4372031E-08
  1708.0 0.5336338E-08
  1709.0 0.6248736E-08
  1710.0 0.7095428E-08
  1711.0 0.7863363E-08
  1712.0 0.8540476E-08
  1713.0 0.9115850E-08
  1714.0 0.9579867E-08
  1715.0 0.9924378E-08
  1716.0 0.1014287E-07
  1717.0 0.1023056E-07
  1718.0 0.1018439E-07
  1719.0 0.1000324E-07
  1720.0 0.9687861E-08
  1721.0 0.9240945E-08
  1722.0 0.8667005E-08
  1723.0 0.7972456E-08
  1724.0 0.7165434E-08
  1725.0 0.6255755E-08
  1726.0 0.5254757E-08
  1727.0 0.4175182E-08
  1728.0 0.3030953E-08
  1729.0 0.1837034E-08
  1730.0 0.6092055E-09
  1731.0 -.6361704E-09
  1732.0 -.1882358E-08
  1733.0 -.3112490E-08
  1734.0 -.4309822E-08
  1735.0 -.5457941E-08
  1736.0 -.6541038E-08
  1737.0 -.7544097E-08
  1738.0 -.8453167E-08
  1739.0 -.9255460E-08
  1740.0 -.9939692E-08
  1741.0 -.1049611E-07
  1742.0 -.1091667E-07
  1743.0 -.1119523E-07
  1744.0 -.1132756E-07
  1745.0 -.1131142E-07
  1746.0 -.1114664E-07
  1747.0 -.1083505E-07
  1748.0 -.1038054E-07
  1749.0 -.9788969E-08
  1750.0 -.9068076E-08
  1751.0 -.8227384E-08
  1752.0 -.7278064E-08
  1753.0 -.6232779E-08
  1754.0 -.5105526E-08
  1755.0 -.3911383E-08
  1756.0 -.2666369E-08
  1757.0 -.1387157E-08
  1758.0 -.9088359E-10
  1759.0 0.1205126E-08
  1760.0 0.2483572E-08
  1761.0 0.3727442E-08
  1762.0 0.4920238E-08
  1763.0 0.6046206E-08
  1764.0 0.7090550E-08
  1765.0 0.8039649E-08
  1766.0 0.8881226E-08
  1767.0 0.9604499E-08
  1768.0 0.1020040E-07
  1769.0 0.1066155E-07
  1770.0 0.1098250E-07
  1771.0 0.1115975E-07
  1772.0 0.1119166E-07
  1773.0 0.1107868E-07
  1774.0 0.1082317E-07
  1775.0 0.1042939E-07
  1776.0 0.9903459E-08
  1777.0 0.9253183E-08
  1778.0 0.8488036E-08
  1779.0 0.7618915E-08
  1780.0 0.6658044E-08
  1781.0 0.5618752E-08
  1782.0 0.4515270E-08
  1783.0 0.3362574E-08
  1784.0 0.2176126E-08
  1785.0 0.9716568E-09
  1786.0 -.2350263E-09
  1787.0 -.1428296E-08
  1788.0 -.2592891E-08
  1789.0 -.3714128E-08
  1790.0 -.4778117E-08
  1791.0 -.5771911E-08
  1792.0 -.6683694E-08
  1793.0 -.7502921E-08
  1794.0 -.8220433E-08
  1795.0 -.8828589E-08
  1796.0 -.9321280E-08
  1797.0 -.9694098E-08
  1798.0 -.9944278E-08
  1799.0 -.1007070E-07
  1800.0 -.1007395E-07
  1801.0 -.9956200E-08
  1802.0 -.9721216E-08
  1803.0 -.9374165E-08
  1804.0 -.8921679E-08
  1805.0 -.8371535E-08
  1806.0 -.7732716E-08
  1807.0 -.7015105E-08
  1808.0 -.6229397E-08
  1809.0 -.5386936E-08
  1810.0 -.4499511E-08
  1811.0 -.3579207E-08
  1812.0 -.2638206E-08
  1813.0 -.1688644E-08
  1814.0 -.7424170E-09
  1815.0 0.1889572E-09
  1816.0 0.1094500E-08
  1817.0 0.1963900E-08
  1818.0 0.2787638E-08
  1819.0 0.3557087E-08
  1820.0 0.4264626E-08
  1821.0 0.4903654E-08
  1822.0 0.5468718E-08
  1823.0 0.5955504E-08
  1824.0 0.6360855E-08
  1825.0 0.6682771E-08
  1826.0 0.6920410E-08
  1827.0 0.7074038E-08
  1828.0 0.7144956E-08
  1829.0 0.7135495E-08
  1830.0 0.7048873E-08
  1831.0 0.6889155E-08
  1832.0 0.6661131E-08
  1833.0 0.6370227E-08
  1834.0 0.6022391E-08
  1835.0 0.5623984E-08
  1836.0 0.5181676E-08
  1837.0 0.4702320E-08
  1838.0 0.4192870E-08
  1839.0 0.3660261E-08
  1840.0 0.3111298E-08
  1841.0 0.2552614E-08
  1842.0 0.1990551E-08
  1843.0 0.1431108E-08
  1844.0 0.8798783E-09
  1845.0 0.3420013E-09
  1846.0 -.1778756E-09
  1847.0 -.6756230E-09
  1848.0 -.1147635E-08
  1849.0 -.1590856E-08
  1850.0 -.2002748E-08
  1851.0 -.2381301E-08
  1852.0 -.2724987E-08
  1853.0 -.3032749E-08
  1854.0 -.3303959E-08
  1855.0 -.3538386E-08
  1856.0 -.3736140E-08
  1857.0 -.3897632E-08
  1858.0 -.4023532E-08
  1859.0 -.4114735E-08
  1860.0 -.4172282E-08
  1861.0 -.4197374E-08
  1862.0 -.4191283E-08
  1863.0 -.4155358E-08
  1864.0 -.4090972E-08
  1865.0 -.3999509E-08
  1866.0 -.3882375E-08
  1867.0 -.3740946E-08
  1868.0 -.3576569E-08
  1869.0 -.3390603E-08
  1870.0 -.3184377E-08
  1871.0 -.2959233E-08
  1872.0 -.2716517E-08
  1873.0 -.2457614E-08
  1874.0 -.2183956E-08
  1875.0 -.1897039E-08
  1876.0 -.1598450E-08
  1877.0 -.1289887E-08
  1878.0 -.9731578E-09
  1879.0 -.6502082E-09
  1880.0 -.3231322E-09
  1881.0 0.5833982E-11
  1882.0 0.3343089E-09
  1883.0 0.6597658E-09
  1884.0 0.9795562E-09
  1885.0 0.1290921E-08
  1886.0 0.1591015E-08
  1887.0 0.1876942E-08
  1888.0 0.2145788E-08
  1889.0 0.2394656E-08
  1890.0 0.2620726E-08
  1891.0 0.2821288E-08
  1892.0 0.2993803E-08
  1893.0 0.3135939E-08
  1894.0 0.3245649E-08
  1895.0 0.3321186E-08
  1896.0 0.3361179E-08
  1897.0 0.3364662E-08
  1898.0 0.3331124E-08
  1899.0 0.3260515E-08
  1900.0 0.3153299E-08
  1901.0 0.3010467E-08
  1902.0 0.2833509E-08
  1903.0 0.2624462E-08
  1904.0 0.2385854E-08
  1905.0 0.2120716E-08
  1906.0 0.1832518E-08
  1907.0 0.1525147E-08
  1908.0 0.1202839E-08
  1909.0 0.8701316E-09
  1910.0 0.5317877E-09
  1911.0 0.1927124E-09
  1912.0 -.1421171E-09
  1913.0 -.4677386E-09
  1914.0 -.7792962E-09
  1915.0 -.1072129E-08
  1916.0 -.1341853E-08
  1917.0 -.1584444E-08
  1918.0 -.1796324E-08
  1919.0 -.1974427E-08
  1920.0 -.2116267E-08
  1921.0 -.2219981E-08
  1922.0 -.2284389E-08
  1923.0 -.2309013E-08
  1924.0 -.2294107E-08
  1925.0 -.2240641E-08
  1926.0 -.2150309E-08
  1927.0 -.2025493E-08
  1928.0 -.1869236E-08
  1929.0 -.1685176E-08
  1930.0 -.1477495E-08
  1931.0 -.1250831E-08
  1932.0 -.1010191E-08
  1933.0 -.7608644E-09
  1934.0 -.5083060E-09
  1935.0 -.2580391E-09
  1936.0 -.1553154E-10
  1937.0 0.2138991E-09
  1938.0 0.4252201E-09
  1939.0 0.6137697E-09
  1940.0 0.7753732E-09
  1941.0 0.9064307E-09
  1942.0 0.1003996E-08
  1943.0 0.1065854E-08
  1944.0 0.1090578E-08
  1945.0 0.1077560E-08
  1946.0 0.1027056E-08
  1947.0 0.9401733E-09
  1948.0 0.8188663E-09
  1949.0 0.6659260E-09
  1950.0 0.4849059E-09
  1951.0 0.2800850E-09
  1952.0 0.5637564E-10
  1953.0 -.1807725E-09
  1954.0 -.4254576E-09
  1955.0 -.6714746E-09
  1956.0 -.9124130E-09
  1957.0 -.1141803E-08
  1958.0 -.1353258E-08
  1959.0 -.1540598E-08
  1960.0 -.1697996E-08
  1961.0 -.1820113E-08
  1962.0 -.1902211E-08
  1963.0 -.1940279E-08
  1964.0 -.1931133E-08
  1965.0 -.1872502E-08
  1966.0 -.1763106E-08
  1967.0 -.1602698E-08
  1968.0 -.1392106E-08
  1969.0 -.1133251E-08
  1970.0 -.8291154E-09
  1971.0 -.4837380E-09
  1972.0 -.1021439E-09
  1973.0 0.3097237E-09
  1974.0 0.7450945E-09
  1975.0 0.1196487E-08
  1976.0 0.1655835E-08
  1977.0 0.2114636E-08
  1978.0 0.2564088E-08
  1979.0 0.2995286E-08
  1980.0 0.3399349E-08
  1981.0 0.3767632E-08
  1982.0 0.4091869E-08
  1983.0 0.4364348E-08
  1984.0 0.4578088E-08
  1985.0 0.4726953E-08
  1986.0 0.4805834E-08
  1987.0 0.4810715E-08
  1988.0 0.4738819E-08
  1989.0 0.4588680E-08
  1990.0 0.4360166E-08
  1991.0 0.4054550E-08
  1992.0 0.3674492E-08
  1993.0 0.3224027E-08
  1994.0 0.2708535E-08
  1995.0 0.2134649E-08
  1996.0 0.1510156E-08
  1997.0 0.8439069E-09
  1998.0 0.1456522E-09
  1999.0 -.5741019E-09
  2000.0 -.1304276E-08
  2001.0 -.2033399E-08
  2002.0 -.2749789E-08
  2003.0 -.3441798E-08
  2004.0 -.4097958E-08
  2005.0 -.4707231E-08
  2006.0 -.5259187E-08
  2007.0 -.5744177E-08
  2008.0 -.6153539E-08
  2009.0 -.6479736E-08
  2010.0 -.6716510E-08
  2011.0 -.6858991E-08
  2012.0 -.6903793E-08
  2013.0 -.6849086E-08
  2014.0 -.6694646E-08
  2015.0 -.6441866E-08
  2016.0 -.6093714E-08
  2017.0 -.5654747E-08
  2018.0 -.5130982E-08
  2019.0 -.4529844E-08
  2020.0 -.3860012E-08
  2021.0 -.3131301E-08
  2022.0 -.2354472E-08
  2023.0 -.1541077E-08
  2024.0 -.7032512E-09
  2025.0 0.1464957E-09
  2026.0 0.9954846E-09
  2027.0 0.1831072E-08
  2028.0 0.2640885E-08
  2029.0 0.3413004E-08
  2030.0 0.4136175E-08
  2031.0 0.4799991E-08
  2032.0 0.5395066E-08
  2033.0 0.5913167E-08
  2034.0 0.6347378E-08
  2035.0 0.6692160E-08
  2036.0 0.6943478E-08
  2037.0 0.7098802E-08
  2038.0 0.7157194E-08
  2039.0 0.7119230E-08
  2040.0 0.6987057E-08
  2041.0 0.6764225E-08
  2042.0 0.6455732E-08
  2043.0 0.6067816E-08
  2044.0 0.5607859E-08
  2045.0 0.5084271E-08
  2046.0 0.4506274E-08
  2047.0 0.3883766E-08
  2048.0 0.3227112E-08
  2049.0 0.2546984E-08
  2050.0 0.1854138E-08
  2051.0 0.1159234E-08
  2052.0 0.4726599E-09
  2053.0 -.1956544E-09
  2054.0 -.8363966E-09
  2055.0 -.1441020E-08
  2056.0 -.2001880E-08
  2057.0 -.2512339E-08
  2058.0 -.2966860E-08
  2059.0 -.3361073E-08
  2060.0 -.3691812E-08
  2061.0 -.3957149E-08
  2062.0 -.4156359E-08
  2063.0 -.4289926E-08
  2064.0 -.4359471E-08
  2065.0 -.4367663E-08
  2066.0 -.4318172E-08
  2067.0 -.4215500E-08
  2068.0 -.4064924E-08
  2069.0 -.3872286E-08
  2070.0 -.3643922E-08
  2071.0 -.3386465E-08
  2072.0 -.3106705E-08
  2073.0 -.2811449E-08
  2074.0 -.2507372E-08
  2075.0 -.2200859E-08
  2076.0 -.1897914E-08
  2077.0 -.1604012E-08
  2078.0 -.1324012E-08
  2079.0 -.1062073E-08
  2080.0 -.8215940E-09
  2081.0 -.6051525E-09
  2082.0 -.4144974E-09
  2083.0 -.2505335E-09
  2084.0 -.1133395E-09
  2085.0 -.2200686E-11
  2086.0 0.8433404E-10
  2087.0 0.1483910E-09
  2088.0 0.1926770E-09
  2089.0 0.2203894E-09
  2090.0 0.2351064E-09
  2091.0 0.2406716E-09
  2092.0 0.2410752E-09
  2093.0 0.2403335E-09
  2094.0 0.2423618E-09
  2095.0 0.2508645E-09
  2096.0 0.2692185E-09
  2097.0 0.3003781E-09
  2098.0 0.3467806E-09
  2099.0 0.4102709E-09
  2100.0 0.4920385E-09
  2101.0 0.5925792E-09
  2102.0 0.7116651E-09
  2103.0 0.8483348E-09
  2104.0 0.1000910E-08
  2105.0 0.1167024E-08
  2106.0 0.1343665E-08
  2107.0 0.1527240E-08
  2108.0 0.1713667E-08
  2109.0 0.1898449E-08
  2110.0 0.2076795E-08
  2111.0 0.2243730E-08
  2112.0 0.2394204E-08
  2113.0 0.2523235E-08
  2114.0 0.2626026E-08
  2115.0 0.2698078E-08
  2116.0 0.2735326E-08
  2117.0 0.2734252E-08
  2118.0 0.2691966E-08
  2119.0 0.2606310E-08
  2120.0 0.2475933E-08
  2121.0 0.2300345E-08
  2122.0 0.2079959E-08
  2123.0 0.1816107E-08
  2124.0 0.1511052E-08
  2125.0 0.1167959E-08
  2126.0 0.7908703E-09
  2127.0 0.3846236E-09
  2128.0 -.4518824E-10
  2129.0 -.4923465E-09
  2130.0 -.9500860E-09
  2131.0 -.1411233E-08
  2132.0 -.1868324E-08
  2133.0 -.2313753E-08
  2134.0 -.2739923E-08
  2135.0 -.3139365E-08
  2136.0 -.3504912E-08
  2137.0 -.3829836E-08
  2138.0 -.4107963E-08
  2139.0 -.4333826E-08
  2140.0 -.4502767E-08
  2141.0 -.4611019E-08
  2142.0 -.4655817E-08
  2143.0 -.4635452E-08
  2144.0 -.4549303E-08
  2145.0 -.4397870E-08
  2146.0 -.4182774E-08
  2147.0 -.3906751E-08
  2148.0 -.3573572E-08
  2149.0 -.3188035E-08
  2150.0 -.2755831E-08
  2151.0 -.2283476E-08
  2152.0 -.1778203E-08
  2153.0 -.1247805E-08
  2154.0 -.7005067E-09
  2155.0 -.1448327E-09
  2156.0 0.4105672E-09
  2157.0 0.9570649E-09
  2158.0 0.1486210E-08
  2159.0 0.1989888E-08
  2160.0 0.2460447E-08
  2161.0 0.2890860E-08
  2162.0 0.3274831E-08
  2163.0 0.3606892E-08
  2164.0 0.3882540E-08
  2165.0 0.4098253E-08
  2166.0 0.4251588E-08
  2167.0 0.4341179E-08
  2168.0 0.4366793E-08
  2169.0 0.4329276E-08
  2170.0 0.4230542E-08
  2171.0 0.4073520E-08
  2172.0 0.3862093E-08
  2173.0 0.3601002E-08
  2174.0 0.3295728E-08
  2175.0 0.2952399E-08
  2176.0 0.2577658E-08
  2177.0 0.2178511E-08
  2178.0 0.1762196E-08
  2179.0 0.1336054E-08
  2180.0 0.9073625E-09
  2181.0 0.4832085E-09
  2182.0 0.7034946E-10
  2183.0 -.3248980E-09
  2184.0 -.6967867E-09
  2185.0 -.1040228E-08
  2186.0 -.1350872E-08
  2187.0 -.1625183E-08
  2188.0 -.1860479E-08
  2189.0 -.2054956E-08
  2190.0 -.2207710E-08
  2191.0 -.2318710E-08
  2192.0 -.2388779E-08
  2193.0 -.2419541E-08
  2194.0 -.2413361E-08
  2195.0 -.2373258E-08
  2196.0 -.2302814E-08
  2197.0 -.2206075E-08
  2198.0 -.2087436E-08
  2199.0 -.1951526E-08
  2200.0 -.1803072E-08
  2201.0 -.1646806E-08
  2202.0 -.1487326E-08
  2203.0 -.1328984E-08
  2204.0 -.1175796E-08
  2205.0 -.1031337E-08
  2206.0 -.8986579E-09
  2207.0 -.7802224E-09
  2208.0 -.6778567E-09
  2209.0 -.5927173E-09
  2210.0 -.5252713E-09
  2211.0 -.4752980E-09
  2212.0 -.4419099E-09
  2213.0 -.4235909E-09
  2214.0 -.4182536E-09
  2215.0 -.4232982E-09
  2216.0 -.4357127E-09
  2217.0 -.4521487E-09
  2218.0 -.4690378E-09
  2219.0 -.4826912E-09
  2220.0 -.4894333E-09
  2221.0 -.4856925E-09
  2222.0 -.4681269E-09
  2223.0 -.4337419E-09
  2224.0 -.3799738E-09
  2225.0 -.3047933E-09
  2226.0 -.2067869E-09
  2227.0 -.8521227E-10
  2228.0 0.5995007E-10
  2229.0 0.2279609E-09
  2230.0 0.4173170E-09
  2231.0 0.6257576E-09
  2232.0 0.8502906E-09
  2233.0 0.1087241E-08
  2234.0 0.1332317E-08
  2235.0 0.1580693E-08
  2236.0 0.1827113E-08
  2237.0 0.2065998E-08
  2238.0 0.2291572E-08
  2239.0 0.2498000E-08
  2240.0 0.2679536E-08
  2241.0 0.2830636E-08
  2242.0 0.2946137E-08
  2243.0 0.3021368E-08
  2244.0 0.3052301E-08
  2245.0 0.3035656E-08
  2246.0 0.2969014E-08
  2247.0 0.2850920E-08
  2248.0 0.2680941E-08
  2249.0 0.2459716E-08
  2250.0 0.2189003E-08
  2251.0 0.1871659E-08
  2252.0 0.1511652E-08
  2253.0 0.1113984E-08
  2254.0 0.6846461E-09
  2255.0 0.2305139E-09
  2256.0 -.2407634E-09
  2257.0 -.7209038E-09
  2258.0 -.1201142E-08
  2259.0 -.1672391E-08
  2260.0 -.2125445E-08
  2261.0 -.2551147E-08
  2262.0 -.2940591E-08
  2263.0 -.3285327E-08
  2264.0 -.3577529E-08
  2265.0 -.3810206E-08
  2266.0 -.3977350E-08
  2267.0 -.4074103E-08
  2268.0 -.4096904E-08
  2269.0 -.4043569E-08
  2270.0 -.3913412E-08
  2271.0 -.3707286E-08
  2272.0 -.3427620E-08
  2273.0 -.3078409E-08
  2274.0 -.2665182E-08
  2275.0 -.2194926E-08
  2276.0 -.1675990E-08
  2277.0 -.1117958E-08
  2278.0 -.5314721E-09
  2279.0 0.7194512E-10
  2280.0 0.6800983E-09
  2281.0 0.1280360E-08
  2282.0 0.1859915E-08
  2283.0 0.2406011E-08
  2284.0 0.2906235E-08
  2285.0 0.3348767E-08
  2286.0 0.3722642E-08
  2287.0 0.4018001E-08
  2288.0 0.4226336E-08
  2289.0 0.4340675E-08
  2290.0 0.4355817E-08
  2291.0 0.4268431E-08
  2292.0 0.4077251E-08
  2293.0 0.3783121E-08
  2294.0 0.3389046E-08
  2295.0 0.2900213E-08
  2296.0 0.2323962E-08
  2297.0 0.1669684E-08
  2298.0 0.9487279E-09
  2299.0 0.1742189E-09
  2300.0 -.6391317E-09
  2301.0 -.1475275E-08
  2302.0 -.2317095E-08
  2303.0 -.3146695E-08
  2304.0 -.3945736E-08
  2305.0 -.4695769E-08
  2306.0 -.5378604E-08
  2307.0 -.5976649E-08
  2308.0 -.6473261E-08
  2309.0 -.6853134E-08
  2310.0 -.7102583E-08
  2311.0 -.7209886E-08
  2312.0 -.7165587E-08
  2313.0 -.6962694E-08
  2314.0 -.6596935E-08
  2315.0 -.6066885E-08
  2316.0 -.5374151E-08
  2317.0 -.4523364E-08
  2318.0 -.3522230E-08
  2319.0 -.2381489E-08
  2320.0 -.1114809E-08
  2321.0 0.2613718E-09
  2322.0 0.1728043E-08
  2323.0 0.3263891E-08
  2324.0 0.4845601E-08
  2325.0 0.6448204E-08
  2326.0 0.8045462E-08
  2327.0 0.9610279E-08
  2328.0 0.1111521E-07
  2329.0 0.1253282E-07
  2330.0 0.1383620E-07
  2331.0 0.1499948E-07
  2332.0 0.1599823E-07
  2333.0 0.1680992E-07
  2334.0 0.1741441E-07
  2335.0 0.1779421E-07
  2336.0 0.1793511E-07
  2337.0 0.1782603E-07
  2338.0 0.1745979E-07
  2339.0 0.1683293E-07
  2340.0 0.1594614E-07
  2341.0 0.1480405E-07
  2342.0 0.1341543E-07
  2343.0 0.1179314E-07
  2344.0 0.9953859E-08
  2345.0 0.7918082E-08
  2346.0 0.5709661E-08
  2347.0 0.3355668E-08
  2348.0 0.8859030E-09
  2349.0 -.1667486E-08
  2350.0 -.4270487E-08
  2351.0 -.6887690E-08
  2352.0 -.9482922E-08
  2353.0 -.1201965E-07
  2354.0 -.1446166E-07
  2355.0 -.1677361E-07
  2356.0 -.1892155E-07
  2357.0 -.2087348E-07
  2358.0 -.2259987E-07
  2359.0 -.2407416E-07
  2360.0 -.2527312E-07
  2361.0 -.2617731E-07
  2362.0 -.2677138E-07
  2363.0 -.2704439E-07
  2364.0 -.2698985E-07
  2365.0 -.2660608E-07
  2366.0 -.2589604E-07
  2367.0 -.2486746E-07
  2368.0 -.2353265E-07
  2369.0 -.2190840E-07
  2370.0 -.2001569E-07
  2371.0 -.1787934E-07
  2372.0 -.1552783E-07
  2373.0 -.1299263E-07
  2374.0 -.1030792E-07
  2375.0 -.7509891E-08
  2376.0 -.4636433E-08
  2377.0 -.1726331E-08
  2378.0 0.1181178E-08
  2379.0 0.4047059E-08
  2380.0 0.6833019E-08
  2381.0 0.9502145E-08
  2382.0 0.1201935E-07
  2383.0 0.1435204E-07
  2384.0 0.1647042E-07
  2385.0 0.1834811E-07
  2386.0 0.1996233E-07
  2387.0 0.2129429E-07
  2388.0 0.2232950E-07
  2389.0 0.2305791E-07
  2390.0 0.2347396E-07
  2391.0 0.2357670E-07
  2392.0 0.2336967E-07
  2393.0 0.2286095E-07
  2394.0 0.2206273E-07
  2395.0 0.2099134E-07
  2396.0 0.1966678E-07
  2397.0 0.1811240E-07
  2398.0 0.1635455E-07
  2399.0 0.1442205E-07
