     0.0 0.0000000E+00
     1.0 -.1967162E-17
     2.0 0.1893096E-16
     3.0 0.1426197E-15
     4.0 0.5019507E-15
     5.0 0.1280150E-14
     6.0 0.2705514E-14
     7.0 0.5044079E-14
     8.0 0.8591059E-14
     9.0 0.1366119E-13
    10.0 0.2057818E-13
    11.0 0.2966355E-13
    12.0 0.4122549E-13
    13.0 0.5554771E-13
    14.0 0.7287885E-13
    15.0 0.9342254E-13
    16.0 0.1173285E-12
    17.0 0.1446847E-12
    18.0 0.1755108E-12
    19.0 0.2097526E-12
    20.0 0.2472783E-12
    21.0 0.2878756E-12
    22.0 0.3312501E-12
    23.0 0.3770246E-12
    24.0 0.4247401E-12
    25.0 0.4738561E-12
    26.0 0.5237533E-12
    27.0 0.5737356E-12
    28.0 0.6230326E-12
    29.0 0.6708047E-12
    30.0 0.7161444E-12
    31.0 0.7580826E-12
    32.0 0.7955931E-12
    33.0 0.8275969E-12
    34.0 0.8529703E-12
    35.0 0.8705507E-12
    36.0 0.8791461E-12
    37.0 0.8775456E-12
    38.0 0.8645288E-12
    39.0 0.8388803E-12
    40.0 0.7994054E-12
    41.0 0.7449441E-12
    42.0 0.6743906E-12
    43.0 0.5867125E-12
    44.0 0.4809712E-12
    45.0 0.3563418E-12
    46.0 0.2121361E-12
    47.0 0.4782162E-13
    48.0 -.1369571E-12
    49.0 -.3423618E-12
    50.0 -.5683449E-12
    51.0 -.8146366E-12
    52.0 -.1080738E-11
    53.0 -.1365916E-11
    54.0 -.1669208E-11
    55.0 -.1989425E-11
    56.0 -.2325167E-11
    57.0 -.2674843E-11
    58.0 -.3036695E-11
    59.0 -.3408830E-11
    60.0 -.3789251E-11
    61.0 -.4175899E-11
    62.0 -.4566701E-11
    63.0 -.4959608E-11
    64.0 -.5352648E-11
    65.0 -.5743958E-11
    66.0 -.6131845E-11
    67.0 -.6514814E-11
    68.0 -.6891603E-11
    69.0 -.7261219E-11
    70.0 -.7622944E-11
    71.0 -.7976361E-11
    72.0 -.8321346E-11
    73.0 -.8658067E-11
    74.0 -.8986965E-11
    75.0 -.9308708E-11
    76.0 -.9624183E-11
    77.0 -.9934433E-11
    78.0 -.1024059E-10
    79.0 -.1054385E-10
    80.0 -.1084539E-10
    81.0 -.1114629E-10
    82.0 -.1144749E-10
    83.0 -.1174973E-10
    84.0 -.1205349E-10
    85.0 -.1235894E-10
    86.0 -.1266590E-10
    87.0 -.1297385E-10
    88.0 -.1328185E-10
    89.0 -.1358861E-10
    90.0 -.1389246E-10
    91.0 -.1419144E-10
    92.0 -.1448329E-10
    93.0 -.1476551E-10
    94.0 -.1503551E-10
    95.0 -.1529061E-10
    96.0 -.1552816E-10
    97.0 -.1574565E-10
    98.0 -.1594080E-10
    99.0 -.1611162E-10
   100.0 -.1625656E-10
   101.0 -.1637453E-10
   102.0 -.1646504E-10
   103.0 -.1652836E-10
   104.0 -.1656547E-10
   105.0 -.1657820E-10
   106.0 -.1656908E-10
   107.0 -.1654142E-10
   108.0 -.1649917E-10
   109.0 -.1644687E-10
   110.0 -.1638951E-10
   111.0 -.1633239E-10
   112.0 -.1628094E-10
   113.0 -.1624063E-10
   114.0 -.1621670E-10
   115.0 -.1621400E-10
   116.0 -.1623682E-10
   117.0 -.1628870E-10
   118.0 -.1637232E-10
   119.0 -.1648927E-10
   120.0 -.1664003E-10
   121.0 -.1682380E-10
   122.0 -.1703857E-10
   123.0 -.1728098E-10
   124.0 -.1754643E-10
   125.0 -.1782909E-10
   126.0 -.1812211E-10
   127.0 -.1841765E-10
   128.0 -.1870713E-10
   129.0 -.1898141E-10
   130.0 -.1923107E-10
   131.0 -.1944658E-10
   132.0 -.1961871E-10
   133.0 -.1973863E-10
   134.0 -.1979827E-10
   135.0 -.1979064E-10
   136.0 -.1970991E-10
   137.0 -.1955176E-10
   138.0 -.1931347E-10
   139.0 -.1899409E-10
   140.0 -.1859454E-10
   141.0 -.1811758E-10
   142.0 -.1756793E-10
   143.0 -.1695200E-10
   144.0 -.1627806E-10
   145.0 -.1555570E-10
   146.0 -.1479600E-10
   147.0 -.1401097E-10
   148.0 -.1321341E-10
   149.0 -.1241658E-10
   150.0 -.1163377E-10
   151.0 -.1087805E-10
   152.0 -.1016188E-10
   153.0 -.9496718E-11
   154.0 -.8892790E-11
   155.0 -.8358694E-11
   156.0 -.7901233E-11
   157.0 -.7525126E-11
   158.0 -.7232923E-11
   159.0 -.7024807E-11
   160.0 -.6898631E-11
   161.0 -.6849887E-11
   162.0 -.6871842E-11
   163.0 -.6955609E-11
   164.0 -.7090424E-11
   165.0 -.7263877E-11
   166.0 -.7462188E-11
   167.0 -.7670604E-11
   168.0 -.7873729E-11
   169.0 -.8055960E-11
   170.0 -.8201853E-11
   171.0 -.8296579E-11
   172.0 -.8326255E-11
   173.0 -.8278413E-11
   174.0 -.8142178E-11
   175.0 -.7908761E-11
   176.0 -.7571526E-11
   177.0 -.7126274E-11
   178.0 -.6571347E-11
   179.0 -.5907693E-11
   180.0 -.5138798E-11
   181.0 -.4270648E-11
   182.0 -.3311608E-11
   183.0 -.2272140E-11
   184.0 -.1164568E-11
   185.0 -.2758113E-14
   186.0 0.1198259E-11
   187.0 0.2422654E-11
   188.0 0.3654262E-11
   189.0 0.4876966E-11
   190.0 0.6075143E-11
   191.0 0.7234069E-11
   192.0 0.8340306E-11
   193.0 0.9382050E-11
   194.0 0.1034944E-10
   195.0 0.1123483E-10
   196.0 0.1203290E-10
   197.0 0.1274091E-10
   198.0 0.1335862E-10
   199.0 0.1388838E-10
   200.0 0.1433495E-10
   201.0 0.1470544E-10
   202.0 0.1500903E-10
   203.0 0.1525661E-10
   204.0 0.1546069E-10
   205.0 0.1563478E-10
   206.0 0.1579307E-10
   207.0 0.1595003E-10
   208.0 0.1612007E-10
   209.0 0.1631682E-10
   210.0 0.1655309E-10
   211.0 0.1684018E-10
   212.0 0.1718775E-10
   213.0 0.1760341E-10
   214.0 0.1809248E-10
   215.0 0.1865793E-10
   216.0 0.1930013E-10
   217.0 0.2001696E-10
   218.0 0.2080374E-10
   219.0 0.2165349E-10
   220.0 0.2255695E-10
   221.0 0.2350299E-10
   222.0 0.2447895E-10
   223.0 0.2547083E-10
   224.0 0.2646391E-10
   225.0 0.2744309E-10
   226.0 0.2839340E-10
   227.0 0.2930041E-10
   228.0 0.3015078E-10
   229.0 0.3093266E-10
   230.0 0.3163600E-10
   231.0 0.3225310E-10
   232.0 0.3277880E-10
   233.0 0.3321067E-10
   234.0 0.3354921E-10
   235.0 0.3379801E-10
   236.0 0.3396359E-10
   237.0 0.3405541E-10
   238.0 0.3408559E-10
   239.0 0.3406883E-10
   240.0 0.3402178E-10
   241.0 0.3396284E-10
   242.0 0.3391166E-10
   243.0 0.3388843E-10
   244.0 0.3391364E-10
   245.0 0.3400713E-10
   246.0 0.3418775E-10
   247.0 0.3447265E-10
   248.0 0.3487683E-10
   249.0 0.3541255E-10
   250.0 0.3608869E-10
   251.0 0.3691081E-10
   252.0 0.3788034E-10
   253.0 0.3899460E-10
   254.0 0.4024678E-10
   255.0 0.4162560E-10
   256.0 0.4311572E-10
   257.0 0.4469781E-10
   258.0 0.4634883E-10
   259.0 0.4804247E-10
   260.0 0.4974974E-10
   261.0 0.5143946E-10
   262.0 0.5307897E-10
   263.0 0.5463477E-10
   264.0 0.5607357E-10
   265.0 0.5736285E-10
   266.0 0.5847153E-10
   267.0 0.5937114E-10
   268.0 0.6003631E-10
   269.0 0.6044563E-10
   270.0 0.6058210E-10
   271.0 0.6043380E-10
   272.0 0.5999441E-10
   273.0 0.5926339E-10
   274.0 0.5824633E-10
   275.0 0.5695489E-10
   276.0 0.5540690E-10
   277.0 0.5362608E-10
   278.0 0.5164161E-10
   279.0 0.4948782E-10
   280.0 0.4720349E-10
   281.0 0.4483126E-10
   282.0 0.4241671E-10
   283.0 0.4000738E-10
   284.0 0.3765207E-10
   285.0 0.3539958E-10
   286.0 0.3329778E-10
   287.0 0.3139250E-10
   288.0 0.2972669E-10
   289.0 0.2833913E-10
   290.0 0.2726388E-10
   291.0 0.2652908E-10
   292.0 0.2615653E-10
   293.0 0.2616086E-10
   294.0 0.2654915E-10
   295.0 0.2732060E-10
   296.0 0.2846641E-10
   297.0 0.2996966E-10
   298.0 0.3180548E-10
   299.0 0.3394153E-10
   300.0 0.3633828E-10
   301.0 0.3894975E-10
   302.0 0.4172435E-10
   303.0 0.4460564E-10
   304.0 0.4753338E-10
   305.0 0.5044480E-10
   306.0 0.5327541E-10
   307.0 0.5596083E-10
   308.0 0.5843735E-10
   309.0 0.6064364E-10
   310.0 0.6252174E-10
   311.0 0.6401851E-10
   312.0 0.6508648E-10
   313.0 0.6568476E-10
   314.0 0.6578042E-10
   315.0 0.6534864E-10
   316.0 0.6437385E-10
   317.0 0.6284976E-10
   318.0 0.6077989E-10
   319.0 0.5817762E-10
   320.0 0.5506586E-10
   321.0 0.5147730E-10
   322.0 0.4745332E-10
   323.0 0.4304379E-10
   324.0 0.3830625E-10
   325.0 0.3330461E-10
   326.0 0.2810858E-10
   327.0 0.2279213E-10
   328.0 0.1743222E-10
   329.0 0.1210764E-10
   330.0 0.6897321E-11
   331.0 0.1879160E-11
   332.0 -.2871612E-11
   333.0 -.7283671E-11
   334.0 -.1129108E-10
   335.0 -.1483457E-10
   336.0 -.1786263E-10
   337.0 -.2033254E-10
   338.0 -.2221131E-10
   339.0 -.2347645E-10
   340.0 -.2411656E-10
   341.0 -.2413156E-10
   342.0 -.2353299E-10
   343.0 -.2234390E-10
   344.0 -.2059878E-10
   345.0 -.1834280E-10
   346.0 -.1563148E-10
   347.0 -.1252970E-10
   348.0 -.9110694E-11
   349.0 -.5454946E-11
   350.0 -.1648776E-11
   351.0 0.2217094E-11
   352.0 0.6049025E-11
   353.0 0.9752118E-11
   354.0 0.1323196E-10
   355.0 0.1639624E-10
   356.0 0.1915641E-10
   357.0 0.2142945E-10
   358.0 0.2313930E-10
   359.0 0.2421847E-10
   360.0 0.2460930E-10
   361.0 0.2426522E-10
   362.0 0.2315181E-10
   363.0 0.2124747E-10
   364.0 0.1854422E-10
   365.0 0.1504803E-10
   366.0 0.1077899E-10
   367.0 0.5771114E-11
   368.0 0.7210434E-13
   369.0 -.6257262E-11
   370.0 -.1314407E-10
   371.0 -.2050409E-10
   372.0 -.2824342E-10
   373.0 -.3625964E-10
   374.0 -.4444365E-10
   375.0 -.5268159E-10
   376.0 -.6085642E-10
   377.0 -.6885018E-10
   378.0 -.7654635E-10
   379.0 -.8383113E-10
   380.0 -.9059655E-10
   381.0 -.9674178E-10
   382.0 -.1021750E-09
   383.0 -.1068163E-09
   384.0 -.1105976E-09
   385.0 -.1134657E-09
   386.0 -.1153825E-09
   387.0 -.1163264E-09
   388.0 -.1162931E-09
   389.0 -.1152958E-09
   390.0 -.1133654E-09
   391.0 -.1105499E-09
   392.0 -.1069151E-09
   393.0 -.1025423E-09
   394.0 -.9752819E-10
   395.0 -.9198278E-10
   396.0 -.8602839E-10
   397.0 -.7979734E-10
   398.0 -.7342941E-10
   399.0 -.6707054E-10
   400.0 -.6086916E-10
   401.0 -.5497449E-10
   402.0 -.4953356E-10
   403.0 -.4468828E-10
   404.0 -.4057337E-10
   405.0 -.3731314E-10
   406.0 -.3501959E-10
   407.0 -.3378977E-10
   408.0 -.3370374E-10
   409.0 -.3482270E-10
   410.0 -.3718767E-10
   411.0 -.4081795E-10
   412.0 -.4571033E-10
   413.0 -.5183841E-10
   414.0 -.5915307E-10
   415.0 -.6758171E-10
   416.0 -.7702995E-10
   417.0 -.8738156E-10
   418.0 -.9850125E-10
   419.0 -.1102354E-09
   420.0 -.1224144E-09
   421.0 -.1348558E-09
   422.0 -.1473671E-09
   423.0 -.1597474E-09
   424.0 -.1717926E-09
   425.0 -.1832976E-09
   426.0 -.1940605E-09
   427.0 -.2038856E-09
   428.0 -.2125882E-09
   429.0 -.2199967E-09
   430.0 -.2259573E-09
   431.0 -.2303358E-09
   432.0 -.2330227E-09
   433.0 -.2339348E-09
   434.0 -.2330164E-09
   435.0 -.2302444E-09
   436.0 -.2256266E-09
   437.0 -.2192049E-09
   438.0 -.2110550E-09
   439.0 -.2012871E-09
   440.0 -.1900448E-09
   441.0 -.1775033E-09
   442.0 -.1638699E-09
   443.0 -.1493794E-09
   444.0 -.1342924E-09
   445.0 -.1188920E-09
   446.0 -.1034795E-09
   447.0 -.8837004E-10
   448.0 -.7388792E-10
   449.0 -.6036166E-10
   450.0 -.4811782E-10
   451.0 -.3747581E-10
   452.0 -.2874190E-10
   453.0 -.2220298E-10
   454.0 -.1812061E-10
   455.0 -.1672534E-10
   456.0 -.1821071E-10
   457.0 -.2272793E-10
   458.0 -.3038111E-10
   459.0 -.4122186E-10
   460.0 -.5524604E-10
   461.0 -.7239023E-10
   462.0 -.9252888E-10
   463.0 -.1154724E-09
   464.0 -.1409671E-09
   465.0 -.1686940E-09
   466.0 -.1982705E-09
   467.0 -.2292530E-09
   468.0 -.2611384E-09
   469.0 -.2933704E-09
   470.0 -.3253424E-09
   471.0 -.3564061E-09
   472.0 -.3858775E-09
   473.0 -.4130439E-09
   474.0 -.4371764E-09
   475.0 -.4575367E-09
   476.0 -.4733876E-09
   477.0 -.4840084E-09
   478.0 -.4887004E-09
   479.0 -.4868016E-09
   480.0 -.4776999E-09
   481.0 -.4608426E-09
   482.0 -.4357483E-09
   483.0 -.4020207E-09
   484.0 -.3593558E-09
   485.0 -.3075531E-09
   486.0 -.2465250E-09
   487.0 -.1763035E-09
   488.0 -.9704691E-10
   489.0 -.9044979E-11
   490.0 0.8727852E-10
   491.0 0.1913632E-09
   492.0 0.3025142E-09
   493.0 0.4199024E-09
   494.0 0.5425697E-09
   495.0 0.6694343E-09
   496.0 0.7993020E-09
   497.0 0.9308735E-09
   498.0 0.1062758E-08
   499.0 0.1193482E-08
   500.0 0.1321518E-08
   501.0 0.1445286E-08
   502.0 0.1563181E-08
   503.0 0.1673598E-08
   504.0 0.1774936E-08
   505.0 0.1865632E-08
   506.0 0.1944189E-08
   507.0 0.2009178E-08
   508.0 0.2059278E-08
   509.0 0.2093281E-08
   510.0 0.2110131E-08
   511.0 0.2108928E-08
   512.0 0.2088951E-08
   513.0 0.2049682E-08
   514.0 0.1990790E-08
   515.0 0.1912188E-08
   516.0 0.1814008E-08
   517.0 0.1696616E-08
   518.0 0.1560618E-08
   519.0 0.1406858E-08
   520.0 0.1236422E-08
   521.0 0.1050618E-08
   522.0 0.8509805E-09
   523.0 0.6392516E-09
   524.0 0.4173649E-09
   525.0 0.1874302E-09
   526.0 -.4829024E-10
   527.0 -.2874036E-09
   528.0 -.5274131E-09
   529.0 -.7657470E-09
   530.0 -.9997900E-09
   531.0 -.1226903E-08
   532.0 -.1444478E-08
   533.0 -.1649945E-08
   534.0 -.1840825E-08
   535.0 -.2014744E-08
   536.0 -.2169488E-08
   537.0 -.2303005E-08
   538.0 -.2413454E-08
   539.0 -.2499240E-08
   540.0 -.2559002E-08
   541.0 -.2591674E-08
   542.0 -.2596481E-08
   543.0 -.2572960E-08
   544.0 -.2520980E-08
   545.0 -.2440732E-08
   546.0 -.2332752E-08
   547.0 -.2197894E-08
   548.0 -.2037370E-08
   549.0 -.1852692E-08
   550.0 -.1645695E-08
   551.0 -.1418499E-08
   552.0 -.1173498E-08
   553.0 -.9133357E-09
   554.0 -.6408755E-09
   555.0 -.3591677E-09
   556.0 -.7141990E-10
   557.0 0.2190417E-09
   558.0 0.5088114E-09
   559.0 0.7944399E-09
   560.0 0.1072479E-08
   561.0 0.1339523E-08
   562.0 0.1592245E-08
   563.0 0.1827446E-08
   564.0 0.2042093E-08
   565.0 0.2233348E-08
   566.0 0.2398621E-08
   567.0 0.2535592E-08
   568.0 0.2642256E-08
   569.0 0.2716938E-08
   570.0 0.2758317E-08
   571.0 0.2765465E-08
   572.0 0.2737851E-08
   573.0 0.2675345E-08
   574.0 0.2578253E-08
   575.0 0.2447285E-08
   576.0 0.2283572E-08
   577.0 0.2088665E-08
   578.0 0.1864508E-08
   579.0 0.1613419E-08
   580.0 0.1338084E-08
   581.0 0.1041508E-08
   582.0 0.7270084E-09
   583.0 0.3981536E-09
   584.0 0.5873960E-10
   585.0 -.2872594E-09
   586.0 -.6357334E-09
   587.0 -.9824862E-09
   588.0 -.1323289E-08
   589.0 -.1653930E-08
   590.0 -.1970255E-08
   591.0 -.2268246E-08
   592.0 -.2544046E-08
   593.0 -.2794021E-08
   594.0 -.3014806E-08
   595.0 -.3203360E-08
   596.0 -.3356993E-08
   597.0 -.3473406E-08
   598.0 -.3550751E-08
   599.0 -.3587620E-08
   600.0 -.3583102E-08
   601.0 -.3536790E-08
   602.0 -.3448782E-08
   603.0 -.3319711E-08
   604.0 -.3150728E-08
   605.0 -.2943483E-08
   606.0 -.2700151E-08
   607.0 -.2423366E-08
   608.0 -.2116217E-08
   609.0 -.1782215E-08
   610.0 -.1425244E-08
   611.0 -.1049528E-08
   612.0 -.6595645E-09
   613.0 -.2600806E-09
   614.0 0.1440260E-09
   615.0 0.5477519E-09
   616.0 0.9460523E-09
   617.0 0.1333903E-08
   618.0 0.1706376E-08
   619.0 0.2058688E-08
   620.0 0.2386289E-08
   621.0 0.2684901E-08
   622.0 0.2950594E-08
   623.0 0.3179839E-08
   624.0 0.3369554E-08
   625.0 0.3517152E-08
   626.0 0.3620586E-08
   627.0 0.3678375E-08
   628.0 0.3689618E-08
   629.0 0.3654042E-08
   630.0 0.3571980E-08
   631.0 0.3444388E-08
   632.0 0.3272830E-08
   633.0 0.3059464E-08
   634.0 0.2807016E-08
   635.0 0.2518736E-08
   636.0 0.2198373E-08
   637.0 0.1850124E-08
   638.0 0.1478556E-08
   639.0 0.1088571E-08
   640.0 0.6853266E-09
   641.0 0.2741654E-09
   642.0 -.1394605E-09
   643.0 -.5500612E-09
   644.0 -.9521903E-09
   645.0 -.1340521E-08
   646.0 -.1709922E-08
   647.0 -.2055530E-08
   648.0 -.2372822E-08
   649.0 -.2657681E-08
   650.0 -.2906442E-08
   651.0 -.3115969E-08
   652.0 -.3283693E-08
   653.0 -.3407614E-08
   654.0 -.3486391E-08
   655.0 -.3519305E-08
   656.0 -.3506309E-08
   657.0 -.3447993E-08
   658.0 -.3345603E-08
   659.0 -.3200996E-08
   660.0 -.3016629E-08
   661.0 -.2795506E-08
   662.0 -.2541143E-08
   663.0 -.2257506E-08
   664.0 -.1948937E-08
   665.0 -.1620122E-08
   666.0 -.1275970E-08
   667.0 -.9215770E-09
   668.0 -.5621286E-09
   669.0 -.2028194E-09
   670.0 0.1512226E-09
   671.0 0.4950129E-09
   672.0 0.8237913E-09
   673.0 0.1133093E-08
   674.0 0.1418812E-08
   675.0 0.1677264E-08
   676.0 0.1905239E-08
   677.0 0.2100056E-08
   678.0 0.2259584E-08
   679.0 0.2382279E-08
   680.0 0.2467201E-08
   681.0 0.2514029E-08
   682.0 0.2523036E-08
   683.0 0.2495106E-08
   684.0 0.2431693E-08
   685.0 0.2334783E-08
   686.0 0.2206886E-08
   687.0 0.2050947E-08
   688.0 0.1870318E-08
   689.0 0.1668686E-08
   690.0 0.1450002E-08
   691.0 0.1218425E-08
   692.0 0.9782233E-09
   693.0 0.7337242E-09
   694.0 0.4892257E-09
   695.0 0.2489194E-09
   696.0 0.1682749E-10
   697.0 -.2032713E-09
   698.0 -.4079052E-09
   699.0 -.5939612E-09
   700.0 -.7587422E-09
   701.0 -.9000045E-09
   702.0 -.1015995E-08
   703.0 -.1105472E-08
   704.0 -.1167728E-08
   705.0 -.1202581E-08
   706.0 -.1210386E-08
   707.0 -.1192011E-08
   708.0 -.1148816E-08
   709.0 -.1082624E-08
   710.0 -.9956793E-09
   711.0 -.8905865E-09
   712.0 -.7702775E-09
   713.0 -.6379355E-09
   714.0 -.4969349E-09
   715.0 -.3507765E-09
   716.0 -.2030078E-09
   717.0 -.5716846E-10
   718.0 0.8329835E-10
   719.0 0.2151013E-09
   720.0 0.3351683E-09
   721.0 0.4407079E-09
   722.0 0.5292669E-09
   723.0 0.5987718E-09
   724.0 0.6475744E-09
   725.0 0.6744855E-09
   726.0 0.6787939E-09
   727.0 0.6602821E-09
   728.0 0.6192351E-09
   729.0 0.5564292E-09
   730.0 0.4731244E-09
   731.0 0.3710328E-09
   732.0 0.2522922E-09
   733.0 0.1194222E-09
   734.0 -.2472161E-10
   735.0 -.1770064E-09
   736.0 -.3340805E-09
   737.0 -.4924389E-09
   738.0 -.6484917E-09
   739.0 -.7986340E-09
   740.0 -.9393193E-09
   741.0 -.1067126E-08
   742.0 -.1178828E-08
   743.0 -.1271460E-08
   744.0 -.1342379E-08
   745.0 -.1389313E-08
   746.0 -.1410421E-08
   747.0 -.1404319E-08
   748.0 -.1370124E-08
   749.0 -.1307473E-08
   750.0 -.1216532E-08
   751.0 -.1098005E-08
   752.0 -.9531277E-09
   753.0 -.7836493E-09
   754.0 -.5918038E-09
   755.0 -.3802817E-09
   756.0 -.1521820E-09
   757.0 0.8903973E-10
   758.0 0.3396255E-09
   759.0 0.5955856E-09
   760.0 0.8527604E-09
   761.0 0.1106898E-08
   762.0 0.1353726E-08
   763.0 0.1589029E-08
   764.0 0.1808717E-08
   765.0 0.2008912E-08
   766.0 0.2186007E-08
   767.0 0.2336729E-08
   768.0 0.2458199E-08
   769.0 0.2547999E-08
   770.0 0.2604209E-08
   771.0 0.2625423E-08
   772.0 0.2610806E-08
   773.0 0.2560102E-08
   774.0 0.2473634E-08
   775.0 0.2352299E-08
   776.0 0.2197577E-08
   777.0 0.2011484E-08
   778.0 0.1796547E-08
   779.0 0.1555762E-08
   780.0 0.1292557E-08
   781.0 0.1010715E-08
   782.0 0.7143254E-09
   783.0 0.4077099E-09
   784.0 0.9535356E-10
   785.0 -.2181762E-09
   786.0 -.5282947E-09
   787.0 -.8304847E-09
   788.0 -.1120368E-08
   789.0 -.1393769E-08
   790.0 -.1646802E-08
   791.0 -.1875906E-08
   792.0 -.2077929E-08
   793.0 -.2250152E-08
   794.0 -.2390340E-08
   795.0 -.2496778E-08
   796.0 -.2568288E-08
   797.0 -.2604243E-08
   798.0 -.2604563E-08
   799.0 -.2569726E-08
   800.0 -.2500733E-08
   801.0 -.2399099E-08
   802.0 -.2266801E-08
   803.0 -.2106260E-08
   804.0 -.1920274E-08
   805.0 -.1711973E-08
   806.0 -.1484755E-08
   807.0 -.1242230E-08
   808.0 -.9881572E-09
   809.0 -.7263589E-09
   810.0 -.4606799E-09
   811.0 -.1949074E-09
   812.0 0.6728575E-10
   813.0 0.3224029E-09
   814.0 0.5671774E-09
   815.0 0.7986166E-09
   816.0 0.1014051E-08
   817.0 0.1211164E-08
   818.0 0.1388023E-08
   819.0 0.1543093E-08
   820.0 0.1675251E-08
   821.0 0.1783795E-08
   822.0 0.1868429E-08
   823.0 0.1929254E-08
   824.0 0.1966750E-08
   825.0 0.1981741E-08
   826.0 0.1975368E-08
   827.0 0.1949056E-08
   828.0 0.1904458E-08
   829.0 0.1843418E-08
   830.0 0.1767922E-08
   831.0 0.1680041E-08
   832.0 0.1581896E-08
   833.0 0.1475596E-08
   834.0 0.1363203E-08
   835.0 0.1246678E-08
   836.0 0.1127851E-08
   837.0 0.1008387E-08
   838.0 0.8897479E-09
   839.0 0.7731832E-09
   840.0 0.6597045E-09
   841.0 0.5500783E-09
   842.0 0.4448262E-09
   843.0 0.3442293E-09
   844.0 0.2483341E-09
   845.0 0.1569732E-09
   846.0 0.6979020E-10
   847.0 -.1374107E-10
   848.0 -.9427335E-10
   849.0 -.1725612E-09
   850.0 -.2494172E-09
   851.0 -.3256749E-09
   852.0 -.4021477E-09
   853.0 -.4795921E-09
   854.0 -.5586715E-09
   855.0 -.6399150E-09
   856.0 -.7236946E-09
   857.0 -.8101920E-09
   858.0 -.8993820E-09
   859.0 -.9910101E-09
   860.0 -.1084586E-08
   861.0 -.1179386E-08
   862.0 -.1274449E-08
   863.0 -.1368588E-08
   864.0 -.1460408E-08
   865.0 -.1548336E-08
   866.0 -.1630640E-08
   867.0 -.1705472E-08
   868.0 -.1770904E-08
   869.0 -.1824971E-08
   870.0 -.1865726E-08
   871.0 -.1891276E-08
   872.0 -.1899839E-08
   873.0 -.1889791E-08
   874.0 -.1859719E-08
   875.0 -.1808455E-08
   876.0 -.1735126E-08
   877.0 -.1639185E-08
   878.0 -.1520460E-08
   879.0 -.1379149E-08
   880.0 -.1215858E-08
   881.0 -.1031608E-08
   882.0 -.8278380E-09
   883.0 -.6063856E-09
   884.0 -.3694928E-09
   885.0 -.1197644E-09
   886.0 0.1398555E-09
   887.0 0.4061241E-09
   888.0 0.6755447E-09
   889.0 0.9444225E-09
   890.0 0.1208919E-08
   891.0 0.1465119E-08
   892.0 0.1709095E-08
   893.0 0.1936963E-08
   894.0 0.2144974E-08
   895.0 0.2329563E-08
   896.0 0.2487410E-08
   897.0 0.2615527E-08
   898.0 0.2711293E-08
   899.0 0.2772515E-08
   900.0 0.2797471E-08
   901.0 0.2784950E-08
   902.0 0.2734282E-08
   903.0 0.2645357E-08
   904.0 0.2518630E-08
   905.0 0.2355134E-08
   906.0 0.2156464E-08
   907.0 0.1924752E-08
   908.0 0.1662641E-08
   909.0 0.1373267E-08
   910.0 0.1060172E-08
   911.0 0.7272875E-09
   912.0 0.3788630E-09
   913.0 0.1938429E-10
   914.0 -.3464743E-09
   915.0 -.7139428E-09
   916.0 -.1078220E-08
   917.0 -.1434548E-08
   918.0 -.1778299E-08
   919.0 -.2105035E-08
   920.0 -.2410581E-08
   921.0 -.2691091E-08
   922.0 -.2943104E-08
   923.0 -.3163586E-08
   924.0 -.3349992E-08
   925.0 -.3500273E-08
   926.0 -.3612930E-08
   927.0 -.3686986E-08
   928.0 -.3722040E-08
   929.0 -.3718225E-08
   930.0 -.3676228E-08
   931.0 -.3597187E-08
   932.0 -.3482783E-08
   933.0 -.3335087E-08
   934.0 -.3156564E-08
   935.0 -.2950023E-08
   936.0 -.2718538E-08
   937.0 -.2465388E-08
   938.0 -.2194024E-08
   939.0 -.1907962E-08
   940.0 -.1610749E-08
   941.0 -.1305878E-08
   942.0 -.9967636E-09
   943.0 -.6866460E-09
   944.0 -.3785720E-09
   945.0 -.7533662E-10
   946.0 0.2205458E-09
   947.0 0.5068704E-09
   948.0 0.7817668E-09
   949.0 0.1043701E-08
   950.0 0.1291490E-08
   951.0 0.1524283E-08
   952.0 0.1741559E-08
   953.0 0.1943093E-08
   954.0 0.2128945E-08
   955.0 0.2299402E-08
   956.0 0.2454960E-08
   957.0 0.2596259E-08
   958.0 0.2724056E-08
   959.0 0.2839158E-08
   960.0 0.2942385E-08
   961.0 0.3034520E-08
   962.0 0.3116242E-08
   963.0 0.3188117E-08
   964.0 0.3250531E-08
   965.0 0.3303682E-08
   966.0 0.3347530E-08
   967.0 0.3381787E-08
   968.0 0.3405923E-08
   969.0 0.3419122E-08
   970.0 0.3420348E-08
   971.0 0.3408314E-08
   972.0 0.3381540E-08
   973.0 0.3338348E-08
   974.0 0.3276944E-08
   975.0 0.3195439E-08
   976.0 0.3091924E-08
   977.0 0.2964508E-08
   978.0 0.2811405E-08
   979.0 0.2630985E-08
   980.0 0.2421847E-08
   981.0 0.2182874E-08
   982.0 0.1913324E-08
   983.0 0.1612861E-08
   984.0 0.1281625E-08
   985.0 0.9202760E-09
   986.0 0.5300330E-09
   987.0 0.1127091E-09
   988.0 -.3292787E-09
   989.0 -.7928976E-09
   990.0 -.1274505E-08
   991.0 -.1769860E-08
   992.0 -.2274174E-08
   993.0 -.2782137E-08
   994.0 -.3287978E-08
   995.0 -.3785551E-08
   996.0 -.4268375E-08
   997.0 -.4729794E-08
   998.0 -.5163017E-08
   999.0 -.5561237E-08
  1000.0 -.5917793E-08
  1001.0 -.6226211E-08
  1002.0 -.6480382E-08
  1003.0 -.6674659E-08
  1004.0 -.6803988E-08
  1005.0 -.6863990E-08
  1006.0 -.6851091E-08
  1007.0 -.6762604E-08
  1008.0 -.6596832E-08
  1009.0 -.6353105E-08
  1010.0 -.6031862E-08
  1011.0 -.5634660E-08
  1012.0 -.5164238E-08
  1013.0 -.4624475E-08
  1014.0 -.4020392E-08
  1015.0 -.3358110E-08
  1016.0 -.2644785E-08
  1017.0 -.1888548E-08
  1018.0 -.1098383E-08
  1019.0 -.2840413E-09
  1020.0 0.5441170E-09
  1021.0 0.1375243E-08
  1022.0 0.2198168E-08
  1023.0 0.3001576E-08
  1024.0 0.3774146E-08
  1025.0 0.4504782E-08
  1026.0 0.5182733E-08
  1027.0 0.5797814E-08
  1028.0 0.6340564E-08
  1029.0 0.6802395E-08
  1030.0 0.7175772E-08
  1031.0 0.7454351E-08
  1032.0 0.7633078E-08
  1033.0 0.7708331E-08
  1034.0 0.7677969E-08
  1035.0 0.7541412E-08
  1036.0 0.7299669E-08
  1037.0 0.6955370E-08
  1038.0 0.6512727E-08
  1039.0 0.5977510E-08
  1040.0 0.5356962E-08
  1041.0 0.4659738E-08
  1042.0 0.3895749E-08
  1043.0 0.3076044E-08
  1044.0 0.2212654E-08
  1045.0 0.1318405E-08
  1046.0 0.4067132E-09
  1047.0 -.5085921E-09
  1048.0 -.1413516E-08
  1049.0 -.2294107E-08
  1050.0 -.3136675E-08
  1051.0 -.3928018E-08
  1052.0 -.4655657E-08
  1053.0 -.5307989E-08
  1054.0 -.5874554E-08
  1055.0 -.6346178E-08
  1056.0 -.6715078E-08
  1057.0 -.6975104E-08
  1058.0 -.7121769E-08
  1059.0 -.7152361E-08
  1060.0 -.7065993E-08
  1061.0 -.6863614E-08
  1062.0 -.6548023E-08
  1063.0 -.6123830E-08
  1064.0 -.5597376E-08
  1065.0 -.4976629E-08
  1066.0 -.4271079E-08
  1067.0 -.3491582E-08
  1068.0 -.2650169E-08
  1069.0 -.1759853E-08
  1070.0 -.8344416E-09
  1071.0 0.1117229E-09
  1072.0 0.1063985E-08
  1073.0 0.2007616E-08
  1074.0 0.2928071E-08
  1075.0 0.3811208E-08
  1076.0 0.4643565E-08
  1077.0 0.5412527E-08
  1078.0 0.6106580E-08
  1079.0 0.6715483E-08
  1080.0 0.7230432E-08
  1081.0 0.7644215E-08
  1082.0 0.7951319E-08
  1083.0 0.8148016E-08
  1084.0 0.8232408E-08
  1085.0 0.8204463E-08
  1086.0 0.8066044E-08
  1087.0 0.7820732E-08
  1088.0 0.7473902E-08
  1089.0 0.7032544E-08
  1090.0 0.6505145E-08
  1091.0 0.5901489E-08
  1092.0 0.5232553E-08
  1093.0 0.4510251E-08
  1094.0 0.3747199E-08
  1095.0 0.2956553E-08
  1096.0 0.2151693E-08
  1097.0 0.1346053E-08
  1098.0 0.5528227E-09
  1099.0 -.2152481E-09
  1100.0 -.9460872E-09
  1101.0 -.1628516E-08
  1102.0 -.2252430E-08
  1103.0 -.2808977E-08
  1104.0 -.3290698E-08
  1105.0 -.3691645E-08
  1106.0 -.4007481E-08
  1107.0 -.4235547E-08
  1108.0 -.4374832E-08
  1109.0 -.4426057E-08
  1110.0 -.4391575E-08
  1111.0 -.4275296E-08
  1112.0 -.4082647E-08
  1113.0 -.3820404E-08
  1114.0 -.3496528E-08
  1115.0 -.3120041E-08
  1116.0 -.2700805E-08
  1117.0 -.2249313E-08
  1118.0 -.1776485E-08
  1119.0 -.1293453E-08
  1120.0 -.8113049E-09
  1121.0 -.3409027E-09
  1122.0 0.1073499E-09
  1123.0 0.5237312E-09
  1124.0 0.8993410E-09
  1125.0 0.1226326E-08
  1126.0 0.1497987E-08
  1127.0 0.1708928E-08
  1128.0 0.1855122E-08
  1129.0 0.1934015E-08
  1130.0 0.1944543E-08
  1131.0 0.1887127E-08
  1132.0 0.1763672E-08
  1133.0 0.1577500E-08
  1134.0 0.1333263E-08
  1135.0 0.1036853E-08
  1136.0 0.6952290E-09
  1137.0 0.3163135E-09
  1138.0 -.9124274E-10
  1139.0 -.5181853E-09
  1140.0 -.9549198E-09
  1141.0 -.1391664E-08
  1142.0 -.1818695E-08
  1143.0 -.2226532E-08
  1144.0 -.2606154E-08
  1145.0 -.2949160E-08
  1146.0 -.3247992E-08
  1147.0 -.3496041E-08
  1148.0 -.3687816E-08
  1149.0 -.3819050E-08
  1150.0 -.3886755E-08
  1151.0 -.3889332E-08
  1152.0 -.3826566E-08
  1153.0 -.3699615E-08
  1154.0 -.3511006E-08
  1155.0 -.3264562E-08
  1156.0 -.2965308E-08
  1157.0 -.2619380E-08
  1158.0 -.2233862E-08
  1159.0 -.1816653E-08
  1160.0 -.1376291E-08
  1161.0 -.9217461E-09
  1162.0 -.4622686E-09
  1163.0 -.7151042E-11
  1164.0 0.4344575E-09
  1165.0 0.8537245E-09
  1166.0 0.1242361E-08
  1167.0 0.1592766E-08
  1168.0 0.1898192E-08
  1169.0 0.2152896E-08
  1170.0 0.2352244E-08
  1171.0 0.2492813E-08
  1172.0 0.2572436E-08
  1173.0 0.2590298E-08
  1174.0 0.2546854E-08
  1175.0 0.2443902E-08
  1176.0 0.2284478E-08
  1177.0 0.2072789E-08
  1178.0 0.1814140E-08
  1179.0 0.1514776E-08
  1180.0 0.1181759E-08
  1181.0 0.8227897E-09
  1182.0 0.4460518E-09
  1183.0 0.6001625E-10
  1184.0 -.3267569E-09
  1185.0 -.7057992E-09
  1186.0 -.1068919E-08
  1187.0 -.1408405E-08
  1188.0 -.1717172E-08
  1189.0 -.1988926E-08
  1190.0 -.2218309E-08
  1191.0 -.2401005E-08
  1192.0 -.2533826E-08
  1193.0 -.2614792E-08
  1194.0 -.2643151E-08
  1195.0 -.2619400E-08
  1196.0 -.2545240E-08
  1197.0 -.2423582E-08
  1198.0 -.2258403E-08
  1199.0 -.2054675E-08
  1200.0 -.1818247E-08
  1201.0 -.1555689E-08
  1202.0 -.1274125E-08
  1203.0 -.9810700E-09
  1204.0 -.6842256E-09
  1205.0 -.3913182E-09
  1206.0 -.1098744E-09
  1207.0 0.1529447E-09
  1208.0 0.3905205E-09
  1209.0 0.5969609E-09
  1210.0 0.7672248E-09
  1211.0 0.8972741E-09
  1212.0 0.9841618E-09
  1213.0 0.1026123E-08
  1214.0 0.1022622E-08
  1215.0 0.9743760E-09
  1216.0 0.8833446E-09
  1217.0 0.7526867E-09
  1218.0 0.5867102E-09
  1219.0 0.3907454E-09
  1220.0 0.1710487E-09
  1221.0 -.6535610E-10
  1222.0 -.3108537E-09
  1223.0 -.5574051E-09
  1224.0 -.7967635E-09
  1225.0 -.1020666E-08
  1226.0 -.1221058E-08
  1227.0 -.1390279E-08
  1228.0 -.1521289E-08
  1229.0 -.1607851E-08
  1230.0 -.1644704E-08
  1231.0 -.1627716E-08
  1232.0 -.1554021E-08
  1233.0 -.1422123E-08
  1234.0 -.1231962E-08
  1235.0 -.9849646E-09
  1236.0 -.6840390E-09
  1237.0 -.3335540E-09
  1238.0 0.6072597E-10
  1239.0 0.4917405E-09
  1240.0 0.9512672E-09
  1241.0 0.1430073E-08
  1242.0 0.1918120E-08
  1243.0 0.2404759E-08
  1244.0 0.2878964E-08
  1245.0 0.3329593E-08
  1246.0 0.3745630E-08
  1247.0 0.4116439E-08
  1248.0 0.4432042E-08
  1249.0 0.4683334E-08
  1250.0 0.4862342E-08
  1251.0 0.4962438E-08
  1252.0 0.4978522E-08
  1253.0 0.4907194E-08
  1254.0 0.4746871E-08
  1255.0 0.4497878E-08
  1256.0 0.4162519E-08
  1257.0 0.3745054E-08
  1258.0 0.3251701E-08
  1259.0 0.2690527E-08
  1260.0 0.2071346E-08
  1261.0 0.1405551E-08
  1262.0 0.7059269E-09
  1263.0 -.1360507E-10
  1264.0 -.7382402E-09
  1265.0 -.1452580E-08
  1266.0 -.2140947E-08
  1267.0 -.2787718E-08
  1268.0 -.3377661E-08
  1269.0 -.3896245E-08
  1270.0 -.4330000E-08
  1271.0 -.4666803E-08
  1272.0 -.4896195E-08
  1273.0 -.5009649E-08
  1274.0 -.5000781E-08
  1275.0 -.4865567E-08
  1276.0 -.4602473E-08
  1277.0 -.4212602E-08
  1278.0 -.3699687E-08
  1279.0 -.3070138E-08
  1280.0 -.2332952E-08
  1281.0 -.1499611E-08
  1282.0 -.5839435E-09
  1283.0 0.3981416E-09
  1284.0 0.1428889E-08
  1285.0 0.2489004E-08
  1286.0 0.3558029E-08
  1287.0 0.4614695E-08
  1288.0 0.5637358E-08
  1289.0 0.6604406E-08
  1290.0 0.7494673E-08
  1291.0 0.8287962E-08
  1292.0 0.8965340E-08
  1293.0 0.9509715E-08
  1294.0 0.9906070E-08
  1295.0 0.1014191E-07
  1296.0 0.1020756E-07
  1297.0 0.1009641E-07
  1298.0 0.9805139E-08
  1299.0 0.9333909E-08
  1300.0 0.8686337E-08
  1301.0 0.7869692E-08
  1302.0 0.6894617E-08
  1303.0 0.5775228E-08
  1304.0 0.4528774E-08
  1305.0 0.3175445E-08
  1306.0 0.1738043E-08
  1307.0 0.2415921E-09
  1308.0 -.1287115E-08
  1309.0 -.2819946E-08
  1310.0 -.4328014E-08
  1311.0 -.5782138E-08
  1312.0 -.7153508E-08
  1313.0 -.8414163E-08
  1314.0 -.9537627E-08
  1315.0 -.1049942E-07
  1316.0 -.1127761E-07
  1317.0 -.1185331E-07
  1318.0 -.1221114E-07
  1319.0 -.1233954E-07
  1320.0 -.1223117E-07
  1321.0 -.1188320E-07
  1322.0 -.1129739E-07
  1323.0 -.1048023E-07
  1324.0 -.9442959E-08
  1325.0 -.8201440E-08
  1326.0 -.6776034E-08
  1327.0 -.5191283E-08
  1328.0 -.3475607E-08
  1329.0 -.1660828E-08
  1330.0 0.2183019E-09
  1331.0 0.2124694E-08
  1332.0 0.4019550E-08
  1333.0 0.5863068E-08
  1334.0 0.7615117E-08
  1335.0 0.9236002E-08
  1336.0 0.1068726E-07
  1337.0 0.1193228E-07
  1338.0 0.1293723E-07
  1339.0 0.1367160E-07
  1340.0 0.1410888E-07
  1341.0 0.1422734E-07
  1342.0 0.1401023E-07
  1343.0 0.1344659E-07
  1344.0 0.1253137E-07
  1345.0 0.1126581E-07
  1346.0 0.9657526E-08
  1347.0 0.7720650E-08
  1348.0 0.5475672E-08
  1349.0 0.2949295E-08
  1350.0 0.1741786E-09
  1351.0 -.2811542E-08
  1352.0 -.5964710E-08
  1353.0 -.9237779E-08
  1354.0 -.1257953E-07
  1355.0 -.1593581E-07
  1356.0 -.1925049E-07
  1357.0 -.2246620E-07
  1358.0 -.2552543E-07
  1359.0 -.2837139E-07
  1360.0 -.3094911E-07
  1361.0 -.3320629E-07
  1362.0 -.3509424E-07
  1363.0 -.3656887E-07
  1364.0 -.3759151E-07
  1365.0 -.3812955E-07
  1366.0 -.3815720E-07
  1367.0 -.3765619E-07
  1368.0 -.3661603E-07
  1369.0 -.3503435E-07
  1370.0 -.3291721E-07
  1371.0 -.3027934E-07
  1372.0 -.2714345E-07
  1373.0 -.2354090E-07
  1374.0 -.1951057E-07
  1375.0 -.1509882E-07
  1376.0 -.1035872E-07
  1377.0 -.5349375E-08
  1378.0 -.1350800E-09
  1379.0 0.5215610E-08
  1380.0 0.1063093E-07
  1381.0 0.1603696E-07
  1382.0 0.2135870E-07
  1383.0 0.2652132E-07
  1384.0 0.3145125E-07
  1385.0 0.3607740E-07
  1386.0 0.4033214E-07
  1387.0 0.4415271E-07
  1388.0 0.4748184E-07
  1389.0 0.5026883E-07
  1390.0 0.5247069E-07
  1391.0 0.5405228E-07
  1392.0 0.5498735E-07
  1393.0 0.5525897E-07
  1394.0 0.5485959E-07
  1395.0 0.5379140E-07
  1396.0 0.5206635E-07
  1397.0 0.4970594E-07
  1398.0 0.4674092E-07
  1399.0 0.4321088E-07
  1400.0 0.3916373E-07
  1401.0 0.3465484E-07
  1402.0 0.2974609E-07
  1403.0 0.2450547E-07
  1404.0 0.1900542E-07
  1405.0 0.1332206E-07
  1406.0 0.7533881E-08
  1407.0 0.1720686E-08
  1408.0 -.4037785E-08
  1409.0 -.9663014E-08
  1410.0 -.1507887E-07
  1411.0 -.2021283E-07
  1412.0 -.2499698E-07
  1413.0 -.2936915E-07
  1414.0 -.3327369E-07
  1415.0 -.3666251E-07
  1416.0 -.3949537E-07
  1417.0 -.4174099E-07
  1418.0 -.4337688E-07
  1419.0 -.4439003E-07
  1420.0 -.4477680E-07
  1421.0 -.4454303E-07
  1422.0 -.4370365E-07
  1423.0 -.4228261E-07
  1424.0 -.4031206E-07
  1425.0 -.3783215E-07
  1426.0 -.3489001E-07
  1427.0 -.3153895E-07
  1428.0 -.2783757E-07
  1429.0 -.2384893E-07
  1430.0 -.1963919E-07
  1431.0 -.1527676E-07
  1432.0 -.1083095E-07
  1433.0 -.6371156E-08
  1434.0 -.1965413E-08
  1435.0 0.2320405E-08
  1436.0 0.6423753E-08
  1437.0 0.1028633E-07
  1438.0 0.1385485E-07
  1439.0 0.1708204E-07
  1440.0 0.1992701E-07
  1441.0 0.2235605E-07
  1442.0 0.2434287E-07
  1443.0 0.2586896E-07
  1444.0 0.2692372E-07
  1445.0 0.2750454E-07
  1446.0 0.2761654E-07
  1447.0 0.2727245E-07
  1448.0 0.2649213E-07
  1449.0 0.2530230E-07
  1450.0 0.2373560E-07
  1451.0 0.2183022E-07
  1452.0 0.1962896E-07
  1453.0 0.1717844E-07
  1454.0 0.1452837E-07
  1455.0 0.1173035E-07
  1456.0 0.8837170E-08
  1457.0 0.5901748E-08
  1458.0 0.2976323E-08
  1459.0 0.1114879E-09
  1460.0 -.2644633E-08
  1461.0 -.5247164E-08
  1462.0 -.7655164E-08
  1463.0 -.9832273E-08
  1464.0 -.1174724E-07
  1465.0 -.1337436E-07
  1466.0 -.1469378E-07
  1467.0 -.1569173E-07
  1468.0 -.1636058E-07
  1469.0 -.1669892E-07
  1470.0 -.1671134E-07
  1471.0 -.1640832E-07
  1472.0 -.1580566E-07
  1473.0 -.1492440E-07
  1474.0 -.1379001E-07
  1475.0 -.1243206E-07
  1476.0 -.1088336E-07
  1477.0 -.9179409E-08
  1478.0 -.7357674E-08
  1479.0 -.5456737E-08
  1480.0 -.3515698E-08
  1481.0 -.1573282E-08
  1482.0 0.3327904E-09
  1483.0 0.2166541E-08
  1484.0 0.3894367E-08
  1485.0 0.5485636E-08
  1486.0 0.6913230E-08
  1487.0 0.8153942E-08
  1488.0 0.9188921E-08
  1489.0 0.1000390E-07
  1490.0 0.1058938E-07
  1491.0 0.1094078E-07
  1492.0 0.1105835E-07
  1493.0 0.1094718E-07
  1494.0 0.1061690E-07
  1495.0 0.1008151E-07
  1496.0 0.9358987E-08
  1497.0 0.8470783E-08
  1498.0 0.7441541E-08
  1499.0 0.6298328E-08
  1500.0 0.5070188E-08
  1501.0 0.3787466E-08
  1502.0 0.2481201E-08
  1503.0 0.1182486E-08
  1504.0 -.7820810E-10
  1505.0 -.1271619E-08
  1506.0 -.2370303E-08
  1507.0 -.3349165E-08
  1508.0 -.4185992E-08
  1509.0 -.4861896E-08
  1510.0 -.5361656E-08
  1511.0 -.5674038E-08
  1512.0 -.5792044E-08
  1513.0 -.5712991E-08
  1514.0 -.5438614E-08
  1515.0 -.4975006E-08
  1516.0 -.4332482E-08
  1517.0 -.3525423E-08
  1518.0 -.2571899E-08
  1519.0 -.1493416E-08
  1520.0 -.3143771E-09
  1521.0 0.9383093E-09
  1522.0 0.2235839E-08
  1523.0 0.3548069E-08
  1524.0 0.4844109E-08
  1525.0 0.6092980E-08
  1526.0 0.7264233E-08
  1527.0 0.8328583E-08
  1528.0 0.9258510E-08
  1529.0 0.1002885E-07
  1530.0 0.1061731E-07
  1531.0 0.1100499E-07
  1532.0 0.1117679E-07
  1533.0 0.1112183E-07
  1534.0 0.1083358E-07
  1535.0 0.1031024E-07
  1536.0 0.9554751E-08
  1537.0 0.8574827E-08
  1538.0 0.7382899E-08
  1539.0 0.5995997E-08
  1540.0 0.4435416E-08
  1541.0 0.2726486E-08
  1542.0 0.8980613E-09
  1543.0 -.1017889E-08
  1544.0 -.2986857E-08
  1545.0 -.4972406E-08
  1546.0 -.6936824E-08
  1547.0 -.8841773E-08
  1548.0 -.1064904E-07
  1549.0 -.1232121E-07
  1550.0 -.1382239E-07
  1551.0 -.1511893E-07
  1552.0 -.1618006E-07
  1553.0 -.1697846E-07
  1554.0 -.1749090E-07
  1555.0 -.1769883E-07
  1556.0 -.1758851E-07
  1557.0 -.1715163E-07
  1558.0 -.1638555E-07
  1559.0 -.1529319E-07
  1560.0 -.1388350E-07
  1561.0 -.1217101E-07
  1562.0 -.1017599E-07
  1563.0 -.7923997E-08
  1564.0 -.5445614E-08
  1565.0 -.2776027E-08
  1566.0 0.4554462E-10
  1567.0 0.2976471E-08
  1568.0 0.5971331E-08
  1569.0 0.8982679E-08
  1570.0 0.1196181E-07
  1571.0 0.1485959E-07
  1572.0 0.1762723E-07
  1573.0 0.2021722E-07
  1574.0 0.2258401E-07
  1575.0 0.2468486E-07
  1576.0 0.2648062E-07
  1577.0 0.2793640E-07
  1578.0 0.2902221E-07
  1579.0 0.2971344E-07
  1580.0 0.2999146E-07
  1581.0 0.2984376E-07
  1582.0 0.2926449E-07
  1583.0 0.2825437E-07
  1584.0 0.2682079E-07
  1585.0 0.2497773E-07
  1586.0 0.2274562E-07
  1587.0 0.2015094E-07
  1588.0 0.1722571E-07
  1589.0 0.1400722E-07
  1590.0 0.1053722E-07
  1591.0 0.6861244E-08
  1592.0 0.3027892E-08
  1593.0 -.9120173E-09
  1594.0 -.4906277E-08
  1595.0 -.8902236E-08
  1596.0 -.1284765E-07
  1597.0 -.1669153E-07
  1598.0 -.2038511E-07
  1599.0 -.2388259E-07
  1600.0 -.2714191E-07
  1601.0 -.3012537E-07
  1602.0 -.3280048E-07
  1603.0 -.3514018E-07
  1604.0 -.3712331E-07
  1605.0 -.3873512E-07
  1606.0 -.3996718E-07
  1607.0 -.4081740E-07
  1608.0 -.4129025E-07
  1609.0 -.4139627E-07
  1610.0 -.4115176E-07
  1611.0 -.4057852E-07
  1612.0 -.3970315E-07
  1613.0 -.3855622E-07
  1614.0 -.3717204E-07
  1615.0 -.3558746E-07
  1616.0 -.3384108E-07
  1617.0 -.3197237E-07
  1618.0 -.3002082E-07
  1619.0 -.2802510E-07
  1620.0 -.2602196E-07
  1621.0 -.2404559E-07
  1622.0 -.2212671E-07
  1623.0 -.2029197E-07
  1624.0 -.1856322E-07
  1625.0 -.1695708E-07
  1626.0 -.1548454E-07
  1627.0 -.1415065E-07
  1628.0 -.1295450E-07
  1629.0 -.1188910E-07
  1630.0 -.1094169E-07
  1631.0 -.1009392E-07
  1632.0 -.9322397E-08
  1633.0 -.8599248E-08
  1634.0 -.7892744E-08
  1635.0 -.7168241E-08
  1636.0 -.6388984E-08
  1637.0 -.5517184E-08
  1638.0 -.4514926E-08
  1639.0 -.3345458E-08
  1640.0 -.1974079E-08
  1641.0 -.3693265E-09
  1642.0 0.1495940E-08
  1643.0 0.3643703E-08
  1644.0 0.6089664E-08
  1645.0 0.8842590E-08
  1646.0 0.1190366E-07
  1647.0 0.1526580E-07
  1648.0 0.1891342E-07
  1649.0 0.2282217E-07
  1650.0 0.2695891E-07
  1651.0 0.3128202E-07
  1652.0 0.3574149E-07
  1653.0 0.4027988E-07
  1654.0 0.4483271E-07
  1655.0 0.4932965E-07
  1656.0 0.5369553E-07
  1657.0 0.5785153E-07
  1658.0 0.6171688E-07
  1659.0 0.6520965E-07
  1660.0 0.6824951E-07
  1661.0 0.7075803E-07
  1662.0 0.7266130E-07
  1663.0 0.7389134E-07
  1664.0 0.7438720E-07
  1665.0 0.7409751E-07
  1666.0 0.7298079E-07
  1667.0 0.7100763E-07
  1668.0 0.6816102E-07
  1669.0 0.6443809E-07
  1670.0 0.5984997E-07
  1671.0 0.5442289E-07
  1672.0 0.4819804E-07
  1673.0 0.4123148E-07
  1674.0 0.3359389E-07
  1675.0 0.2536981E-07
  1676.0 0.1665682E-07
  1677.0 0.7564143E-08
  1678.0 -.1788586E-08
  1679.0 -.1127322E-07
  1680.0 -.2075493E-07
  1681.0 -.3009439E-07
  1682.0 -.3914987E-07
  1683.0 -.4777995E-07
  1684.0 -.5584542E-07
  1685.0 -.6321252E-07
  1686.0 -.6975470E-07
  1687.0 -.7535539E-07
  1688.0 -.7991019E-07
  1689.0 -.8332946E-07
  1690.0 -.8553947E-07
  1691.0 -.8648470E-07
  1692.0 -.8612938E-07
  1693.0 -.8445839E-07
  1694.0 -.8147778E-07
  1695.0 -.7721589E-07
  1696.0 -.7172311E-07
  1697.0 -.6507140E-07
  1698.0 -.5735355E-07
  1699.0 -.4868274E-07
  1700.0 -.3918997E-07
  1701.0 -.2902326E-07
  1702.0 -.1834464E-07
  1703.0 -.7328160E-08
  1704.0 0.3843081E-08
  1705.0 0.1497995E-07
  1706.0 0.2589036E-07
  1707.0 0.3638272E-07
  1708.0 0.4626923E-07
  1709.0 0.5536917E-07
  1710.0 0.6351246E-07
  1711.0 0.7054262E-07
  1712.0 0.7632022E-07
  1713.0 0.8072496E-07
  1714.0 0.8365915E-07
  1715.0 0.8504909E-07
  1716.0 0.8484753E-07
  1717.0 0.8303444E-07
  1718.0 0.7961823E-07
  1719.0 0.7463635E-07
  1720.0 0.6815471E-07
  1721.0 0.6026747E-07
  1722.0 0.5109602E-07
  1723.0 0.4078705E-07
  1724.0 0.2951044E-07
  1725.0 0.1745704E-07
  1726.0 0.4835207E-08
  1727.0 -.8132113E-08
  1728.0 -.2121146E-07
  1729.0 -.3416256E-07
  1730.0 -.4674270E-07
  1731.0 -.5871077E-07
  1732.0 -.6983198E-07
  1733.0 -.7988186E-07
  1734.0 -.8865072E-07
  1735.0 -.9594759E-07
  1736.0 -.1016040E-06
  1737.0 -.1054777E-06
  1738.0 -.1074554E-06
  1739.0 -.1074560E-06
  1740.0 -.1054318E-06
  1741.0 -.1013710E-06
  1742.0 -.9529825E-07
  1743.0 -.8727483E-07
  1744.0 -.7739879E-07
  1745.0 -.6580356E-07
  1746.0 -.5265691E-07
  1747.0 -.3815808E-07
  1748.0 -.2253535E-07
  1749.0 -.6042719E-08
  1750.0 0.1104429E-07
  1751.0 0.2843271E-07
  1752.0 0.4581715E-07
  1753.0 0.6288467E-07
  1754.0 0.7932000E-07
  1755.0 0.9481124E-07
  1756.0 0.1090550E-06
  1757.0 0.1217622E-06
  1758.0 0.1326633E-06
  1759.0 0.1415128E-06
  1760.0 0.1480948E-06
  1761.0 0.1522269E-06
  1762.0 0.1537641E-06
  1763.0 0.1526016E-06
  1764.0 0.1486784E-06
  1765.0 0.1419787E-06
  1766.0 0.1325328E-06
  1767.0 0.1204181E-06
  1768.0 0.1057582E-06
  1769.0 0.8872266E-07
  1770.0 0.6952374E-07
  1771.0 0.4841502E-07
  1772.0 0.2568732E-07
  1773.0 0.1664838E-08
  1774.0 -.2329965E-07
  1775.0 -.4883020E-07
  1776.0 -.7453296E-07
  1777.0 -.1000028E-06
  1778.0 -.1248291E-06
  1779.0 -.1486035E-06
  1780.0 -.1709247E-06
  1781.0 -.1914063E-06
  1782.0 -.2096832E-06
  1783.0 -.2254180E-06
  1784.0 -.2383054E-06
  1785.0 -.2480795E-06
  1786.0 -.2545170E-06
  1787.0 -.2574425E-06
  1788.0 -.2567304E-06
  1789.0 -.2523114E-06
  1790.0 -.2441676E-06
  1791.0 -.2323410E-06
  1792.0 -.2169275E-06
  1793.0 -.1980799E-06
  1794.0 -.1760045E-06
  1795.0 -.1509588E-06
  1796.0 -.1232477E-06
  1797.0 -.9322033E-07
  1798.0 -.6126389E-07
  1799.0 -.2779883E-07
  1800.0 0.6727619E-08
  1801.0 0.4184798E-07
  1802.0 0.7708138E-07
  1803.0 0.1119413E-06
  1804.0 0.1459422E-06
  1805.0 0.1786075E-06
  1806.0 0.2094764E-06
  1807.0 0.2381111E-06
  1808.0 0.2641037E-06
  1809.0 0.2870818E-06
  1810.0 0.3067156E-06
  1811.0 0.3227215E-06
  1812.0 0.3348664E-06
  1813.0 0.3429729E-06
  1814.0 0.3469202E-06
  1815.0 0.3466476E-06
  1816.0 0.3421533E-06
  1817.0 0.3334968E-06
  1818.0 0.3207955E-06
  1819.0 0.3042241E-06
  1820.0 0.2840128E-06
  1821.0 0.2604416E-06
  1822.0 0.2338373E-06
  1823.0 0.2045678E-06
  1824.0 0.1730369E-06
  1825.0 0.1396777E-06
  1826.0 0.1049461E-06
  1827.0 0.6931356E-07
  1828.0 0.3326038E-07
  1829.0 -.2731790E-08
  1830.0 -.3818701E-07
  1831.0 -.7264235E-07
  1832.0 -.1056546E-06
  1833.0 -.1368065E-06
  1834.0 -.1657133E-06
  1835.0 -.1920272E-06
  1836.0 -.2154432E-06
  1837.0 -.2357020E-06
  1838.0 -.2525947E-06
  1839.0 -.2659635E-06
  1840.0 -.2757052E-06
  1841.0 -.2817705E-06
  1842.0 -.2841644E-06
  1843.0 -.2829457E-06
  1844.0 -.2782245E-06
  1845.0 -.2701600E-06
  1846.0 -.2589571E-06
  1847.0 -.2448612E-06
  1848.0 -.2281562E-06
  1849.0 -.2091579E-06
  1850.0 -.1882081E-06
  1851.0 -.1656692E-06
  1852.0 -.1419183E-06
  1853.0 -.1173407E-06
  1854.0 -.9232367E-07
  1855.0 -.6725077E-07
  1856.0 -.4249522E-07
  1857.0 -.1841491E-07
  1858.0 0.4653512E-08
  1859.0 0.2639907E-07
  1860.0 0.4654100E-07
  1861.0 0.6483241E-07
  1862.0 0.8106344E-07
  1863.0 0.9506348E-07
  1864.0 0.1067035E-06
  1865.0 0.1158962E-06
  1866.0 0.1225971E-06
  1867.0 0.1268031E-06
  1868.0 0.1285527E-06
  1869.0 0.1279237E-06
  1870.0 0.1250294E-06
  1871.0 0.1200186E-06
  1872.0 0.1130692E-06
  1873.0 0.1043859E-06
  1874.0 0.9419571E-07
  1875.0 0.8274382E-07
  1876.0 0.7028781E-07
  1877.0 0.5709393E-07
  1878.0 0.4343194E-07
  1879.0 0.2957031E-07
  1880.0 0.1577160E-07
  1881.0 0.2288290E-08
  1882.0 -.1064146E-07
  1883.0 -.2279753E-07
  1884.0 -.3398095E-07
  1885.0 -.4401720E-07
  1886.0 -.5275777E-07
  1887.0 -.6008286E-07
  1888.0 -.6590199E-07
  1889.0 -.7015522E-07
  1890.0 -.7281237E-07
  1891.0 -.7387411E-07
  1892.0 -.7336968E-07
  1893.0 -.7135619E-07
  1894.0 -.6791631E-07
  1895.0 -.6315684E-07
  1896.0 -.5720490E-07
  1897.0 -.5020601E-07
  1898.0 -.4232025E-07
  1899.0 -.3371918E-07
  1900.0 -.2458241E-07
  1901.0 -.1509403E-07
  1902.0 -.5439057E-08
  1903.0 0.4199926E-08
  1904.0 0.1364604E-07
  1905.0 0.2273119E-07
  1906.0 0.3129889E-07
  1907.0 0.3920674E-07
  1908.0 0.4632881E-07
  1909.0 0.5255719E-07
  1910.0 0.5780359E-07
  1911.0 0.6200060E-07
  1912.0 0.6510182E-07
  1913.0 0.6708269E-07
  1914.0 0.6793967E-07
  1915.0 0.6769015E-07
  1916.0 0.6637137E-07
  1917.0 0.6403899E-07
  1918.0 0.6076557E-07
  1919.0 0.5663909E-07
  1920.0 0.5176008E-07
  1921.0 0.4624020E-07
  1922.0 0.4019907E-07
  1923.0 0.3376258E-07
  1924.0 0.2705954E-07
  1925.0 0.2021978E-07
  1926.0 0.1337149E-07
  1927.0 0.6638847E-08
  1928.0 0.1398496E-09
  1929.0 -.6015713E-08
  1930.0 -.1172805E-07
  1931.0 -.1690893E-07
  1932.0 -.2148296E-07
  1933.0 -.2538865E-07
  1934.0 -.2857898E-07
  1935.0 -.3102212E-07
  1936.0 -.3270117E-07
  1937.0 -.3361427E-07
  1938.0 -.3377405E-07
  1939.0 -.3320688E-07
  1940.0 -.3195202E-07
  1941.0 -.3006041E-07
  1942.0 -.2759315E-07
  1943.0 -.2462033E-07
  1944.0 -.2121909E-07
  1945.0 -.1747206E-07
  1946.0 -.1346556E-07
  1947.0 -.9287854E-08
  1948.0 -.5027291E-08
  1949.0 -.7707279E-09
  1950.0 0.3398190E-08
  1951.0 0.7400459E-08
  1952.0 0.1116311E-07
  1953.0 0.1462046E-07
  1954.0 0.1771504E-07
  1955.0 0.2039848E-07
  1956.0 0.2263212E-07
  1957.0 0.2438745E-07
  1958.0 0.2564623E-07
  1959.0 0.2640058E-07
  1960.0 0.2665268E-07
  1961.0 0.2641449E-07
  1962.0 0.2570698E-07
  1963.0 0.2455968E-07
  1964.0 0.2300941E-07
  1965.0 0.2109963E-07
  1966.0 0.1887928E-07
  1967.0 0.1640140E-07
  1968.0 0.1372224E-07
  1969.0 0.1089984E-07
  1970.0 0.7992847E-08
  1971.0 0.5059383E-08
  1972.0 0.2155870E-08
  1973.0 -.6640144E-09
  1974.0 -.3350290E-08
  1975.0 -.5857556E-08
  1976.0 -.8145679E-08
  1977.0 -.1018043E-07
  1978.0 -.1193396E-07
  1979.0 -.1338498E-07
  1980.0 -.1451920E-07
  1981.0 -.1532900E-07
  1982.0 -.1581365E-07
  1983.0 -.1597877E-07
  1984.0 -.1583620E-07
  1985.0 -.1540339E-07
  1986.0 -.1470277E-07
  1987.0 -.1376123E-07
  1988.0 -.1260932E-07
  1989.0 -.1128044E-07
  1990.0 -.9810111E-08
  1991.0 -.8235137E-08
  1992.0 -.6592751E-08
  1993.0 -.4919885E-08
  1994.0 -.3252422E-08
  1995.0 -.1624433E-08
  1996.0 -.6761101E-10
  1997.0 0.1389303E-08
  1998.0 0.2721007E-08
  1999.0 0.3906008E-08
  2000.0 0.4926906E-08
  2001.0 0.5770578E-08
  2002.0 0.6428296E-08
  2003.0 0.6895637E-08
  2004.0 0.7172497E-08
  2005.0 0.7262820E-08
  2006.0 0.7174323E-08
  2007.0 0.6918225E-08
  2008.0 0.6508796E-08
  2009.0 0.5962880E-08
  2010.0 0.5299480E-08
  2011.0 0.4539193E-08
  2012.0 0.3703691E-08
  2013.0 0.2815204E-08
  2014.0 0.1895972E-08
  2015.0 0.9677799E-09
  2016.0 0.5145678E-10
  2017.0 -.8335136E-09
  2018.0 -.1669405E-08
  2019.0 -.2440537E-08
  2020.0 -.3133585E-08
  2021.0 -.3737719E-08
  2022.0 -.4244801E-08
  2023.0 -.4649378E-08
  2024.0 -.4948738E-08
  2025.0 -.5142843E-08
  2026.0 -.5234174E-08
  2027.0 -.5227600E-08
  2028.0 -.5130074E-08
  2029.0 -.4950470E-08
  2030.0 -.4699232E-08
  2031.0 -.4388022E-08
  2032.0 -.4029429E-08
  2033.0 -.3636589E-08
  2034.0 -.3222836E-08
  2035.0 -.2801385E-08
  2036.0 -.2384968E-08
  2037.0 -.1985565E-08
  2038.0 -.1614104E-08
  2039.0 -.1280252E-08
  2040.0 -.9921924E-09
  2041.0 -.7564782E-09
  2042.0 -.5779126E-09
  2043.0 -.4595130E-09
  2044.0 -.4024686E-09
  2045.0 -.4061601E-09
  2046.0 -.4682693E-09
  2047.0 -.5848563E-09
  2048.0 -.7505273E-09
  2049.0 -.9586062E-09
  2050.0 -.1201346E-08
  2051.0 -.1470160E-08
  2052.0 -.1755859E-08
  2053.0 -.2048907E-08
  2054.0 -.2339681E-08
  2055.0 -.2618713E-08
  2056.0 -.2876929E-08
  2057.0 -.3105886E-08
  2058.0 -.3297965E-08
  2059.0 -.3446570E-08
  2060.0 -.3546255E-08
  2061.0 -.3592859E-08
  2062.0 -.3583599E-08
  2063.0 -.3517110E-08
  2064.0 -.3393469E-08
  2065.0 -.3214151E-08
  2066.0 -.2982035E-08
  2067.0 -.2701266E-08
  2068.0 -.2377156E-08
  2069.0 -.2016063E-08
  2070.0 -.1625204E-08
  2071.0 -.1212493E-08
  2072.0 -.7863372E-09
  2073.0 -.3554545E-09
  2074.0 0.7135627E-10
  2075.0 0.4853933E-09
  2076.0 0.8782692E-09
  2077.0 0.1242089E-08
  2078.0 0.1569623E-08
  2079.0 0.1854459E-08
  2080.0 0.2091143E-08
  2081.0 0.2275282E-08
  2082.0 0.2403626E-08
  2083.0 0.2474136E-08
  2084.0 0.2485987E-08
  2085.0 0.2439597E-08
  2086.0 0.2336577E-08
  2087.0 0.2179692E-08
  2088.0 0.1972774E-08
  2089.0 0.1720612E-08
  2090.0 0.1428860E-08
  2091.0 0.1103875E-08
  2092.0 0.7525762E-09
  2093.0 0.3822937E-09
  2094.0 0.5991123E-12
  2095.0 -.3848618E-09
  2096.0 -.7665266E-09
  2097.0 -.1137072E-08
  2098.0 -.1489561E-08
  2099.0 -.1817590E-08
  2100.0 -.2115381E-08
  2101.0 -.2377925E-08
  2102.0 -.2601016E-08
  2103.0 -.2781357E-08
  2104.0 -.2916585E-08
  2105.0 -.3005276E-08
  2106.0 -.3046972E-08
  2107.0 -.3042141E-08
  2108.0 -.2992127E-08
  2109.0 -.2899120E-08
  2110.0 -.2766049E-08
  2111.0 -.2596503E-08
  2112.0 -.2394643E-08
  2113.0 -.2165066E-08
  2114.0 -.1912709E-08
  2115.0 -.1642733E-08
  2116.0 -.1360386E-08
  2117.0 -.1070902E-08
  2118.0 -.7793931E-09
  2119.0 -.4907277E-09
  2120.0 -.2094647E-09
  2121.0 0.6024904E-10
  2122.0 0.3147364E-09
  2123.0 0.5508441E-09
  2124.0 0.7659816E-09
  2125.0 0.9581482E-09
  2126.0 0.1125930E-08
  2127.0 0.1268510E-08
  2128.0 0.1385623E-08
  2129.0 0.1477552E-08
  2130.0 0.1545048E-08
  2131.0 0.1589301E-08
  2132.0 0.1611870E-08
  2133.0 0.1614615E-08
  2134.0 0.1599610E-08
  2135.0 0.1569087E-08
  2136.0 0.1525356E-08
  2137.0 0.1470735E-08
  2138.0 0.1407473E-08
  2139.0 0.1337706E-08
  2140.0 0.1263394E-08
  2141.0 0.1186271E-08
  2142.0 0.1107827E-08
  2143.0 0.1029266E-08
  2144.0 0.9515155E-09
  2145.0 0.8752015E-09
  2146.0 0.8006709E-09
  2147.0 0.7280061E-09
  2148.0 0.6570544E-09
  2149.0 0.5874703E-09
  2150.0 0.5187402E-09
  2151.0 0.4502536E-09
  2152.0 0.3813400E-09
  2153.0 0.3113236E-09
  2154.0 0.2395807E-09
  2155.0 0.1655937E-09
  2156.0 0.8899403E-10
  2157.0 0.9603536E-11
  2158.0 -.7251789E-10
  2159.0 -.1570541E-09
  2160.0 -.2434118E-09
  2161.0 -.3307027E-09
  2162.0 -.4177523E-09
  2163.0 -.5031041E-09
  2164.0 -.5850489E-09
  2165.0 -.6616471E-09
  2166.0 -.7307687E-09
  2167.0 -.7901569E-09
  2168.0 -.8374710E-09
  2169.0 -.8703485E-09
  2170.0 -.8864836E-09
  2171.0 -.8836871E-09
  2172.0 -.8599655E-09
  2173.0 -.8135806E-09
  2174.0 -.7431276E-09
  2175.0 -.6475873E-09
  2176.0 -.5263904E-09
  2177.0 -.3794577E-09
  2178.0 -.2072416E-09
  2179.0 -.1075174E-10
  2180.0 0.2084315E-09
  2181.0 0.4481554E-09
  2182.0 0.7057069E-09
  2183.0 0.9778370E-09
  2184.0 0.1260806E-08
  2185.0 0.1550423E-08
  2186.0 0.1842124E-08
  2187.0 0.2131037E-08
  2188.0 0.2412072E-08
  2189.0 0.2680013E-08
  2190.0 0.2929615E-08
  2191.0 0.3155712E-08
  2192.0 0.3353314E-08
  2193.0 0.3517728E-08
  2194.0 0.3644640E-08
  2195.0 0.3730232E-08
  2196.0 0.3771254E-08
  2197.0 0.3765131E-08
  2198.0 0.3710017E-08
  2199.0 0.3604848E-08
  2200.0 0.3449405E-08
  2201.0 0.3244331E-08
  2202.0 0.2991150E-08
  2203.0 0.2692253E-08
  2204.0 0.2350879E-08
  2205.0 0.1971103E-08
  2206.0 0.1557739E-08
  2207.0 0.1116294E-08
  2208.0 0.6528966E-09
  2209.0 0.1741621E-09
  2210.0 -.3128818E-09
  2211.0 -.8009287E-09
  2212.0 -.1282520E-08
  2213.0 -.1750165E-08
  2214.0 -.2196482E-08
  2215.0 -.2614327E-08
  2216.0 -.2996926E-08
  2217.0 -.3337987E-08
  2218.0 -.3631836E-08
  2219.0 -.3873501E-08
  2220.0 -.4058823E-08
  2221.0 -.4184517E-08
  2222.0 -.4248288E-08
  2223.0 -.4248780E-08
  2224.0 -.4185725E-08
  2225.0 -.4059846E-08
  2226.0 -.3872926E-08
  2227.0 -.3627751E-08
  2228.0 -.3328070E-08
  2229.0 -.2978527E-08
  2230.0 -.2584606E-08
  2231.0 -.2152497E-08
  2232.0 -.1689042E-08
  2233.0 -.1201577E-08
  2234.0 -.6978295E-09
  2235.0 -.1857761E-09
  2236.0 0.3264886E-09
  2237.0 0.8308912E-09
  2238.0 0.1319525E-08
  2239.0 0.1784763E-08
  2240.0 0.2219414E-08
  2241.0 0.2616825E-08
  2242.0 0.2970984E-08
  2243.0 0.3276644E-08
  2244.0 0.3529388E-08
  2245.0 0.3725684E-08
  2246.0 0.3862991E-08
  2247.0 0.3939731E-08
  2248.0 0.3955340E-08
  2249.0 0.3910278E-08
  2250.0 0.3805992E-08
  2251.0 0.3644874E-08
  2252.0 0.3430257E-08
  2253.0 0.3166295E-08
  2254.0 0.2857908E-08
  2255.0 0.2510693E-08
  2256.0 0.2130834E-08
  2257.0 0.1724952E-08
  2258.0 0.1300026E-08
  2259.0 0.8632677E-09
  2260.0 0.4219732E-09
  2261.0 -.1657250E-10
  2262.0 -.4452309E-09
  2263.0 -.8571217E-09
  2264.0 -.1245735E-08
  2265.0 -.1605032E-08
  2266.0 -.1929542E-08
  2267.0 -.2214437E-08
  2268.0 -.2455605E-08
  2269.0 -.2649717E-08
  2270.0 -.2794246E-08
  2271.0 -.2887516E-08
  2272.0 -.2928706E-08
  2273.0 -.2917854E-08
  2274.0 -.2855838E-08
  2275.0 -.2744356E-08
  2276.0 -.2585873E-08
  2277.0 -.2383573E-08
  2278.0 -.2141309E-08
  2279.0 -.1863511E-08
  2280.0 -.1555113E-08
  2281.0 -.1221472E-08
  2282.0 -.8682713E-09
  2283.0 -.5014257E-09
  2284.0 -.1269874E-09
  2285.0 0.2489513E-09
  2286.0 0.6203522E-09
  2287.0 0.9813244E-09
  2288.0 0.1326207E-08
  2289.0 0.1649657E-08
  2290.0 0.1946719E-08
  2291.0 0.2212897E-08
  2292.0 0.2444212E-08
  2293.0 0.2637244E-08
  2294.0 0.2789194E-08
  2295.0 0.2897882E-08
  2296.0 0.2961803E-08
  2297.0 0.2980114E-08
  2298.0 0.2952638E-08
  2299.0 0.2879866E-08
  2300.0 0.2762931E-08
  2301.0 0.2603578E-08
  2302.0 0.2404146E-08
  2303.0 0.2167509E-08
  2304.0 0.1897041E-08
  2305.0 0.1596561E-08
  2306.0 0.1270262E-08
  2307.0 0.9226744E-09
  2308.0 0.5585816E-09
  2309.0 0.1829621E-09
  2310.0 -.1990771E-09
  2311.0 -.5823725E-09
  2312.0 -.9617610E-09
  2313.0 -.1332164E-08
  2314.0 -.1688631E-08
  2315.0 -.2026408E-08
  2316.0 -.2340997E-08
  2317.0 -.2628214E-08
  2318.0 -.2884224E-08
  2319.0 -.3105604E-08
  2320.0 -.3289363E-08
  2321.0 -.3433000E-08
  2322.0 -.3534506E-08
  2323.0 -.3592402E-08
  2324.0 -.3605770E-08
  2325.0 -.3574223E-08
  2326.0 -.3497958E-08
  2327.0 -.3377718E-08
  2328.0 -.3214796E-08
  2329.0 -.3011042E-08
  2330.0 -.2768793E-08
  2331.0 -.2490906E-08
  2332.0 -.2180690E-08
  2333.0 -.1841881E-08
  2334.0 -.1478599E-08
  2335.0 -.1095301E-08
  2336.0 -.6967386E-09
  2337.0 -.2878876E-09
  2338.0 0.1260906E-09
  2339.0 0.5399248E-09
  2340.0 0.9482898E-09
  2341.0 0.1345876E-08
  2342.0 0.1727442E-08
  2343.0 0.2087900E-08
  2344.0 0.2422367E-08
  2345.0 0.2726236E-08
  2346.0 0.2995241E-08
  2347.0 0.3225491E-08
  2348.0 0.3413575E-08
  2349.0 0.3556566E-08
  2350.0 0.3652096E-08
  2351.0 0.3698379E-08
  2352.0 0.3694256E-08
  2353.0 0.3639224E-08
  2354.0 0.3533435E-08
  2355.0 0.3377728E-08
  2356.0 0.3173620E-08
  2357.0 0.2923294E-08
  2358.0 0.2629599E-08
  2359.0 0.2295989E-08
  2360.0 0.1926535E-08
  2361.0 0.1525833E-08
  2362.0 0.1098983E-08
  2363.0 0.6515135E-09
  2364.0 0.1893139E-09
  2365.0 -.2814390E-09
  2366.0 -.7543656E-09
  2367.0 -.1222963E-08
  2368.0 -.1680703E-08
  2369.0 -.2121120E-08
  2370.0 -.2537903E-08
  2371.0 -.2924990E-08
  2372.0 -.3276659E-08
  2373.0 -.3587609E-08
  2374.0 -.3853051E-08
  2375.0 -.4068788E-08
  2376.0 -.4231274E-08
  2377.0 -.4337678E-08
  2378.0 -.4385930E-08
  2379.0 -.4374777E-08
  2380.0 -.4303814E-08
  2381.0 -.4173455E-08
  2382.0 -.3985021E-08
  2383.0 -.3740638E-08
  2384.0 -.3443289E-08
  2385.0 -.3096738E-08
  2386.0 -.2705491E-08
  2387.0 -.2274753E-08
  2388.0 -.1810337E-08
  2389.0 -.1318595E-08
  2390.0 -.8063195E-09
  2391.0 -.2806551E-09
  2392.0 0.2510174E-09
  2393.0 0.7811772E-09
  2394.0 0.1302291E-08
  2395.0 0.1806913E-08
  2396.0 0.2287806E-08
  2397.0 0.2738051E-08
  2398.0 0.3151163E-08
  2399.0 0.3521168E-08
