     0.0 0.0000000E+00
     1.0 0.1943808E-17
     2.0 -.1763761E-16
     3.0 -.1346209E-15
     4.0 -.4752937E-15
     5.0 -.1213981E-14
     6.0 -.2567980E-14
     7.0 -.4790481E-14
     8.0 -.8162258E-14
     9.0 -.1298222E-13
    10.0 -.1955703E-13
    11.0 -.2819012E-13
    12.0 -.3917053E-13
    13.0 -.5276186E-13
    14.0 -.6919158E-13
    15.0 -.8864112E-13
    16.0 -.1112369E-12
    17.0 -.1370421E-12
    18.0 -.1660509E-12
    19.0 -.1981821E-12
    20.0 -.2332763E-12
    21.0 -.2710931E-12
    22.0 -.3113100E-12
    23.0 -.3535226E-12
    24.0 -.3972465E-12
    25.0 -.4419193E-12
    26.0 -.4869040E-12
    27.0 -.5314939E-12
    28.0 -.5749163E-12
    29.0 -.6163391E-12
    30.0 -.6548770E-12
    31.0 -.6895974E-12
    32.0 -.7195284E-12
    33.0 -.7436659E-12
    34.0 -.7609837E-12
    35.0 -.7704405E-12
    36.0 -.7709922E-12
    37.0 -.7616025E-12
    38.0 -.7412544E-12
    39.0 -.7089633E-12
    40.0 -.6637919E-12
    41.0 -.6048649E-12
    42.0 -.5313840E-12
    43.0 -.4426454E-12
    44.0 -.3380564E-12
    45.0 -.2171498E-12
    46.0 -.7960206E-13
    47.0 0.7475315E-13
    48.0 0.2459128E-12
    49.0 0.4336930E-12
    50.0 0.6377220E-12
    51.0 0.8574360E-12
    52.0 0.1092081E-11
    53.0 0.1340714E-11
    54.0 0.1602220E-11
    55.0 0.1875317E-11
    56.0 0.2158589E-11
    57.0 0.2450500E-11
    58.0 0.2749435E-11
    59.0 0.3053725E-11
    60.0 0.3361700E-11
    61.0 0.3671718E-11
    62.0 0.3982211E-11
    63.0 0.4291739E-11
    64.0 0.4599021E-11
    65.0 0.4902980E-11
    66.0 0.5202787E-11
    67.0 0.5497877E-11
    68.0 0.5787991E-11
    69.0 0.6073175E-11
    70.0 0.6353796E-11
    71.0 0.6630542E-11
    72.0 0.6904385E-11
    73.0 0.7176600E-11
    74.0 0.7448659E-11
    75.0 0.7722252E-11
    76.0 0.7999193E-11
    77.0 0.8281343E-11
    78.0 0.8570571E-11
    79.0 0.8868648E-11
    80.0 0.9177176E-11
    81.0 0.9497512E-11
    82.0 0.9830694E-11
    83.0 0.1017735E-10
    84.0 0.1053764E-10
    85.0 0.1091125E-10
    86.0 0.1129726E-10
    87.0 0.1169424E-10
    88.0 0.1210016E-10
    89.0 0.1251243E-10
    90.0 0.1292794E-10
    91.0 0.1334311E-10
    92.0 0.1375398E-10
    93.0 0.1415627E-10
    94.0 0.1454551E-10
    95.0 0.1491716E-10
    96.0 0.1526671E-10
    97.0 0.1558988E-10
    98.0 0.1588270E-10
    99.0 0.1614163E-10
   100.0 0.1636375E-10
   101.0 0.1654682E-10
   102.0 0.1668947E-10
   103.0 0.1679133E-10
   104.0 0.1685308E-10
   105.0 0.1687649E-10
   106.0 0.1686444E-10
   107.0 0.1682086E-10
   108.0 0.1675067E-10
   109.0 0.1665965E-10
   110.0 0.1655436E-10
   111.0 0.1644191E-10
   112.0 0.1632976E-10
   113.0 0.1622553E-10
   114.0 0.1613677E-10
   115.0 0.1607073E-10
   116.0 0.1603404E-10
   117.0 0.1603256E-10
   118.0 0.1607114E-10
   119.0 0.1615336E-10
   120.0 0.1628149E-10
   121.0 0.1645619E-10
   122.0 0.1667652E-10
   123.0 0.1693994E-10
   124.0 0.1724213E-10
   125.0 0.1757732E-10
   126.0 0.1793810E-10
   127.0 0.1831583E-10
   128.0 0.1870067E-10
   129.0 0.1908197E-10
   130.0 0.1944845E-10
   131.0 0.1978856E-10
   132.0 0.2009087E-10
   133.0 0.2034435E-10
   134.0 0.2053873E-10
   135.0 0.2066494E-10
   136.0 0.2071531E-10
   137.0 0.2068395E-10
   138.0 0.2056697E-10
   139.0 0.2036272E-10
   140.0 0.2007188E-10
   141.0 0.1969757E-10
   142.0 0.1924544E-10
   143.0 0.1872343E-10
   144.0 0.1814188E-10
   145.0 0.1751302E-10
   146.0 0.1685103E-10
   147.0 0.1617142E-10
   148.0 0.1549082E-10
   149.0 0.1482641E-10
   150.0 0.1419557E-10
   151.0 0.1361529E-10
   152.0 0.1310170E-10
   153.0 0.1266955E-10
   154.0 0.1233179E-10
   155.0 0.1209906E-10
   156.0 0.1197933E-10
   157.0 0.1197753E-10
   158.0 0.1209539E-10
   159.0 0.1233116E-10
   160.0 0.1267958E-10
   161.0 0.1313190E-10
   162.0 0.1367597E-10
   163.0 0.1429647E-10
   164.0 0.1497524E-10
   165.0 0.1569166E-10
   166.0 0.1642311E-10
   167.0 0.1714562E-10
   168.0 0.1783432E-10
   169.0 0.1846429E-10
   170.0 0.1901111E-10
   171.0 0.1945154E-10
   172.0 0.1976432E-10
   173.0 0.1993068E-10
   174.0 0.1993496E-10
   175.0 0.1976524E-10
   176.0 0.1941360E-10
   177.0 0.1887661E-10
   178.0 0.1815550E-10
   179.0 0.1725622E-10
   180.0 0.1618954E-10
   181.0 0.1497073E-10
   182.0 0.1361944E-10
   183.0 0.1215922E-10
   184.0 0.1061688E-10
   185.0 0.9022103E-11
   186.0 0.7406500E-11
   187.0 0.5802909E-11
   188.0 0.4244512E-11
   189.0 0.2763975E-11
   190.0 0.1392533E-11
   191.0 0.1590670E-12
   192.0 -.9106394E-12
   193.0 -.1794787E-11
   194.0 -.2476136E-11
   195.0 -.2942706E-11
   196.0 -.3188140E-11
   197.0 -.3212044E-11
   198.0 -.3020127E-11
   199.0 -.2624246E-11
   200.0 -.2042157E-11
   201.0 -.1297201E-11
   202.0 -.4178078E-12
   203.0 0.5632130E-12
   204.0 0.1609413E-11
   205.0 0.2681653E-11
   206.0 0.3739186E-11
   207.0 0.4740656E-11
   208.0 0.5645308E-11
   209.0 0.6414144E-11
   210.0 0.7011077E-11
   211.0 0.7403991E-11
   212.0 0.7565867E-11
   213.0 0.7475624E-11
   214.0 0.7118869E-11
   215.0 0.6488704E-11
   216.0 0.5585983E-11
   217.0 0.4419634E-11
   218.0 0.3006709E-11
   219.0 0.1372217E-11
   220.0 -.4513195E-12
   221.0 -.2424493E-11
   222.0 -.4501784E-11
   223.0 -.6632623E-11
   224.0 -.8762568E-11
   225.0 -.1083466E-10
   226.0 -.1279084E-10
   227.0 -.1457351E-10
   228.0 -.1612716E-10
   229.0 -.1739979E-10
   230.0 -.1834471E-10
   231.0 -.1892173E-10
   232.0 -.1909875E-10
   233.0 -.1885286E-10
   234.0 -.1817124E-10
   235.0 -.1705227E-10
   236.0 -.1550568E-10
   237.0 -.1355309E-10
   238.0 -.1122791E-10
   239.0 -.8575078E-11
   240.0 -.5650312E-11
   241.0 -.2519459E-11
   242.0 0.7427942E-12
   243.0 0.4054328E-11
   244.0 0.7327292E-11
   245.0 0.1046967E-10
   246.0 0.1338754E-10
   247.0 0.1598697E-10
   248.0 0.1817625E-10
   249.0 0.1986801E-10
   250.0 0.2098123E-10
   251.0 0.2144337E-10
   252.0 0.2119212E-10
   253.0 0.2017711E-10
   254.0 0.1836125E-10
   255.0 0.1572193E-10
   256.0 0.1225168E-10
   257.0 0.7958818E-11
   258.0 0.2867383E-11
   259.0 -.2983035E-11
   260.0 -.9538047E-11
   261.0 -.1672945E-10
   262.0 -.2447661E-10
   263.0 -.3268818E-10
   264.0 -.4126405E-10
   265.0 -.5009773E-10
   266.0 -.5907866E-10
   267.0 -.6809465E-10
   268.0 -.7703507E-10
   269.0 -.8579295E-10
   270.0 -.9426793E-10
   271.0 -.1023686E-09
   272.0 -.1100151E-09
   273.0 -.1171407E-09
   274.0 -.1236943E-09
   275.0 -.1296414E-09
   276.0 -.1349647E-09
   277.0 -.1396660E-09
   278.0 -.1437648E-09
   279.0 -.1472993E-09
   280.0 -.1503243E-09
   281.0 -.1529114E-09
   282.0 -.1551459E-09
   283.0 -.1571254E-09
   284.0 -.1589573E-09
   285.0 -.1607558E-09
   286.0 -.1626390E-09
   287.0 -.1647254E-09
   288.0 -.1671310E-09
   289.0 -.1699655E-09
   290.0 -.1733294E-09
   291.0 -.1773108E-09
   292.0 -.1819825E-09
   293.0 -.1873992E-09
   294.0 -.1935960E-09
   295.0 -.2005859E-09
   296.0 -.2083597E-09
   297.0 -.2168841E-09
   298.0 -.2261029E-09
   299.0 -.2359371E-09
   300.0 -.2462861E-09
   301.0 -.2570292E-09
   302.0 -.2680294E-09
   303.0 -.2791344E-09
   304.0 -.2901817E-09
   305.0 -.3010017E-09
   306.0 -.3114217E-09
   307.0 -.3212706E-09
   308.0 -.3303828E-09
   309.0 -.3386040E-09
   310.0 -.3457939E-09
   311.0 -.3518312E-09
   312.0 -.3566175E-09
   313.0 -.3600799E-09
   314.0 -.3621750E-09
   315.0 -.3628893E-09
   316.0 -.3622425E-09
   317.0 -.3602868E-09
   318.0 -.3571072E-09
   319.0 -.3528209E-09
   320.0 -.3475738E-09
   321.0 -.3415411E-09
   322.0 -.3349199E-09
   323.0 -.3279277E-09
   324.0 -.3207972E-09
   325.0 -.3137699E-09
   326.0 -.3070915E-09
   327.0 -.3010045E-09
   328.0 -.2957440E-09
   329.0 -.2915298E-09
   330.0 -.2885610E-09
   331.0 -.2870101E-09
   332.0 -.2870180E-09
   333.0 -.2886891E-09
   334.0 -.2920879E-09
   335.0 -.2972361E-09
   336.0 -.3041093E-09
   337.0 -.3126382E-09
   338.0 -.3227071E-09
   339.0 -.3341553E-09
   340.0 -.3467807E-09
   341.0 -.3603434E-09
   342.0 -.3745684E-09
   343.0 -.3891538E-09
   344.0 -.4037758E-09
   345.0 -.4180965E-09
   346.0 -.4317722E-09
   347.0 -.4444606E-09
   348.0 -.4558301E-09
   349.0 -.4655679E-09
   350.0 -.4733892E-09
   351.0 -.4790433E-09
   352.0 -.4823226E-09
   353.0 -.4830680E-09
   354.0 -.4811738E-09
   355.0 -.4765938E-09
   356.0 -.4693424E-09
   357.0 -.4594968E-09
   358.0 -.4471963E-09
   359.0 -.4326420E-09
   360.0 -.4160929E-09
   361.0 -.3978611E-09
   362.0 -.3783061E-09
   363.0 -.3578272E-09
   364.0 -.3368552E-09
   365.0 -.3158425E-09
   366.0 -.2952533E-09
   367.0 -.2755517E-09
   368.0 -.2571910E-09
   369.0 -.2406031E-09
   370.0 -.2261865E-09
   371.0 -.2142950E-09
   372.0 -.2052308E-09
   373.0 -.1992324E-09
   374.0 -.1964697E-09
   375.0 -.1970363E-09
   376.0 -.2009467E-09
   377.0 -.2081322E-09
   378.0 -.2184423E-09
   379.0 -.2316441E-09
   380.0 -.2474274E-09
   381.0 -.2654080E-09
   382.0 -.2851374E-09
   383.0 -.3061095E-09
   384.0 -.3277723E-09
   385.0 -.3495390E-09
   386.0 -.3708016E-09
   387.0 -.3909424E-09
   388.0 -.4093516E-09
   389.0 -.4254385E-09
   390.0 -.4386456E-09
   391.0 -.4484639E-09
   392.0 -.4544442E-09
   393.0 -.4562091E-09
   394.0 -.4534612E-09
   395.0 -.4459944E-09
   396.0 -.4336962E-09
   397.0 -.4165560E-09
   398.0 -.3946636E-09
   399.0 -.3682108E-09
   400.0 -.3374871E-09
   401.0 -.3028759E-09
   402.0 -.2648461E-09
   403.0 -.2239441E-09
   404.0 -.1807812E-09
   405.0 -.1360212E-09
   406.0 -.9036747E-10
   407.0 -.4454559E-10
   408.0 0.7096337E-12
   409.0 0.4467257E-10
   410.0 0.8664117E-10
   411.0 0.1259529E-09
   412.0 0.1619984E-09
   413.0 0.1942367E-09
   414.0 0.2222044E-09
   415.0 0.2455284E-09
   416.0 0.2639314E-09
   417.0 0.2772393E-09
   418.0 0.2853833E-09
   419.0 0.2884024E-09
   420.0 0.2864410E-09
   421.0 0.2797441E-09
   422.0 0.2686526E-09
   423.0 0.2535957E-09
   424.0 0.2350772E-09
   425.0 0.2136677E-09
   426.0 0.1899904E-09
   427.0 0.1647040E-09
   428.0 0.1384921E-09
   429.0 0.1120465E-09
   430.0 0.8605036E-10
   431.0 0.6116694E-10
   432.0 0.3802421E-10
   433.0 0.1720261E-10
   434.0 -.7763053E-12
   435.0 -.1545773E-10
   436.0 -.2646298E-10
   437.0 -.3349337E-10
   438.0 -.3633359E-10
   439.0 -.3485342E-10
   440.0 -.2900669E-10
   441.0 -.1882639E-10
   442.0 -.4421708E-11
   443.0 0.1402992E-10
   444.0 0.3629102E-10
   445.0 0.6207328E-10
   446.0 0.9104747E-10
   447.0 0.1228552E-09
   448.0 0.1571197E-09
   449.0 0.1934558E-09
   450.0 0.2314814E-09
   451.0 0.2708264E-09
   452.0 0.3111426E-09
   453.0 0.3521068E-09
   454.0 0.3934320E-09
   455.0 0.4348673E-09
   456.0 0.4761998E-09
   457.0 0.5172573E-09
   458.0 0.5579047E-09
   459.0 0.5980421E-09
   460.0 0.6375971E-09
   461.0 0.6765206E-09
   462.0 0.7147801E-09
   463.0 0.7523472E-09
   464.0 0.7891958E-09
   465.0 0.8252833E-09
   466.0 0.8605525E-09
   467.0 0.8949135E-09
   468.0 0.9282433E-09
   469.0 0.9603750E-09
   470.0 0.9910950E-09
   471.0 0.1020145E-08
   472.0 0.1047210E-08
   473.0 0.1071933E-08
   474.0 0.1093905E-08
   475.0 0.1112684E-08
   476.0 0.1127798E-08
   477.0 0.1138750E-08
   478.0 0.1145044E-08
   479.0 0.1146185E-08
   480.0 0.1141702E-08
   481.0 0.1131164E-08
   482.0 0.1114198E-08
   483.0 0.1090504E-08
   484.0 0.1059873E-08
   485.0 0.1022197E-08
   486.0 0.9774997E-09
   487.0 0.9259322E-09
   488.0 0.8677891E-09
   489.0 0.8035183E-09
   490.0 0.7337237E-09
   491.0 0.6591662E-09
   492.0 0.5807593E-09
   493.0 0.4995642E-09
   494.0 0.4167812E-09
   495.0 0.3337305E-09
   496.0 0.2518386E-09
   497.0 0.1726145E-09
   498.0 0.9762648E-10
   499.0 0.2847354E-10
   500.0 -.3324360E-10
   501.0 -.8595081E-10
   502.0 -.1281380E-09
   503.0 -.1583894E-09
   504.0 -.1754120E-09
   505.0 -.1780725E-09
   506.0 -.1654266E-09
   507.0 -.1367380E-09
   508.0 -.9150932E-10
   509.0 -.2950571E-10
   510.0 0.4924051E-10
   511.0 0.1444068E-09
   512.0 0.2553892E-09
   513.0 0.3812815E-09
   514.0 0.5209011E-09
   515.0 0.6727821E-09
   516.0 0.8352073E-09
   517.0 0.1006218E-08
   518.0 0.1183648E-08
   519.0 0.1365148E-08
   520.0 0.1548233E-08
   521.0 0.1730308E-08
   522.0 0.1908722E-08
   523.0 0.2080808E-08
   524.0 0.2243933E-08
   525.0 0.2395534E-08
   526.0 0.2533181E-08
   527.0 0.2654605E-08
   528.0 0.2757760E-08
   529.0 0.2840846E-08
   530.0 0.2902362E-08
   531.0 0.2941115E-08
   532.0 0.2956278E-08
   533.0 0.2947386E-08
   534.0 0.2914366E-08
   535.0 0.2857538E-08
   536.0 0.2777613E-08
   537.0 0.2675706E-08
   538.0 0.2553303E-08
   539.0 0.2412251E-08
   540.0 0.2254732E-08
   541.0 0.2083228E-08
   542.0 0.1900484E-08
   543.0 0.1709466E-08
   544.0 0.1513305E-08
   545.0 0.1315254E-08
   546.0 0.1118624E-08
   547.0 0.9267301E-09
   548.0 0.7428307E-09
   549.0 0.5700727E-09
   550.0 0.4114214E-09
   551.0 0.2696162E-09
   552.0 0.1471071E-09
   553.0 0.4600812E-10
   554.0 -.3194754E-10
   555.0 -.8545251E-10
   556.0 -.1136529E-09
   557.0 -.1161776E-09
   558.0 -.9316035E-10
   559.0 -.4524163E-10
   560.0 0.2642107E-10
   561.0 0.1201644E-09
   562.0 0.2338430E-09
   563.0 0.3648461E-09
   564.0 0.5101310E-09
   565.0 0.6662813E-09
   566.0 0.8295483E-09
   567.0 0.9959121E-09
   568.0 0.1161152E-08
   569.0 0.1320920E-08
   570.0 0.1470816E-08
   571.0 0.1606474E-08
   572.0 0.1723644E-08
   573.0 0.1818279E-08
   574.0 0.1886622E-08
   575.0 0.1925285E-08
   576.0 0.1931332E-08
   577.0 0.1902367E-08
   578.0 0.1836571E-08
   579.0 0.1732800E-08
   580.0 0.1590604E-08
   581.0 0.1410285E-08
   582.0 0.1192926E-08
   583.0 0.9403861E-09
   584.0 0.6553256E-09
   585.0 0.3411724E-09
   586.0 0.2091212E-11
   587.0 -.3570452E-09
   588.0 -.7307375E-09
   589.0 -.1112931E-08
   590.0 -.1497095E-08
   591.0 -.1876350E-08
   592.0 -.2243563E-08
   593.0 -.2591494E-08
   594.0 -.2912909E-08
   595.0 -.3200751E-08
   596.0 -.3448269E-08
   597.0 -.3649164E-08
   598.0 -.3797736E-08
   599.0 -.3889047E-08
   600.0 -.3919034E-08
   601.0 -.3884622E-08
   602.0 -.3783879E-08
   603.0 -.3616074E-08
   604.0 -.3381746E-08
   605.0 -.3082805E-08
   606.0 -.2722507E-08
   607.0 -.2305504E-08
   608.0 -.1837788E-08
   609.0 -.1326671E-08
   610.0 -.7806826E-09
   611.0 -.2094802E-09
   612.0 0.3762954E-09
   613.0 0.9651644E-09
   614.0 0.1545016E-08
   615.0 0.2103289E-08
   616.0 0.2627216E-08
   617.0 0.3104053E-08
   618.0 0.3521336E-08
   619.0 0.3867132E-08
   620.0 0.4130324E-08
   621.0 0.4300823E-08
   622.0 0.4369872E-08
   623.0 0.4330221E-08
   624.0 0.4176397E-08
   625.0 0.3904880E-08
   626.0 0.3514216E-08
   627.0 0.3005225E-08
   628.0 0.2381032E-08
   629.0 0.1647133E-08
   630.0 0.8113878E-09
   631.0 -.1160093E-09
   632.0 -.1122633E-08
   633.0 -.2193983E-08
   634.0 -.3313642E-08
   635.0 -.4463542E-08
   636.0 -.5624230E-08
   637.0 -.6775196E-08
   638.0 -.7895228E-08
   639.0 -.8962768E-08
   640.0 -.9956404E-08
   641.0 -.1085518E-07
   642.0 -.1163911E-07
   643.0 -.1228962E-07
   644.0 -.1278990E-07
   645.0 -.1312538E-07
   646.0 -.1328410E-07
   647.0 -.1325701E-07
   648.0 -.1303832E-07
   649.0 -.1262572E-07
   650.0 -.1202063E-07
   651.0 -.1122827E-07
   652.0 -.1025769E-07
   653.0 -.9121865E-08
   654.0 -.7837464E-08
   655.0 -.6424813E-08
   656.0 -.4907518E-08
   657.0 -.3312237E-08
   658.0 -.1668247E-08
   659.0 -.6959845E-11
   660.0 0.1638573E-08
   661.0 0.3234255E-08
   662.0 0.4745577E-08
   663.0 0.6138247E-08
   664.0 0.7378895E-08
   665.0 0.8435729E-08
   666.0 0.9279270E-08
   667.0 0.9882952E-08
   668.0 0.1022382E-07
   669.0 0.1028305E-07
   670.0 0.1004655E-07
   671.0 0.9505366E-08
   672.0 0.8656102E-08
   673.0 0.7501209E-08
   674.0 0.6049127E-08
   675.0 0.4314411E-08
   676.0 0.2317700E-08
   677.0 0.8552896E-10
   678.0 -.2349888E-08
   679.0 -.4951080E-08
   680.0 -.7675772E-08
   681.0 -.1047751E-07
   682.0 -.1330639E-07
   683.0 -.1610979E-07
   684.0 -.1883325E-07
   685.0 -.2142141E-07
   686.0 -.2381901E-07
   687.0 -.2597186E-07
   688.0 -.2782784E-07
   689.0 -.2933798E-07
   690.0 -.3045737E-07
   691.0 -.3114625E-07
   692.0 -.3137063E-07
   693.0 -.3110333E-07
   694.0 -.3032456E-07
   695.0 -.2902265E-07
   696.0 -.2719427E-07
   697.0 -.2484495E-07
   698.0 -.2198924E-07
   699.0 -.1865060E-07
   700.0 -.1486137E-07
   701.0 -.1066247E-07
   702.0 -.6102902E-08
   703.0 -.1239095E-08
   704.0 0.3865739E-08
   705.0 0.9142609E-08
   706.0 0.1451772E-07
   707.0 0.1991358E-07
   708.0 0.2525028E-07
   709.0 0.3044672E-07
   710.0 0.3542183E-07
   711.0 0.4009633E-07
   712.0 0.4439342E-07
   713.0 0.4824086E-07
   714.0 0.5157162E-07
   715.0 0.5432539E-07
   716.0 0.5644975E-07
   717.0 0.5790101E-07
   718.0 0.5864497E-07
   719.0 0.5865798E-07
   720.0 0.5792712E-07
   721.0 0.5645087E-07
   722.0 0.5423896E-07
   723.0 0.5131256E-07
   724.0 0.4770407E-07
   725.0 0.4345657E-07
   726.0 0.3862347E-07
   727.0 0.3326726E-07
   728.0 0.2745915E-07
   729.0 0.2127769E-07
   730.0 0.1480726E-07
   731.0 0.8137419E-08
   732.0 0.1360827E-08
   733.0 -.5427891E-08
   734.0 -.1213381E-07
   735.0 -.1866317E-07
   736.0 -.2492497E-07
   737.0 -.3083232E-07
   738.0 -.3630398E-07
   739.0 -.4126575E-07
   740.0 -.4565125E-07
   741.0 -.4940340E-07
   742.0 -.5247519E-07
   743.0 -.5483031E-07
   744.0 -.5644353E-07
   745.0 -.5730151E-07
   746.0 -.5740249E-07
   747.0 -.5675629E-07
   748.0 -.5538405E-07
   749.0 -.5331801E-07
   750.0 -.5060023E-07
   751.0 -.4728246E-07
   752.0 -.4342456E-07
   753.0 -.3909397E-07
   754.0 -.3436370E-07
   755.0 -.2931174E-07
   756.0 -.2401914E-07
   757.0 -.1856896E-07
   758.0 -.1304442E-07
   759.0 -.7527814E-08
   760.0 -.2098958E-08
   761.0 0.3166079E-08
   762.0 0.8196263E-08
   763.0 0.1292661E-07
   764.0 0.1729925E-07
   765.0 0.2126406E-07
   766.0 0.2477968E-07
   767.0 0.2781355E-07
   768.0 0.3034258E-07
   769.0 0.3235298E-07
   770.0 0.3384034E-07
   771.0 0.3480940E-07
   772.0 0.3527344E-07
   773.0 0.3525401E-07
   774.0 0.3477977E-07
   775.0 0.3388614E-07
   776.0 0.3261388E-07
   777.0 0.3100840E-07
   778.0 0.2911837E-07
   779.0 0.2699493E-07
   780.0 0.2469016E-07
   781.0 0.2225629E-07
   782.0 0.1974434E-07
   783.0 0.1720326E-07
   784.0 0.1467902E-07
   785.0 0.1221358E-07
   786.0 0.9844340E-08
   787.0 0.7603547E-08
   788.0 0.5517733E-08
   789.0 0.3607556E-08
   790.0 0.1887567E-08
   791.0 0.3662892E-09
   792.0 -.9536408E-09
   793.0 -.2075150E-08
   794.0 -.3006319E-08
   795.0 -.3759759E-08
   796.0 -.4352048E-08
   797.0 -.4802860E-08
   798.0 -.5134280E-08
   799.0 -.5369865E-08
   800.0 -.5533806E-08
   801.0 -.5650094E-08
   802.0 -.5741654E-08
   803.0 -.5829570E-08
   804.0 -.5932354E-08
   805.0 -.6065368E-08
   806.0 -.6240275E-08
   807.0 -.6464615E-08
   808.0 -.6741643E-08
   809.0 -.7070068E-08
   810.0 -.7444161E-08
   811.0 -.7853879E-08
   812.0 -.8285158E-08
   813.0 -.8720365E-08
   814.0 -.9138816E-08
   815.0 -.9517488E-08
   816.0 -.9831669E-08
   817.0 -.1005589E-07
   818.0 -.1016472E-07
   819.0 -.1013370E-07
   820.0 -.9940166E-08
   821.0 -.9564237E-08
   822.0 -.8989551E-08
   823.0 -.8204045E-08
   824.0 -.7200651E-08
   825.0 -.5977772E-08
   826.0 -.4539738E-08
   827.0 -.2897072E-08
   828.0 -.1066592E-08
   829.0 0.9286772E-09
   830.0 0.3059727E-08
   831.0 0.5291937E-08
   832.0 0.7585733E-08
   833.0 0.9897244E-08
   834.0 0.1217922E-07
   835.0 0.1438207E-07
   836.0 0.1645488E-07
   837.0 0.1834671E-07
   838.0 0.2000792E-07
   839.0 0.2139121E-07
   840.0 0.2245318E-07
   841.0 0.2315540E-07
   842.0 0.2346571E-07
   843.0 0.2335926E-07
   844.0 0.2281945E-07
   845.0 0.2183878E-07
   846.0 0.2041953E-07
   847.0 0.1857399E-07
   848.0 0.1632498E-07
   849.0 0.1370553E-07
   850.0 0.1075883E-07
   851.0 0.7537624E-08
   852.0 0.4103425E-08
   853.0 0.5256637E-09
   854.0 -.3119632E-08
   855.0 -.6751181E-08
   856.0 -.1028403E-07
   857.0 -.1363133E-07
   858.0 -.1670607E-07
   859.0 -.1942317E-07
   860.0 -.2170118E-07
   861.0 -.2346454E-07
   862.0 -.2464514E-07
   863.0 -.2518459E-07
   864.0 -.2503543E-07
   865.0 -.2416286E-07
   866.0 -.2254610E-07
   867.0 -.2017931E-07
   868.0 -.1707238E-07
   869.0 -.1325144E-07
   870.0 -.8758940E-08
   871.0 -.3653473E-08
   872.0 0.1990810E-08
   873.0 0.8085090E-08
   874.0 0.1452709E-07
   875.0 0.2120271E-07
   876.0 0.2798783E-07
   877.0 0.3475052E-07
   878.0 0.4135337E-07
   879.0 0.4765598E-07
   880.0 0.5351799E-07
   881.0 0.5880149E-07
   882.0 0.6337420E-07
   883.0 0.6711201E-07
   884.0 0.6990216E-07
   885.0 0.7164546E-07
   886.0 0.7225898E-07
   887.0 0.7167799E-07
   888.0 0.6985806E-07
   889.0 0.6677678E-07
   890.0 0.6243436E-07
   891.0 0.5685472E-07
   892.0 0.5008561E-07
   893.0 0.4219871E-07
   894.0 0.3328849E-07
   895.0 0.2347141E-07
   896.0 0.1288412E-07
   897.0 0.1681512E-08
   898.0 -.9965933E-08
   899.0 -.2187490E-07
   900.0 -.3385239E-07
   901.0 -.4569942E-07
   902.0 -.5721437E-07
   903.0 -.6819738E-07
   904.0 -.7845333E-07
   905.0 -.8779696E-07
   906.0 -.9605558E-07
   907.0 -.1030734E-06
   908.0 -.1087148E-06
   909.0 -.1128674E-06
   910.0 -.1154448E-06
   911.0 -.1163891E-06
   912.0 -.1156720E-06
   913.0 -.1132968E-06
   914.0 -.1092991E-06
   915.0 -.1037459E-06
   916.0 -.9673611E-07
   917.0 -.8839869E-07
   918.0 -.7889079E-07
   919.0 -.6839568E-07
   920.0 -.5711936E-07
   921.0 -.4528702E-07
   922.0 -.3313939E-07
   923.0 -.2092774E-07
   924.0 -.8909612E-08
   925.0 0.2656416E-08
   926.0 0.1351585E-07
   927.0 0.2342336E-07
   928.0 0.3214794E-07
   929.0 0.3947818E-07
   930.0 0.4522658E-07
   931.0 0.4923418E-07
   932.0 0.5137450E-07
   933.0 0.5155689E-07
   934.0 0.4972925E-07
   935.0 0.4588057E-07
   936.0 0.4004188E-07
   937.0 0.3228684E-07
   938.0 0.2273208E-07
   939.0 0.1153566E-07
   940.0 -.1104644E-08
   941.0 -.1495386E-07
   942.0 -.2974333E-07
   943.0 -.4517495E-07
   944.0 -.6092596E-07
   945.0 -.7665415E-07
   946.0 -.9200434E-07
   947.0 -.1066142E-06
   948.0 -.1201212E-06
   949.0 -.1321694E-06
   950.0 -.1424159E-06
   951.0 -.1505389E-06
   952.0 -.1562430E-06
   953.0 -.1592660E-06
   954.0 -.1593848E-06
   955.0 -.1564216E-06
   956.0 -.1502462E-06
   957.0 -.1407828E-06
   958.0 -.1280110E-06
   959.0 -.1119681E-06
   960.0 -.9275133E-07
   961.0 -.7051711E-07
   962.0 -.4548002E-07
   963.0 -.1791094E-07
   964.0 0.1186582E-07
   965.0 0.4347661E-07
   966.0 0.7650380E-07
   967.0 0.1104912E-06
   968.0 0.1449511E-06
   969.0 0.1793714E-06
   970.0 0.2132232E-06
   971.0 0.2459707E-06
   972.0 0.2770774E-06
   973.0 0.3060180E-06
   974.0 0.3322837E-06
   975.0 0.3553946E-06
   976.0 0.3749052E-06
   977.0 0.3904148E-06
   978.0 0.4015720E-06
   979.0 0.4080842E-06
   980.0 0.4097222E-06
   981.0 0.4063252E-06
   982.0 0.3978039E-06
   983.0 0.3841451E-06
   984.0 0.3654097E-06
   985.0 0.3417379E-06
   986.0 0.3133444E-06
   987.0 0.2805175E-06
   988.0 0.2436146E-06
   989.0 0.2030604E-06
   990.0 0.1593380E-06
   991.0 0.1129834E-06
   992.0 0.6457856E-07
   993.0 0.1474183E-07
   994.0 -.3588016E-07
   995.0 -.8662316E-07
   996.0 -.1368146E-06
   997.0 -.1857842E-06
   998.0 -.2328739E-06
   999.0 -.2774478E-06
  1000.0 -.3189024E-06
  1001.0 -.3566759E-06
  1002.0 -.3902562E-06
  1003.0 -.4191903E-06
  1004.0 -.4430892E-06
  1005.0 -.4616364E-06
  1006.0 -.4745899E-06
  1007.0 -.4817890E-06
  1008.0 -.4831540E-06
  1009.0 -.4786909E-06
  1010.0 -.4684844E-06
  1011.0 -.4527048E-06
  1012.0 -.4316005E-06
  1013.0 -.4054947E-06
  1014.0 -.3747791E-06
  1015.0 -.3399098E-06
  1016.0 -.3013995E-06
  1017.0 -.2598081E-06
  1018.0 -.2157343E-06
  1019.0 -.1698081E-06
  1020.0 -.1226784E-06
  1021.0 -.7500436E-07
  1022.0 -.2744457E-07
  1023.0 0.1935233E-07
  1024.0 0.6475769E-07
  1025.0 0.1081728E-06
  1026.0 0.1490368E-06
  1027.0 0.1868352E-06
  1028.0 0.2211086E-06
  1029.0 0.2514555E-06
  1030.0 0.2775428E-06
  1031.0 0.2991040E-06
  1032.0 0.3159477E-06
  1033.0 0.3279555E-06
  1034.0 0.3350858E-06
  1035.0 0.3373700E-06
  1036.0 0.3349135E-06
  1037.0 0.3278898E-06
  1038.0 0.3165405E-06
  1039.0 0.3011662E-06
  1040.0 0.2821217E-06
  1041.0 0.2598118E-06
  1042.0 0.2346790E-06
  1043.0 0.2072010E-06
  1044.0 0.1778772E-06
  1045.0 0.1472246E-06
  1046.0 0.1157656E-06
  1047.0 0.8402115E-07
  1048.0 0.5250198E-07
  1049.0 0.2170054E-07
  1050.0 -.7917158E-08
  1051.0 -.3591782E-07
  1052.0 -.6190770E-07
  1053.0 -.8553808E-07
  1054.0 -.1065099E-06
  1055.0 -.1245772E-06
  1056.0 -.1395504E-06
  1057.0 -.1512974E-06
  1058.0 -.1597449E-06
  1059.0 -.1648773E-06
  1060.0 -.1667364E-06
  1061.0 -.1654181E-06
  1062.0 -.1610697E-06
  1063.0 -.1538862E-06
  1064.0 -.1441050E-06
  1065.0 -.1320009E-06
  1066.0 -.1178806E-06
  1067.0 -.1020758E-06
  1068.0 -.8493687E-07
  1069.0 -.6682674E-07
  1070.0 -.4811275E-07
  1071.0 -.2916180E-07
  1072.0 -.1033246E-07
  1073.0 0.8030563E-08
  1074.0 0.2560231E-07
  1075.0 0.4208281E-07
  1076.0 0.5720170E-07
  1077.0 0.7072212E-07
  1078.0 0.8244444E-07
  1079.0 0.9220829E-07
  1080.0 0.9989414E-07
  1081.0 0.1054253E-06
  1082.0 0.1087670E-06
  1083.0 0.1099260E-06
  1084.0 0.1089496E-06
  1085.0 0.1059235E-06
  1086.0 0.1009685E-06
  1087.0 0.9423795E-07
  1088.0 0.8591376E-07
  1089.0 0.7620167E-07
  1090.0 0.6532753E-07
  1091.0 0.5353183E-07
  1092.0 0.4106504E-07
  1093.0 0.2818270E-07
  1094.0 0.1514033E-07
  1095.0 0.2188721E-08
  1096.0 -.1043077E-07
  1097.0 -.2249023E-07
  1098.0 -.3377943E-07
  1099.0 -.4410904E-07
  1100.0 -.5331374E-07
  1101.0 -.6125435E-07
  1102.0 -.6782030E-07
  1103.0 -.7293018E-07
  1104.0 -.7653310E-07
  1105.0 -.7860827E-07
  1106.0 -.7916467E-07
  1107.0 -.7824002E-07
  1108.0 -.7589950E-07
  1109.0 -.7223309E-07
  1110.0 -.6735367E-07
  1111.0 -.6139388E-07
  1112.0 -.5450312E-07
  1113.0 -.4684421E-07
  1114.0 -.3858962E-07
  1115.0 -.2991821E-07
  1116.0 -.2101141E-07
  1117.0 -.1204952E-07
  1118.0 -.3208558E-08
  1119.0 0.5343257E-08
  1120.0 0.1344850E-07
  1121.0 0.2096323E-07
  1122.0 0.2775929E-07
  1123.0 0.3372663E-07
  1124.0 0.3877449E-07
  1125.0 0.4283313E-07
  1126.0 0.4585399E-07
  1127.0 0.4781041E-07
  1128.0 0.4869732E-07
  1129.0 0.4853093E-07
  1130.0 0.4734738E-07
  1131.0 0.4520183E-07
  1132.0 0.4216653E-07
  1133.0 0.3832920E-07
  1134.0 0.3379061E-07
  1135.0 0.2866200E-07
  1136.0 0.2306331E-07
  1137.0 0.1711972E-07
  1138.0 0.1095957E-07
  1139.0 0.4711544E-08
  1140.0 -.1497822E-08
  1141.0 -.7546663E-08
  1142.0 -.1331994E-07
  1143.0 -.1871160E-07
  1144.0 -.2362638E-07
  1145.0 -.2798127E-07
  1146.0 -.3170700E-07
  1147.0 -.3474875E-07
  1148.0 -.3706694E-07
  1149.0 -.3863779E-07
  1150.0 -.3945255E-07
  1151.0 -.3951826E-07
  1152.0 -.3885632E-07
  1153.0 -.3750187E-07
  1154.0 -.3550289E-07
  1155.0 -.3291859E-07
  1156.0 -.2981787E-07
  1157.0 -.2627799E-07
  1158.0 -.2238226E-07
  1159.0 -.1821856E-07
  1160.0 -.1387745E-07
  1161.0 -.9450036E-08
  1162.0 -.5026310E-08
  1163.0 -.6933800E-09
  1164.0 0.3466289E-08
  1165.0 0.7376233E-08
  1166.0 0.1096750E-07
  1167.0 0.1417962E-07
  1168.0 0.1696172E-07
  1169.0 0.1927311E-07
  1170.0 0.2108383E-07
  1171.0 0.2237492E-07
  1172.0 0.2313844E-07
  1173.0 0.2337727E-07
  1174.0 0.2310472E-07
  1175.0 0.2234391E-07
  1176.0 0.2112700E-07
  1177.0 0.1949426E-07
  1178.0 0.1749298E-07
  1179.0 0.1517624E-07
  1180.0 0.1260179E-07
  1181.0 0.9830556E-08
  1182.0 0.6925447E-08
  1183.0 0.3949939E-08
  1184.0 0.9668417E-09
  1185.0 -.1963072E-08
  1186.0 -.4782088E-08
  1187.0 -.7436676E-08
  1188.0 -.9878454E-08
  1189.0 -.1206497E-07
  1190.0 -.1396035E-07
  1191.0 -.1553584E-07
  1192.0 -.1677006E-07
  1193.0 -.1764935E-07
  1194.0 -.1816761E-07
  1195.0 -.1832618E-07
  1196.0 -.1813369E-07
  1197.0 -.1760544E-07
  1198.0 -.1676319E-07
  1199.0 -.1563396E-07
  1200.0 -.1424976E-07
  1201.0 -.1264659E-07
  1202.0 -.1086350E-07
  1203.0 -.8941844E-08
  1204.0 -.6924177E-08
  1205.0 -.4853498E-08
  1206.0 -.2772286E-08
  1207.0 -.7216230E-09
  1208.0 0.1259496E-08
  1209.0 0.3134961E-08
  1210.0 0.4872146E-08
  1211.0 0.6442443E-08
  1212.0 0.7821655E-08
  1213.0 0.8990408E-08
  1214.0 0.9934241E-08
  1215.0 0.1064383E-07
  1216.0 0.1111485E-07
  1217.0 0.1134800E-07
  1218.0 0.1134863E-07
  1219.0 0.1112660E-07
  1220.0 0.1069576E-07
  1221.0 0.1007358E-07
  1222.0 0.9280609E-08
  1223.0 0.8339945E-08
  1224.0 0.7276591E-08
  1225.0 0.6116936E-08
  1226.0 0.4888103E-08
  1227.0 0.3617402E-08
  1228.0 0.2331659E-08
  1229.0 0.1056809E-08
  1230.0 -.1826879E-09
  1231.0 -.1364248E-08
  1232.0 -.2467540E-08
  1233.0 -.3474815E-08
  1234.0 -.4371164E-08
  1235.0 -.5144642E-08
  1236.0 -.5786415E-08
  1237.0 -.6290761E-08
  1238.0 -.6655029E-08
  1239.0 -.6879565E-08
  1240.0 -.6967499E-08
  1241.0 -.6924544E-08
  1242.0 -.6758757E-08
  1243.0 -.6480181E-08
  1244.0 -.6100579E-08
  1245.0 -.5633007E-08
  1246.0 -.5091505E-08
  1247.0 -.4490725E-08
  1248.0 -.3845528E-08
  1249.0 -.3170700E-08
  1250.0 -.2480575E-08
  1251.0 -.1788759E-08
  1252.0 -.1107878E-08
  1253.0 -.4493266E-09
  1254.0 0.1768758E-09
  1255.0 0.7622625E-09
  1256.0 0.1299982E-08
  1257.0 0.1784860E-08
  1258.0 0.2213393E-08
  1259.0 0.2583711E-08
  1260.0 0.2895500E-08
  1261.0 0.3149888E-08
  1262.0 0.3349277E-08
  1263.0 0.3497221E-08
  1264.0 0.3598179E-08
  1265.0 0.3657333E-08
  1266.0 0.3680392E-08
  1267.0 0.3673355E-08
  1268.0 0.3642296E-08
  1269.0 0.3593189E-08
  1270.0 0.3531684E-08
  1271.0 0.3462961E-08
  1272.0 0.3391609E-08
  1273.0 0.3321451E-08
  1274.0 0.3255497E-08
  1275.0 0.3195886E-08
  1276.0 0.3143813E-08
  1277.0 0.3099589E-08
  1278.0 0.3062624E-08
  1279.0 0.3031524E-08
  1280.0 0.3004148E-08
  1281.0 0.2977739E-08
  1282.0 0.2949025E-08
  1283.0 0.2914387E-08
  1284.0 0.2869998E-08
  1285.0 0.2811981E-08
  1286.0 0.2736576E-08
  1287.0 0.2640291E-08
  1288.0 0.2520062E-08
  1289.0 0.2373372E-08
  1290.0 0.2198391E-08
  1291.0 0.1994073E-08
  1292.0 0.1760233E-08
  1293.0 0.1497606E-08
  1294.0 0.1207888E-08
  1295.0 0.8937215E-09
  1296.0 0.5586753E-09
  1297.0 0.2072232E-09
  1298.0 -.1553776E-09
  1299.0 -.5231536E-09
  1300.0 -.8895442E-09
  1301.0 -.1247550E-08
  1302.0 -.1589870E-08
  1303.0 -.1909094E-08
  1304.0 -.2197869E-08
  1305.0 -.2449057E-08
  1306.0 -.2655947E-08
  1307.0 -.2812405E-08
  1308.0 -.2913046E-08
  1309.0 -.2953387E-08
  1310.0 -.2929979E-08
  1311.0 -.2840510E-08
  1312.0 -.2683923E-08
  1313.0 -.2460450E-08
  1314.0 -.2171672E-08
  1315.0 -.1820519E-08
  1316.0 -.1411250E-08
  1317.0 -.9494132E-09
  1318.0 -.4417559E-09
  1319.0 0.1038751E-09
  1320.0 0.6786487E-09
  1321.0 0.1272921E-08
  1322.0 0.1876396E-08
  1323.0 0.2478325E-08
  1324.0 0.3067683E-08
  1325.0 0.3633407E-08
  1326.0 0.4164595E-08
  1327.0 0.4650727E-08
  1328.0 0.5081856E-08
  1329.0 0.5448840E-08
  1330.0 0.5743515E-08
  1331.0 0.5958858E-08
  1332.0 0.6089164E-08
  1333.0 0.6130172E-08
  1334.0 0.6079133E-08
  1335.0 0.5934945E-08
  1336.0 0.5698159E-08
  1337.0 0.5370995E-08
  1338.0 0.4957363E-08
  1339.0 0.4462759E-08
  1340.0 0.3894256E-08
  1341.0 0.3260329E-08
  1342.0 0.2570778E-08
  1343.0 0.1836523E-08
  1344.0 0.1069460E-08
  1345.0 0.2822306E-09
  1346.0 -.5119783E-09
  1347.0 -.1299669E-08
  1348.0 -.2067271E-08
  1349.0 -.2801379E-08
  1350.0 -.3488995E-08
  1351.0 -.4117761E-08
  1352.0 -.4676181E-08
  1353.0 -.5153849E-08
  1354.0 -.5541626E-08
  1355.0 -.5831809E-08
  1356.0 -.6018321E-08
  1357.0 -.6096797E-08
  1358.0 -.6064698E-08
  1359.0 -.5921357E-08
  1360.0 -.5668038E-08
  1361.0 -.5307936E-08
  1362.0 -.4846103E-08
  1363.0 -.4289452E-08
  1364.0 -.3646585E-08
  1365.0 -.2927738E-08
  1366.0 -.2144567E-08
  1367.0 -.1309992E-08
  1368.0 -.4380019E-09
  1369.0 0.4565865E-09
  1370.0 0.1358369E-08
  1371.0 0.2251598E-08
  1372.0 0.3120451E-08
  1373.0 0.3949307E-08
  1374.0 0.4722971E-08
  1375.0 0.5427016E-08
  1376.0 0.6047946E-08
  1377.0 0.6573508E-08
  1378.0 0.6992882E-08
  1379.0 0.7296871E-08
  1380.0 0.7478130E-08
  1381.0 0.7531296E-08
  1382.0 0.7453044E-08
  1383.0 0.7242317E-08
  1384.0 0.6900241E-08
  1385.0 0.6430237E-08
  1386.0 0.5837974E-08
  1387.0 0.5131298E-08
  1388.0 0.4320181E-08
  1389.0 0.3416568E-08
  1390.0 0.2434230E-08
  1391.0 0.1388575E-08
  1392.0 0.2964318E-09
  1393.0 -.8242096E-09
  1394.0 -.1954457E-08
  1395.0 -.3074814E-08
  1396.0 -.4165468E-08
  1397.0 -.5206615E-08
  1398.0 -.6178790E-08
  1399.0 -.7063166E-08
  1400.0 -.7841897E-08
  1401.0 -.8498407E-08
  1402.0 -.9017707E-08
  1403.0 -.9386629E-08
  1404.0 -.9594135E-08
  1405.0 -.9631517E-08
  1406.0 -.9492569E-08
  1407.0 -.9173786E-08
  1408.0 -.8674471E-08
  1409.0 -.7996766E-08
  1410.0 -.7145784E-08
  1411.0 -.6129505E-08
  1412.0 -.4958776E-08
  1413.0 -.3647189E-08
  1414.0 -.2210942E-08
  1415.0 -.6686531E-09
  1416.0 0.9588731E-09
  1417.0 0.2648922E-08
  1418.0 0.4377159E-08
  1419.0 0.6117991E-08
  1420.0 0.7844903E-08
  1421.0 0.9530850E-08
  1422.0 0.1114867E-07
  1423.0 0.1267149E-07
  1424.0 0.1407315E-07
  1425.0 0.1532861E-07
  1426.0 0.1641433E-07
  1427.0 0.1730873E-07
  1428.0 0.1799244E-07
  1429.0 0.1844890E-07
  1430.0 0.1866420E-07
  1431.0 0.1862792E-07
  1432.0 0.1833289E-07
  1433.0 0.1777561E-07
  1434.0 0.1695632E-07
  1435.0 0.1587907E-07
  1436.0 0.1455165E-07
  1437.0 0.1298573E-07
  1438.0 0.1119661E-07
  1439.0 0.9203089E-08
  1440.0 0.7027246E-08
  1441.0 0.4694238E-08
  1442.0 0.2231871E-08
  1443.0 -.3296902E-09
  1444.0 -.2958348E-08
  1445.0 -.5620532E-08
  1446.0 -.8281662E-08
  1447.0 -.1090664E-07
  1448.0 -.1346032E-07
  1449.0 -.1590814E-07
  1450.0 -.1821649E-07
  1451.0 -.2035333E-07
  1452.0 -.2228862E-07
  1453.0 -.2399476E-07
  1454.0 -.2544713E-07
  1455.0 -.2662433E-07
  1456.0 -.2750866E-07
  1457.0 -.2808629E-07
  1458.0 -.2834763E-07
  1459.0 -.2828736E-07
  1460.0 -.2790457E-07
  1461.0 -.2720295E-07
  1462.0 -.2619056E-07
  1463.0 -.2487976E-07
  1464.0 -.2328725E-07
  1465.0 -.2143357E-07
  1466.0 -.1934299E-07
  1467.0 -.1704307E-07
  1468.0 -.1456432E-07
  1469.0 -.1193974E-07
  1470.0 -.9204270E-08
  1471.0 -.6394412E-08
  1472.0 -.3547507E-08
  1473.0 -.7013350E-09
  1474.0 0.2106519E-08
  1475.0 0.4839210E-08
  1476.0 0.7461162E-08
  1477.0 0.9938634E-08
  1478.0 0.1224016E-07
  1479.0 0.1433708E-07
  1480.0 0.1620385E-07
  1481.0 0.1781853E-07
  1482.0 0.1916302E-07
  1483.0 0.2022326E-07
  1484.0 0.2098955E-07
  1485.0 0.2145649E-07
  1486.0 0.2162309E-07
  1487.0 0.2149293E-07
  1488.0 0.2107368E-07
  1489.0 0.2037726E-07
  1490.0 0.1941943E-07
  1491.0 0.1821971E-07
  1492.0 0.1680066E-07
  1493.0 0.1518789E-07
  1494.0 0.1340947E-07
  1495.0 0.1149532E-07
  1496.0 0.9476951E-08
  1497.0 0.7386780E-08
  1498.0 0.5257690E-08
  1499.0 0.3122489E-08
  1500.0 0.1013384E-08
  1501.0 -.1038516E-08
  1502.0 -.3003658E-08
  1503.0 -.4854500E-08
  1504.0 -.6565906E-08
  1505.0 -.8115533E-08
  1506.0 -.9484040E-08
  1507.0 -.1065547E-07
  1508.0 -.1161736E-07
  1509.0 -.1236088E-07
  1510.0 -.1288087E-07
  1511.0 -.1317594E-07
  1512.0 -.1324831E-07
  1513.0 -.1310369E-07
  1514.0 -.1275122E-07
  1515.0 -.1220314E-07
  1516.0 -.1147451E-07
  1517.0 -.1058291E-07
  1518.0 -.9548171E-08
  1519.0 -.8391822E-08
  1520.0 -.7136796E-08
  1521.0 -.5807010E-08
  1522.0 -.4426883E-08
  1523.0 -.3020951E-08
  1524.0 -.1613415E-08
  1525.0 -.2277623E-09
  1526.0 0.1113628E-08
  1527.0 0.2389848E-08
  1528.0 0.3581758E-08
  1529.0 0.4672289E-08
  1530.0 0.5646664E-08
  1531.0 0.6492612E-08
  1532.0 0.7200466E-08
  1533.0 0.7763321E-08
  1534.0 0.8176989E-08
  1535.0 0.8440092E-08
  1536.0 0.8553924E-08
  1537.0 0.8522369E-08
  1538.0 0.8351726E-08
  1539.0 0.8050574E-08
  1540.0 0.7629553E-08
  1541.0 0.7101018E-08
  1542.0 0.6478836E-08
  1543.0 0.5778080E-08
  1544.0 0.5014677E-08
  1545.0 0.4205140E-08
  1546.0 0.3366189E-08
  1547.0 0.2514496E-08
  1548.0 0.1666325E-08
  1549.0 0.8372688E-09
  1550.0 0.4198272E-10
  1551.0 -.7060619E-09
  1552.0 -.1394803E-08
  1553.0 -.2013753E-08
  1554.0 -.2554150E-08
  1555.0 -.3009064E-08
  1556.0 -.3373478E-08
  1557.0 -.3644308E-08
  1558.0 -.3820404E-08
  1559.0 -.3902489E-08
  1560.0 -.3893120E-08
  1561.0 -.3796552E-08
  1562.0 -.3618586E-08
  1563.0 -.3366447E-08
  1564.0 -.3048545E-08
  1565.0 -.2674317E-08
  1566.0 -.2253982E-08
  1567.0 -.1798317E-08
  1568.0 -.1318439E-08
  1569.0 -.8255601E-09
  1570.0 -.3307700E-09
  1571.0 0.1551793E-09
  1572.0 0.6220792E-09
  1573.0 0.1060450E-08
  1574.0 0.1461704E-08
  1575.0 0.1818293E-08
  1576.0 0.2123820E-08
  1577.0 0.2373152E-08
  1578.0 0.2562454E-08
  1579.0 0.2689242E-08
  1580.0 0.2752414E-08
  1581.0 0.2752186E-08
  1582.0 0.2690091E-08
  1583.0 0.2568890E-08
  1584.0 0.2392484E-08
  1585.0 0.2165805E-08
  1586.0 0.1894697E-08
  1587.0 0.1585767E-08
  1588.0 0.1246227E-08
  1589.0 0.8837504E-09
  1590.0 0.5062977E-09
  1591.0 0.1219437E-09
  1592.0 -.2612626E-09
  1593.0 -.6354740E-09
  1594.0 -.9931858E-09
  1595.0 -.1327379E-08
  1596.0 -.1631633E-08
  1597.0 -.1900251E-08
  1598.0 -.2128328E-08
  1599.0 -.2311856E-08
  1600.0 -.2447751E-08
  1601.0 -.2533898E-08
  1602.0 -.2569174E-08
  1603.0 -.2553425E-08
  1604.0 -.2487462E-08
  1605.0 -.2373009E-08
  1606.0 -.2212655E-08
  1607.0 -.2009770E-08
  1608.0 -.1768445E-08
  1609.0 -.1493370E-08
  1610.0 -.1189749E-08
  1611.0 -.8631837E-09
  1612.0 -.5195707E-09
  1613.0 -.1649693E-09
  1614.0 0.1944929E-09
  1615.0 0.5527447E-09
  1616.0 0.9038756E-09
  1617.0 0.1242225E-08
  1618.0 0.1562493E-08
  1619.0 0.1859807E-08
  1620.0 0.2129793E-08
  1621.0 0.2368646E-08
  1622.0 0.2573171E-08
  1623.0 0.2740819E-08
  1624.0 0.2869707E-08
  1625.0 0.2958626E-08
  1626.0 0.3007044E-08
  1627.0 0.3015091E-08
  1628.0 0.2983527E-08
  1629.0 0.2913711E-08
  1630.0 0.2807568E-08
  1631.0 0.2667502E-08
  1632.0 0.2496395E-08
  1633.0 0.2297481E-08
  1634.0 0.2074328E-08
  1635.0 0.1830747E-08
  1636.0 0.1570727E-08
  1637.0 0.1298363E-08
  1638.0 0.1017798E-08
  1639.0 0.7331389E-09
  1640.0 0.4484221E-09
  1641.0 0.1675316E-09
  1642.0 -.1058362E-09
  1643.0 -.3682299E-09
  1644.0 -.6164717E-09
  1645.0 -.8477017E-09
  1646.0 -.1059399E-08
  1647.0 -.1249397E-08
  1648.0 -.1415913E-08
  1649.0 -.1557537E-08
  1650.0 -.1673247E-08
  1651.0 -.1762401E-08
  1652.0 -.1824726E-08
  1653.0 -.1860307E-08
  1654.0 -.1869577E-08
  1655.0 -.1853281E-08
  1656.0 -.1812463E-08
  1657.0 -.1748442E-08
  1658.0 -.1662781E-08
  1659.0 -.1557260E-08
  1660.0 -.1433844E-08
  1661.0 -.1294654E-08
  1662.0 -.1141946E-08
  1663.0 -.9780708E-09
  1664.0 -.8054497E-09
  1665.0 -.6265459E-09
  1666.0 -.4438406E-09
  1667.0 -.2598016E-09
  1668.0 -.7686856E-10
  1669.0 0.1025837E-09
  1670.0 0.2762558E-09
  1671.0 0.4419518E-09
  1672.0 0.5975936E-09
  1673.0 0.7412473E-09
  1674.0 0.8711300E-09
  1675.0 0.9856337E-09
  1676.0 0.1083339E-08
  1677.0 0.1163024E-08
  1678.0 0.1223681E-08
  1679.0 0.1264524E-08
  1680.0 0.1285001E-08
  1681.0 0.1284797E-08
  1682.0 0.1263841E-08
  1683.0 0.1222311E-08
  1684.0 0.1160630E-08
  1685.0 0.1079478E-08
  1686.0 0.9797653E-09
  1687.0 0.8626475E-09
  1688.0 0.7295042E-09
  1689.0 0.5819348E-09
  1690.0 0.4217373E-09
  1691.0 0.2508904E-09
  1692.0 0.7154038E-10
  1693.0 -.1140307E-09
  1694.0 -.3034279E-09
  1695.0 -.4941682E-09
  1696.0 -.6837156E-09
  1697.0 -.8695117E-09
  1698.0 -.1049009E-08
  1699.0 -.1219704E-08
  1700.0 -.1379168E-08
  1701.0 -.1525097E-08
  1702.0 -.1655324E-08
  1703.0 -.1767868E-08
  1704.0 -.1860958E-08
  1705.0 -.1933064E-08
  1706.0 -.1982916E-08
  1707.0 -.2009544E-08
  1708.0 -.2012265E-08
  1709.0 -.1990734E-08
  1710.0 -.1944924E-08
  1711.0 -.1875145E-08
  1712.0 -.1782041E-08
  1713.0 -.1666590E-08
  1714.0 -.1530070E-08
  1715.0 -.1374074E-08
  1716.0 -.1200469E-08
  1717.0 -.1011374E-08
  1718.0 -.8091356E-09
  1719.0 -.5962859E-09
  1720.0 -.3755154E-09
  1721.0 -.1496227E-09
  1722.0 0.7852159E-10
  1723.0 0.3060168E-09
  1724.0 0.5299790E-09
  1725.0 0.7475811E-09
  1726.0 0.9561006E-09
  1727.0 0.1152956E-08
  1728.0 0.1335745E-08
  1729.0 0.1502281E-08
  1730.0 0.1650626E-08
  1731.0 0.1779115E-08
  1732.0 0.1886383E-08
  1733.0 0.1971372E-08
  1734.0 0.2033357E-08
  1735.0 0.2071942E-08
  1736.0 0.2087065E-08
  1737.0 0.2078989E-08
  1738.0 0.2048292E-08
  1739.0 0.1995867E-08
  1740.0 0.1922875E-08
  1741.0 0.1830734E-08
  1742.0 0.1721090E-08
  1743.0 0.1595787E-08
  1744.0 0.1456827E-08
  1745.0 0.1306331E-08
  1746.0 0.1146510E-08
  1747.0 0.9796166E-09
  1748.0 0.8079151E-09
  1749.0 0.6336388E-09
  1750.0 0.4589590E-09
  1751.0 0.2859433E-09
  1752.0 0.1165373E-09
  1753.0 -.4746971E-10
  1754.0 -.2044667E-09
  1755.0 -.3530380E-09
  1756.0 -.4919763E-09
  1757.0 -.6202962E-09
  1758.0 -.7372331E-09
  1759.0 -.8422470E-09
  1760.0 -.9350164E-09
  1761.0 -.1015433E-08
  1762.0 -.1083580E-08
  1763.0 -.1139724E-08
  1764.0 -.1184297E-08
  1765.0 -.1217866E-08
  1766.0 -.1241114E-08
  1767.0 -.1254816E-08
  1768.0 -.1259809E-08
  1769.0 -.1256975E-08
  1770.0 -.1247203E-08
  1771.0 -.1231376E-08
  1772.0 -.1210341E-08
  1773.0 -.1184894E-08
  1774.0 -.1155757E-08
  1775.0 -.1123569E-08
  1776.0 -.1088870E-08
  1777.0 -.1052096E-08
  1778.0 -.1013576E-08
  1779.0 -.9735212E-09
  1780.0 -.9320476E-09
  1781.0 -.8891602E-09
  1782.0 -.8447754E-09
  1783.0 -.7987332E-09
  1784.0 -.7508059E-09
  1785.0 -.7007211E-09
  1786.0 -.6481744E-09
  1787.0 -.5928540E-09
  1788.0 -.5344549E-09
  1789.0 -.4727056E-09
  1790.0 -.4073807E-09
  1791.0 -.3383251E-09
  1792.0 -.2654652E-09
  1793.0 -.1888276E-09
  1794.0 -.1085469E-09
  1795.0 -.2488047E-10
  1796.0 0.6179198E-10
  1797.0 0.1509593E-09
  1798.0 0.2419859E-09
  1799.0 0.3341098E-09
  1800.0 0.4264550E-09
  1801.0 0.5180402E-09
  1802.0 0.6077931E-09
  1803.0 0.6945683E-09
  1804.0 0.7771648E-09
  1805.0 0.8543503E-09
  1806.0 0.9248839E-09
  1807.0 0.9875374E-09
  1808.0 0.1041123E-08
  1809.0 0.1084524E-08
  1810.0 0.1116704E-08
  1811.0 0.1136750E-08
  1812.0 0.1143879E-08
  1813.0 0.1137473E-08
  1814.0 0.1117082E-08
  1815.0 0.1082450E-08
  1816.0 0.1033517E-08
  1817.0 0.9704442E-09
  1818.0 0.8936007E-09
  1819.0 0.8035762E-09
  1820.0 0.7011704E-09
  1821.0 0.5873920E-09
  1822.0 0.4634464E-09
  1823.0 0.3307175E-09
  1824.0 0.1907575E-09
  1825.0 0.4526038E-10
  1826.0 -.1039609E-09
  1827.0 -.2549989E-09
  1828.0 -.4058796E-09
  1829.0 -.5545907E-09
  1830.0 -.6991148E-09
  1831.0 -.8374586E-09
  1832.0 -.9676790E-09
  1833.0 -.1087922E-08
  1834.0 -.1196439E-08
  1835.0 -.1291626E-08
  1836.0 -.1372034E-08
  1837.0 -.1436412E-08
  1838.0 -.1483704E-08
  1839.0 -.1513077E-08
  1840.0 -.1523941E-08
  1841.0 -.1515935E-08
  1842.0 -.1488961E-08
  1843.0 -.1443168E-08
  1844.0 -.1378950E-08
  1845.0 -.1296957E-08
  1846.0 -.1198060E-08
  1847.0 -.1083372E-08
  1848.0 -.9542015E-09
  1849.0 -.8120545E-09
  1850.0 -.6586074E-09
  1851.0 -.4956811E-09
  1852.0 -.3252264E-09
  1853.0 -.1492893E-09
  1854.0 0.3001212E-10
  1855.0 0.2105139E-09
  1856.0 0.3900366E-09
  1857.0 0.5664108E-09
  1858.0 0.7375039E-09
  1859.0 0.9012490E-09
  1860.0 0.1055666E-08
  1861.0 0.1198885E-08
  1862.0 0.1329172E-08
  1863.0 0.1444956E-08
  1864.0 0.1544823E-08
  1865.0 0.1627554E-08
  1866.0 0.1692135E-08
  1867.0 0.1737758E-08
  1868.0 0.1763837E-08
  1869.0 0.1770014E-08
  1870.0 0.1756159E-08
  1871.0 0.1722378E-08
  1872.0 0.1668994E-08
  1873.0 0.1596565E-08
  1874.0 0.1505863E-08
  1875.0 0.1397871E-08
  1876.0 0.1273769E-08
  1877.0 0.1134923E-08
  1878.0 0.9828717E-09
  1879.0 0.8193057E-09
  1880.0 0.6460560E-09
  1881.0 0.4650668E-09
  1882.0 0.2783810E-09
  1883.0 0.8811597E-10
  1884.0 -.1035586E-09
  1885.0 -.2944448E-09
  1886.0 -.4823395E-09
  1887.0 -.6650611E-09
  1888.0 -.8404673E-09
  1889.0 -.1006488E-08
  1890.0 -.1161143E-08
  1891.0 -.1302564E-08
  1892.0 -.1429030E-08
  1893.0 -.1538965E-08
  1894.0 -.1630983E-08
  1895.0 -.1703891E-08
  1896.0 -.1756709E-08
  1897.0 -.1788687E-08
  1898.0 -.1799315E-08
  1899.0 -.1788335E-08
  1900.0 -.1755743E-08
  1901.0 -.1701799E-08
  1902.0 -.1627026E-08
  1903.0 -.1532206E-08
  1904.0 -.1418380E-08
  1905.0 -.1286827E-08
  1906.0 -.1139072E-08
  1907.0 -.9768487E-09
  1908.0 -.8020964E-09
  1909.0 -.6169344E-09
  1910.0 -.4236324E-09
  1911.0 -.2245917E-09
  1912.0 -.2230924E-10
  1913.0 0.1806512E-09
  1914.0 0.3816913E-09
  1915.0 0.5782137E-09
  1916.0 0.7676581E-09
  1917.0 0.9475335E-09
  1918.0 0.1115454E-08
  1919.0 0.1269178E-08
  1920.0 0.1406629E-08
  1921.0 0.1525945E-08
  1922.0 0.1625487E-08
  1923.0 0.1703876E-08
  1924.0 0.1760023E-08
  1925.0 0.1793126E-08
  1926.0 0.1802704E-08
  1927.0 0.1788600E-08
  1928.0 0.1750986E-08
  1929.0 0.1690363E-08
  1930.0 0.1607561E-08
  1931.0 0.1503725E-08
  1932.0 0.1380306E-08
  1933.0 0.1239033E-08
  1934.0 0.1081900E-08
  1935.0 0.9111309E-09
  1936.0 0.7291508E-09
  1937.0 0.5385502E-09
  1938.0 0.3420475E-09
  1939.0 0.1424493E-09
  1940.0 -.5739520E-10
  1941.0 -.2546313E-09
  1942.0 -.4464466E-09
  1943.0 -.6301111E-09
  1944.0 -.8030243E-09
  1945.0 -.9627463E-09
  1946.0 -.1107039E-08
  1947.0 -.1233909E-08
  1948.0 -.1341624E-08
  1949.0 -.1428750E-08
  1950.0 -.1494167E-08
  1951.0 -.1537089E-08
  1952.0 -.1557079E-08
  1953.0 -.1554041E-08
  1954.0 -.1528240E-08
  1955.0 -.1480279E-08
  1956.0 -.1411102E-08
  1957.0 -.1321969E-08
  1958.0 -.1214432E-08
  1959.0 -.1090318E-08
  1960.0 -.9516966E-09
  1961.0 -.8008391E-09
  1962.0 -.6401856E-09
  1963.0 -.4723058E-09
  1964.0 -.2998570E-09
  1965.0 -.1255383E-09
  1966.0 0.4794881E-10
  1967.0 0.2179461E-09
  1968.0 0.3818793E-09
  1969.0 0.5372993E-09
  1970.0 0.6819200E-09
  1971.0 0.8136493E-09
  1972.0 0.9306271E-09
  1973.0 0.1031246E-08
  1974.0 0.1114178E-08
  1975.0 0.1178390E-08
  1976.0 0.1223159E-08
  1977.0 0.1248075E-08
  1978.0 0.1253052E-08
  1979.0 0.1238312E-08
  1980.0 0.1204392E-08
  1981.0 0.1152117E-08
  1982.0 0.1082597E-08
  1983.0 0.9971929E-09
  1984.0 0.8974937E-09
  1985.0 0.7852942E-09
  1986.0 0.6625578E-09
  1987.0 0.5313833E-09
  1988.0 0.3939708E-09
  1989.0 0.2525862E-09
  1990.0 0.1095211E-09
  1991.0 -.3293880E-10
  1992.0 -.1725542E-09
  1993.0 -.3071635E-09
  1994.0 -.4347130E-09
  1995.0 -.5532959E-09
  1996.0 -.6611669E-09
  1997.0 -.7567736E-09
  1998.0 -.8387782E-09
  1999.0 -.9060734E-09
  2000.0 -.9577891E-09
  2001.0 -.9933113E-09
  2002.0 -.1012280E-08
  2003.0 -.1014594E-08
  2004.0 -.1000407E-08
  2005.0 -.9701224E-09
  2006.0 -.9243782E-09
  2007.0 -.8640443E-09
  2008.0 -.7901971E-09
  2009.0 -.7041039E-09
  2010.0 -.6071999E-09
  2011.0 -.5010724E-09
  2012.0 -.3874258E-09
  2013.0 -.2680644E-09
  2014.0 -.1448611E-09
  2015.0 -.1973190E-10
  2016.0 0.1053911E-09
  2017.0 0.2285854E-09
  2018.0 0.3479692E-09
  2019.0 0.4617189E-09
  2020.0 0.5681008E-09
  2021.0 0.6654897E-09
  2022.0 0.7523915E-09
  2023.0 0.8274624E-09
  2024.0 0.8895279E-09
  2025.0 0.9375940E-09
  2026.0 0.9708659E-09
  2027.0 0.9887536E-09
  2028.0 0.9908842E-09
  2029.0 0.9771058E-09
  2030.0 0.9474903E-09
  2031.0 0.9023365E-09
  2032.0 0.8421661E-09
  2033.0 0.7677217E-09
  2034.0 0.6799584E-09
  2035.0 0.5800334E-09
  2036.0 0.4692979E-09
  2037.0 0.3492800E-09
  2038.0 0.2216691E-09
  2039.0 0.8829736E-10
  2040.0 -.4888007E-10
  2041.0 -.1878101E-09
  2042.0 -.3263634E-09
  2043.0 -.4623643E-09
  2044.0 -.5936124E-09
  2045.0 -.7179190E-09
  2046.0 -.8331306E-09
  2047.0 -.9371645E-09
  2048.0 -.1028033E-08
  2049.0 -.1103875E-08
  2050.0 -.1163001E-08
  2051.0 -.1203895E-08
  2052.0 -.1225268E-08
  2053.0 -.1226069E-08
  2054.0 -.1205518E-08
  2055.0 -.1163121E-08
  2056.0 -.1098695E-08
  2057.0 -.1012373E-08
  2058.0 -.9046282E-09
  2059.0 -.7762715E-09
  2060.0 -.6284565E-09
  2061.0 -.4626786E-09
  2062.0 -.2807619E-09
  2063.0 -.8485304E-10
  2064.0 0.1226033E-09
  2065.0 0.3388842E-09
  2066.0 0.5610226E-09
  2067.0 0.7858343E-09
  2068.0 0.1009967E-08
  2069.0 0.1229934E-08
  2070.0 0.1442175E-08
  2071.0 0.1643089E-08
  2072.0 0.1829108E-08
  2073.0 0.1996738E-08
  2074.0 0.2142630E-08
  2075.0 0.2263621E-08
  2076.0 0.2356810E-08
  2077.0 0.2419604E-08
  2078.0 0.2449760E-08
  2079.0 0.2445459E-08
  2080.0 0.2405337E-08
  2081.0 0.2328516E-08
  2082.0 0.2214655E-08
  2083.0 0.2063968E-08
  2084.0 0.1877233E-08
  2085.0 0.1655825E-08
  2086.0 0.1401688E-08
  2087.0 0.1117345E-08
  2088.0 0.8058716E-09
  2089.0 0.4708684E-09
  2090.0 0.1164251E-09
  2091.0 -.2529290E-09
  2092.0 -.6322818E-09
  2093.0 -.1016403E-08
  2094.0 -.1399816E-08
  2095.0 -.1776871E-08
  2096.0 -.2141843E-08
  2097.0 -.2489005E-08
  2098.0 -.2812723E-08
  2099.0 -.3107547E-08
  2100.0 -.3368316E-08
  2101.0 -.3590229E-08
  2102.0 -.3768940E-08
  2103.0 -.3900642E-08
  2104.0 -.3982130E-08
  2105.0 -.4010883E-08
  2106.0 -.3985115E-08
  2107.0 -.3903831E-08
  2108.0 -.3766844E-08
  2109.0 -.3574816E-08
  2110.0 -.3329249E-08
  2111.0 -.3032496E-08
  2112.0 -.2687752E-08
  2113.0 -.2298994E-08
  2114.0 -.1870957E-08
  2115.0 -.1409071E-08
  2116.0 -.9193808E-09
  2117.0 -.4084758E-09
  2118.0 0.1166168E-09
  2119.0 0.6485254E-09
  2120.0 0.1179647E-08
  2121.0 0.1702264E-08
  2122.0 0.2208667E-08
  2123.0 0.2691273E-08
  2124.0 0.3142745E-08
  2125.0 0.3556114E-08
  2126.0 0.3924896E-08
  2127.0 0.4243198E-08
  2128.0 0.4505830E-08
  2129.0 0.4708359E-08
  2130.0 0.4847258E-08
  2131.0 0.4919884E-08
  2132.0 0.4924603E-08
  2133.0 0.4860791E-08
  2134.0 0.4728835E-08
  2135.0 0.4530195E-08
  2136.0 0.4267325E-08
  2137.0 0.3943685E-08
  2138.0 0.3563676E-08
  2139.0 0.3132562E-08
  2140.0 0.2656431E-08
  2141.0 0.2142061E-08
  2142.0 0.1596831E-08
  2143.0 0.1028615E-08
  2144.0 0.4456498E-09
  2145.0 -.1435979E-09
  2146.0 -.7305647E-09
  2147.0 -.1306718E-08
  2148.0 -.1863705E-08
  2149.0 -.2393476E-08
  2150.0 -.2888414E-08
  2151.0 -.3341464E-08
  2152.0 -.3746231E-08
  2153.0 -.4097099E-08
  2154.0 -.4389290E-08
  2155.0 -.4618964E-08
  2156.0 -.4783263E-08
  2157.0 -.4880356E-08
  2158.0 -.4909461E-08
  2159.0 -.4870846E-08
  2160.0 -.4765819E-08
  2161.0 -.4596708E-08
  2162.0 -.4366788E-08
  2163.0 -.4080258E-08
  2164.0 -.3742131E-08
  2165.0 -.3358149E-08
  2166.0 -.2934698E-08
  2167.0 -.2478676E-08
  2168.0 -.1997388E-08
  2169.0 -.1498412E-08
  2170.0 -.9894785E-09
  2171.0 -.4783311E-09
  2172.0 0.2738570E-10
  2173.0 0.5202644E-09
  2174.0 0.9932444E-09
  2175.0 0.1439727E-08
  2176.0 0.1853673E-08
  2177.0 0.2229689E-08
  2178.0 0.2563104E-08
  2179.0 0.2850038E-08
  2180.0 0.3087452E-08
  2181.0 0.3273145E-08
  2182.0 0.3405829E-08
  2183.0 0.3485078E-08
  2184.0 0.3511333E-08
  2185.0 0.3485872E-08
  2186.0 0.3410746E-08
  2187.0 0.3288770E-08
  2188.0 0.3123374E-08
  2189.0 0.2918621E-08
  2190.0 0.2679034E-08
  2191.0 0.2409535E-08
  2192.0 0.2115375E-08
  2193.0 0.1801969E-08
  2194.0 0.1474854E-08
  2195.0 0.1139558E-08
  2196.0 0.8015081E-09
  2197.0 0.4659403E-09
  2198.0 0.1378171E-09
  2199.0 -.1782551E-09
  2200.0 -.4780830E-09
  2201.0 -.7579548E-09
  2202.0 -.1014677E-08
  2203.0 -.1245607E-08
  2204.0 -.1448679E-08
  2205.0 -.1622404E-08
  2206.0 -.1765874E-08
  2207.0 -.1878739E-08
  2208.0 -.1961196E-08
  2209.0 -.2013922E-08
  2210.0 -.2038068E-08
  2211.0 -.2035180E-08
  2212.0 -.2007140E-08
  2213.0 -.1956128E-08
  2214.0 -.1884532E-08
  2215.0 -.1794889E-08
  2216.0 -.1689829E-08
  2217.0 -.1571990E-08
  2218.0 -.1443983E-08
  2219.0 -.1308319E-08
  2220.0 -.1167358E-08
  2221.0 -.1023286E-08
  2222.0 -.8780565E-09
  2223.0 -.7333786E-09
  2224.0 -.5906977E-09
  2225.0 -.4511834E-09
  2226.0 -.3157326E-09
  2227.0 -.1849813E-09
  2228.0 -.5931510E-10
  2229.0 0.6109965E-10
  2230.0 0.1762883E-09
  2231.0 0.2864368E-09
  2232.0 0.3918367E-09
  2233.0 0.4928623E-09
  2234.0 0.5899107E-09
  2235.0 0.6833659E-09
  2236.0 0.7735563E-09
  2237.0 0.8607121E-09
  2238.0 0.9449328E-09
  2239.0 0.1026154E-08
  2240.0 0.1104135E-08
  2241.0 0.1178425E-08
  2242.0 0.1248372E-08
  2243.0 0.1313110E-08
  2244.0 0.1371582E-08
  2245.0 0.1422541E-08
  2246.0 0.1464591E-08
  2247.0 0.1496213E-08
  2248.0 0.1515804E-08
  2249.0 0.1521732E-08
  2250.0 0.1512379E-08
  2251.0 0.1486202E-08
  2252.0 0.1441792E-08
  2253.0 0.1377929E-08
  2254.0 0.1293641E-08
  2255.0 0.1188255E-08
  2256.0 0.1061461E-08
  2257.0 0.9133434E-09
  2258.0 0.7444184E-09
  2259.0 0.5556713E-09
  2260.0 0.3485721E-09
  2261.0 0.1250803E-09
  2262.0 -.1123567E-09
  2263.0 -.3608180E-09
  2264.0 -.6169428E-09
  2265.0 -.8769646E-09
  2266.0 -.1136771E-08
  2267.0 -.1391962E-08
  2268.0 -.1637933E-08
  2269.0 -.1869946E-08
  2270.0 -.2083234E-08
  2271.0 -.2273094E-08
  2272.0 -.2434983E-08
  2273.0 -.2564633E-08
  2274.0 -.2658137E-08
  2275.0 -.2712072E-08
  2276.0 -.2723577E-08
  2277.0 -.2690443E-08
  2278.0 -.2611193E-08
  2279.0 -.2485159E-08
  2280.0 -.2312520E-08
  2281.0 -.2094348E-08
  2282.0 -.1832622E-08
  2283.0 -.1530244E-08
  2284.0 -.1191017E-08
  2285.0 -.8195965E-09
  2286.0 -.4214659E-09
  2287.0 -.2835428E-11
  2288.0 0.4294302E-09
  2289.0 0.8679280E-09
  2290.0 0.1304834E-08
  2291.0 0.1732040E-08
  2292.0 0.2141308E-08
  2293.0 0.2524413E-08
  2294.0 0.2873313E-08
  2295.0 0.3180302E-08
  2296.0 0.3438196E-08
  2297.0 0.3640457E-08
  2298.0 0.3781377E-08
  2299.0 0.3856186E-08
  2300.0 0.3861237E-08
  2301.0 0.3794036E-08
  2302.0 0.3653402E-08
  2303.0 0.3439501E-08
  2304.0 0.3153908E-08
  2305.0 0.2799624E-08
  2306.0 0.2381054E-08
  2307.0 0.1904006E-08
  2308.0 0.1375605E-08
  2309.0 0.8042088E-09
  2310.0 0.1992998E-09
  2311.0 -.4286557E-09
  2312.0 -.1068370E-08
  2313.0 -.1707924E-08
  2314.0 -.2334957E-08
  2315.0 -.2936887E-08
  2316.0 -.3501131E-08
  2317.0 -.4015354E-08
  2318.0 -.4467687E-08
  2319.0 -.4846961E-08
  2320.0 -.5142936E-08
  2321.0 -.5346543E-08
  2322.0 -.5450045E-08
  2323.0 -.5447233E-08
  2324.0 -.5333622E-08
  2325.0 -.5106532E-08
  2326.0 -.4765222E-08
  2327.0 -.4310973E-08
  2328.0 -.3747076E-08
  2329.0 -.3078912E-08
  2330.0 -.2313856E-08
  2331.0 -.1461226E-08
  2332.0 -.5321867E-09
  2333.0 0.4604047E-09
  2334.0 0.1502177E-08
  2335.0 0.2577440E-08
  2336.0 0.3669410E-08
  2337.0 0.4760506E-08
  2338.0 0.5832594E-08
  2339.0 0.6867279E-08
  2340.0 0.7846259E-08
  2341.0 0.8751578E-08
  2342.0 0.9565944E-08
  2343.0 0.1027307E-07
  2344.0 0.1085799E-07
  2345.0 0.1130725E-07
  2346.0 0.1160923E-07
  2347.0 0.1175437E-07
  2348.0 0.1173538E-07
  2349.0 0.1154738E-07
  2350.0 0.1118803E-07
  2351.0 0.1065767E-07
  2352.0 0.9959268E-08
  2353.0 0.9098550E-08
  2354.0 0.8083865E-08
  2355.0 0.6926072E-08
  2356.0 0.5638532E-08
  2357.0 0.4236818E-08
  2358.0 0.2738537E-08
  2359.0 0.1163100E-08
  2360.0 -.4685871E-09
  2361.0 -.2134433E-08
  2362.0 -.3811470E-08
  2363.0 -.5476238E-08
  2364.0 -.7105129E-08
  2365.0 -.8674782E-08
  2366.0 -.1016239E-07
  2367.0 -.1154618E-07
  2368.0 -.1280562E-07
  2369.0 -.1392188E-07
  2370.0 -.1487806E-07
  2371.0 -.1565946E-07
  2372.0 -.1625400E-07
  2373.0 -.1665205E-07
  2374.0 -.1684702E-07
  2375.0 -.1683525E-07
  2376.0 -.1661600E-07
  2377.0 -.1619170E-07
  2378.0 -.1556781E-07
  2379.0 -.1475265E-07
  2380.0 -.1375741E-07
  2381.0 -.1259597E-07
  2382.0 -.1128459E-07
  2383.0 -.9841773E-08
  2384.0 -.8287873E-08
  2385.0 -.6644875E-08
  2386.0 -.4935952E-08
  2387.0 -.3185183E-08
  2388.0 -.1417141E-08
  2389.0 0.3434989E-09
  2390.0 0.2072315E-08
  2391.0 0.3745539E-08
  2392.0 0.5340421E-08
  2393.0 0.6835563E-08
  2394.0 0.8211261E-08
  2395.0 0.9449757E-08
  2396.0 0.1053557E-07
  2397.0 0.1145571E-07
  2398.0 0.1219976E-07
  2399.0 0.1276011E-07
