     0.0 0.0000000E+00
     1.0 0.8359290E-18
     2.0 -.1690223E-16
     3.0 -.1132593E-15
     4.0 -.3882324E-15
     5.0 -.9811906E-15
     6.0 -.2068119E-14
     7.0 -.3857244E-14
     8.0 -.6583680E-14
     9.0 -.1050306E-13
    10.0 -.1588420E-13
    11.0 -.2300106E-13
    12.0 -.3212420E-13
    13.0 -.4351188E-13
    14.0 -.5740110E-13
    15.0 -.7399862E-13
    16.0 -.9347236E-13
    17.0 -.1159429E-12
    18.0 -.1414758E-12
    19.0 -.1700745E-12
    20.0 -.2016735E-12
    21.0 -.2361329E-12
    22.0 -.2732336E-12
    23.0 -.3126730E-12
    24.0 -.3540617E-12
    25.0 -.3969217E-12
    26.0 -.4406850E-12
    27.0 -.4846927E-12
    28.0 -.5281967E-12
    29.0 -.5703614E-12
    30.0 -.6102657E-12
    31.0 -.6469098E-12
    32.0 -.6792188E-12
    33.0 -.7060514E-12
    34.0 -.7262101E-12
    35.0 -.7384503E-12
    36.0 -.7414947E-12
    37.0 -.7340496E-12
    38.0 -.7148199E-12
    39.0 -.6825295E-12
    40.0 -.6359444E-12
    41.0 -.5738930E-12
    42.0 -.4952927E-12
    43.0 -.3991752E-12
    44.0 -.2847147E-12
    45.0 -.1512533E-12
    46.0 0.1671073E-14
    47.0 0.1742994E-12
    48.0 0.3666274E-12
    49.0 0.5783845E-12
    50.0 0.8090150E-12
    51.0 0.1057666E-11
    52.0 0.1323177E-11
    53.0 0.1604081E-11
    54.0 0.1898602E-11
    55.0 0.2204677E-11
    56.0 0.2519958E-11
    57.0 0.2841859E-11
    58.0 0.3167573E-11
    59.0 0.3494122E-11
    60.0 0.3818403E-11
    61.0 0.4137248E-11
    62.0 0.4447479E-11
    63.0 0.4745977E-11
    64.0 0.5029746E-11
    65.0 0.5295987E-11
    66.0 0.5542174E-11
    67.0 0.5766101E-11
    68.0 0.5965966E-11
    69.0 0.6140424E-11
    70.0 0.6288621E-11
    71.0 0.6410256E-11
    72.0 0.6505600E-11
    73.0 0.6575512E-11
    74.0 0.6621443E-11
    75.0 0.6645412E-11
    76.0 0.6650013E-11
    77.0 0.6638340E-11
    78.0 0.6613930E-11
    79.0 0.6580726E-11
    80.0 0.6542961E-11
    81.0 0.6505077E-11
    82.0 0.6471623E-11
    83.0 0.6447148E-11
    84.0 0.6436065E-11
    85.0 0.6442578E-11
    86.0 0.6470533E-11
    87.0 0.6523322E-11
    88.0 0.6603803E-11
    89.0 0.6714159E-11
    90.0 0.6855880E-11
    91.0 0.7029681E-11
    92.0 0.7235444E-11
    93.0 0.7472222E-11
    94.0 0.7738236E-11
    95.0 0.8030870E-11
    96.0 0.8346751E-11
    97.0 0.8681784E-11
    98.0 0.9031239E-11
    99.0 0.9389892E-11
   100.0 0.9752079E-11
   101.0 0.1011185E-10
   102.0 0.1046319E-10
   103.0 0.1080016E-10
   104.0 0.1111711E-10
   105.0 0.1140875E-10
   106.0 0.1167040E-10
   107.0 0.1189806E-10
   108.0 0.1208853E-10
   109.0 0.1223952E-10
   110.0 0.1234973E-10
   111.0 0.1241888E-10
   112.0 0.1244773E-10
   113.0 0.1243812E-10
   114.0 0.1239285E-10
   115.0 0.1231565E-10
   116.0 0.1221116E-10
   117.0 0.1208470E-10
   118.0 0.1194218E-10
   119.0 0.1178994E-10
   120.0 0.1163459E-10
   121.0 0.1148279E-10
   122.0 0.1134109E-10
   123.0 0.1121570E-10
   124.0 0.1111238E-10
   125.0 0.1103614E-10
   126.0 0.1099120E-10
   127.0 0.1098077E-10
   128.0 0.1100698E-10
   129.0 0.1107074E-10
   130.0 0.1117173E-10
   131.0 0.1130831E-10
   132.0 0.1147760E-10
   133.0 0.1167548E-10
   134.0 0.1189668E-10
   135.0 0.1213490E-10
   136.0 0.1238292E-10
   137.0 0.1263287E-10
   138.0 0.1287627E-10
   139.0 0.1310440E-10
   140.0 0.1330848E-10
   141.0 0.1347990E-10
   142.0 0.1361047E-10
   143.0 0.1369270E-10
   144.0 0.1371998E-10
   145.0 0.1368685E-10
   146.0 0.1358918E-10
   147.0 0.1342432E-10
   148.0 0.1319123E-10
   149.0 0.1289065E-10
   150.0 0.1252503E-10
   151.0 0.1209864E-10
   152.0 0.1161753E-10
   153.0 0.1108933E-10
   154.0 0.1052326E-10
   155.0 0.9929874E-11
   156.0 0.9320853E-11
   157.0 0.8708767E-11
   158.0 0.8106731E-11
   159.0 0.7528150E-11
   160.0 0.6986336E-11
   161.0 0.6494171E-11
   162.0 0.6063729E-11
   163.0 0.5705974E-11
   164.0 0.5430378E-11
   165.0 0.5244612E-11
   166.0 0.5154285E-11
   167.0 0.5162668E-11
   168.0 0.5270531E-11
   169.0 0.5475989E-11
   170.0 0.5774419E-11
   171.0 0.6158421E-11
   172.0 0.6617941E-11
   173.0 0.7140283E-11
   174.0 0.7710450E-11
   175.0 0.8311261E-11
   176.0 0.8923734E-11
   177.0 0.9527473E-11
   178.0 0.1010116E-10
   179.0 0.1062294E-10
   180.0 0.1107096E-10
   181.0 0.1142399E-10
   182.0 0.1166185E-10
   183.0 0.1176608E-10
   184.0 0.1172042E-10
   185.0 0.1151129E-10
   186.0 0.1112831E-10
   187.0 0.1056471E-10
   188.0 0.9817615E-11
   189.0 0.8888371E-11
   190.0 0.7782656E-11
   191.0 0.6510664E-11
   192.0 0.5086964E-11
   193.0 0.3530427E-11
   194.0 0.1863940E-11
   195.0 0.1141621E-12
   196.0 -.1689086E-11
   197.0 -.3513261E-11
   198.0 -.5323729E-11
   199.0 -.7084626E-11
   200.0 -.8759485E-11
   201.0 -.1031212E-10
   202.0 -.1170757E-10
   203.0 -.1291281E-10
   204.0 -.1389776E-10
   205.0 -.1463609E-10
   206.0 -.1510589E-10
   207.0 -.1529058E-10
   208.0 -.1517931E-10
   209.0 -.1476763E-10
   210.0 -.1405777E-10
   211.0 -.1305892E-10
   212.0 -.1178727E-10
   213.0 -.1026597E-10
   214.0 -.8524919E-11
   215.0 -.6600184E-11
   216.0 -.4533604E-11
   217.0 -.2371940E-11
   218.0 -.1660447E-12
   219.0 0.2030159E-11
   220.0 0.4160883E-11
   221.0 0.6169509E-11
   222.0 0.8000121E-11
   223.0 0.9598603E-11
   224.0 0.1091400E-10
   225.0 0.1189991E-10
   226.0 0.1251565E-10
   227.0 0.1272740E-10
   228.0 0.1250922E-10
   229.0 0.1184397E-10
   230.0 0.1072397E-10
   231.0 0.9151549E-11
   232.0 0.7139296E-11
   233.0 0.4710138E-11
   234.0 0.1897110E-11
   235.0 -.1257022E-11
   236.0 -.4700418E-11
   237.0 -.8373142E-11
   238.0 -.1220826E-10
   239.0 -.1613312E-10
   240.0 -.2007092E-10
   241.0 -.2394230E-10
   242.0 -.2766719E-10
   243.0 -.3116657E-10
   244.0 -.3436428E-10
   245.0 -.3718894E-10
   246.0 -.3957595E-10
   247.0 -.4146858E-10
   248.0 -.4282009E-10
   249.0 -.4359490E-10
   250.0 -.4376942E-10
   251.0 -.4333344E-10
   252.0 -.4229019E-10
   253.0 -.4065686E-10
   254.0 -.3846441E-10
   255.0 -.3575727E-10
   256.0 -.3259253E-10
   257.0 -.2903880E-10
   258.0 -.2517494E-10
   259.0 -.2108843E-10
   260.0 -.1687322E-10
   261.0 -.1262801E-10
   262.0 -.8453524E-11
   263.0 -.4450520E-11
   264.0 -.7170727E-12
   265.0 0.2653720E-11
   266.0 0.5576147E-11
   267.0 0.7974148E-11
   268.0 0.9783317E-11
   269.0 0.1095268E-10
   270.0 0.1144638E-10
   271.0 0.1124464E-10
   272.0 0.1034461E-10
   273.0 0.8760910E-11
   274.0 0.6525305E-11
   275.0 0.3686511E-11
   276.0 0.3090763E-12
   277.0 -.3527912E-11
   278.0 -.7732574E-11
   279.0 -.1220231E-10
   280.0 -.1682625E-10
   281.0 -.2148808E-10
   282.0 -.2606872E-10
   283.0 -.3044958E-10
   284.0 -.3451552E-10
   285.0 -.3815802E-10
   286.0 -.4127802E-10
   287.0 -.4378899E-10
   288.0 -.4561918E-10
   289.0 -.4671404E-10
   290.0 -.4703778E-10
   291.0 -.4657514E-10
   292.0 -.4533172E-10
   293.0 -.4333484E-10
   294.0 -.4063289E-10
   295.0 -.3729464E-10
   296.0 -.3340792E-10
   297.0 -.2907759E-10
   298.0 -.2442318E-10
   299.0 -.1957612E-10
   300.0 -.1467597E-10
   301.0 -.9867423E-11
   302.0 -.5296294E-11
   303.0 -.1105227E-11
   304.0 0.2569992E-11
   305.0 0.5604346E-11
   306.0 0.7887552E-11
   307.0 0.9327355E-11
   308.0 0.9852712E-11
   309.0 0.9416344E-11
   310.0 0.7996864E-11
   311.0 0.5600031E-11
   312.0 0.2259709E-11
   313.0 -.1962311E-11
   314.0 -.6977085E-11
   315.0 -.1266978E-10
   316.0 -.1890235E-10
   317.0 -.2551599E-10
   318.0 -.3233516E-10
   319.0 -.3917150E-10
   320.0 -.4582860E-10
   321.0 -.5210692E-10
   322.0 -.5780905E-10
   323.0 -.6274521E-10
   324.0 -.6673846E-10
   325.0 -.6962991E-10
   326.0 -.7128361E-10
   327.0 -.7159108E-10
   328.0 -.7047474E-10
   329.0 -.6789160E-10
   330.0 -.6383503E-10
   331.0 -.5833672E-10
   332.0 -.5146652E-10
   333.0 -.4333242E-10
   334.0 -.3407859E-10
   335.0 -.2388280E-10
   336.0 -.1295307E-10
   337.0 -.1522594E-11
   338.0 0.1015506E-10
   339.0 0.2181266E-10
   340.0 0.3317556E-10
   341.0 0.4396913E-10
   342.0 0.5392627E-10
   343.0 0.6279479E-10
   344.0 0.7034472E-10
   345.0 0.7637575E-10
   346.0 0.8072345E-10
   347.0 0.8326565E-10
   348.0 0.8392690E-10
   349.0 0.8268307E-10
   350.0 0.7956360E-10
   351.0 0.7465346E-10
   352.0 0.6809311E-10
   353.0 0.6007725E-10
   354.0 0.5085195E-10
   355.0 0.4071050E-10
   356.0 0.2998785E-10
   357.0 0.1905391E-10
   358.0 0.8304878E-11
   359.0 -.1845110E-11
   360.0 -.1097469E-10
   361.0 -.1866499E-10
   362.0 -.2451116E-10
   363.0 -.2813308E-10
   364.0 -.2918643E-10
   365.0 -.2737272E-10
   366.0 -.2244963E-10
   367.0 -.1423895E-10
   368.0 -.2634629E-11
   369.0 0.1239121E-10
   370.0 0.3078385E-10
   371.0 0.5240412E-10
   372.0 0.7702668E-10
   373.0 0.1043424E-09
   374.0 0.1339613E-09
   375.0 0.1654186E-09
   376.0 0.1981822E-09
   377.0 0.2316619E-09
   378.0 0.2652212E-09
   379.0 0.2981899E-09
   380.0 0.3298790E-09
   381.0 0.3595934E-09
   382.0 0.3866513E-09
   383.0 0.4103976E-09
   384.0 0.4302211E-09
   385.0 0.4455705E-09
   386.0 0.4559693E-09
   387.0 0.4610279E-09
   388.0 0.4604591E-09
   389.0 0.4540851E-09
   390.0 0.4418493E-09
   391.0 0.4238185E-09
   392.0 0.4001887E-09
   393.0 0.3712845E-09
   394.0 0.3375567E-09
   395.0 0.2995770E-09
   396.0 0.2580301E-09
   397.0 0.2137010E-09
   398.0 0.1674637E-09
   399.0 0.1202624E-09
   400.0 0.7309487E-10
   401.0 0.2699160E-10
   402.0 -.1700525E-10
   403.0 -.5786566E-10
   404.0 -.9459270E-10
   405.0 -.1262476E-09
   406.0 -.1519711E-09
   407.0 -.1710050E-09
   408.0 -.1827130E-09
   409.0 -.1865973E-09
   410.0 -.1823151E-09
   411.0 -.1696912E-09
   412.0 -.1487264E-09
   413.0 -.1196049E-09
   414.0 -.8269583E-10
   415.0 -.3855032E-10
   416.0 0.1210317E-10
   417.0 0.6836805E-10
   418.0 0.1291951E-09
   419.0 0.1933983E-09
   420.0 0.2596764E-09
   421.0 0.3266364E-09
   422.0 0.3928208E-09
   423.0 0.4567352E-09
   424.0 0.5168805E-09
   425.0 0.5717819E-09
   426.0 0.6200236E-09
   427.0 0.6602779E-09
   428.0 0.6913382E-09
   429.0 0.7121462E-09
   430.0 0.7218185E-09
   431.0 0.7196743E-09
   432.0 0.7052515E-09
   433.0 0.6783246E-09
   434.0 0.6389206E-09
   435.0 0.5873222E-09
   436.0 0.5240695E-09
   437.0 0.4499642E-09
   438.0 0.3660525E-09
   439.0 0.2736189E-09
   440.0 0.1741637E-09
   441.0 0.6938112E-10
   442.0 -.3886883E-10
   443.0 -.1485932E-09
   444.0 -.2577013E-09
   445.0 -.3640438E-09
   446.0 -.4654530E-09
   447.0 -.5597878E-09
   448.0 -.6449737E-09
   449.0 -.7190485E-09
   450.0 -.7802052E-09
   451.0 -.8268295E-09
   452.0 -.8575420E-09
   453.0 -.8712274E-09
   454.0 -.8670710E-09
   455.0 -.8445788E-09
   456.0 -.8035997E-09
   457.0 -.7443413E-09
   458.0 -.6673740E-09
   459.0 -.5736325E-09
   460.0 -.4644107E-09
   461.0 -.3413496E-09
   462.0 -.2064128E-09
   463.0 -.6186406E-10
   464.0 0.8976685E-10
   465.0 0.2457250E-09
   466.0 0.4030719E-09
   467.0 0.5587368E-09
   468.0 0.7095692E-09
   469.0 0.8523910E-09
   470.0 0.9840604E-09
   471.0 0.1101525E-08
   472.0 0.1201880E-08
   473.0 0.1282432E-08
   474.0 0.1340751E-08
   475.0 0.1374710E-08
   476.0 0.1382555E-08
   477.0 0.1362926E-08
   478.0 0.1314912E-08
   479.0 0.1238056E-08
   480.0 0.1132403E-08
   481.0 0.9984916E-09
   482.0 0.8373705E-09
   483.0 0.6505887E-09
   484.0 0.4401873E-09
   485.0 0.2086709E-09
   486.0 -.4101773E-10
   487.0 -.3055416E-09
   488.0 -.5812122E-09
   489.0 -.8640454E-09
   490.0 -.1149825E-08
   491.0 -.1434161E-08
   492.0 -.1712572E-08
   493.0 -.1980543E-08
   494.0 -.2233609E-08
   495.0 -.2467441E-08
   496.0 -.2677901E-08
   497.0 -.2861132E-08
   498.0 -.3013608E-08
   499.0 -.3132239E-08
   500.0 -.3214379E-08
   501.0 -.3257923E-08
   502.0 -.3261329E-08
   503.0 -.3223649E-08
   504.0 -.3144584E-08
   505.0 -.3024468E-08
   506.0 -.2864305E-08
   507.0 -.2665725E-08
   508.0 -.2431015E-08
   509.0 -.2163052E-08
   510.0 -.1865284E-08
   511.0 -.1541682E-08
   512.0 -.1196685E-08
   513.0 -.8351296E-09
   514.0 -.4621771E-09
   515.0 -.8323791E-10
   516.0 0.2961136E-09
   517.0 0.6702273E-09
   518.0 0.1033469E-08
   519.0 0.1380307E-08
   520.0 0.1705407E-08
   521.0 0.2003717E-08
   522.0 0.2270551E-08
   523.0 0.2501676E-08
   524.0 0.2693365E-08
   525.0 0.2842492E-08
   526.0 0.2946542E-08
   527.0 0.3003706E-08
   528.0 0.3012889E-08
   529.0 0.2973723E-08
   530.0 0.2886599E-08
   531.0 0.2752659E-08
   532.0 0.2573773E-08
   533.0 0.2352523E-08
   534.0 0.2092162E-08
   535.0 0.1796563E-08
   536.0 0.1470159E-08
   537.0 0.1117878E-08
   538.0 0.7450676E-09
   539.0 0.3573996E-09
   540.0 -.3921275E-10
   541.0 -.4387032E-09
   542.0 -.8349631E-09
   543.0 -.1221929E-08
   544.0 -.1593681E-08
   545.0 -.1944551E-08
   546.0 -.2269185E-08
   547.0 -.2562657E-08
   548.0 -.2820542E-08
   549.0 -.3038975E-08
   550.0 -.3214720E-08
   551.0 -.3345230E-08
   552.0 -.3428661E-08
   553.0 -.3463934E-08
   554.0 -.3450719E-08
   555.0 -.3389471E-08
   556.0 -.3281378E-08
   557.0 -.3128382E-08
   558.0 -.2933117E-08
   559.0 -.2698871E-08
   560.0 -.2429539E-08
   561.0 -.2129541E-08
   562.0 -.1803759E-08
   563.0 -.1457455E-08
   564.0 -.1096180E-08
   565.0 -.7256779E-09
   566.0 -.3517985E-09
   567.0 0.1960046E-10
   568.0 0.3827518E-09
   569.0 0.7320706E-09
   570.0 0.1062246E-08
   571.0 0.1368326E-08
   572.0 0.1645798E-08
   573.0 0.1890654E-08
   574.0 0.2099468E-08
   575.0 0.2269425E-08
   576.0 0.2398391E-08
   577.0 0.2484914E-08
   578.0 0.2528267E-08
   579.0 0.2528452E-08
   580.0 0.2486174E-08
   581.0 0.2402846E-08
   582.0 0.2280560E-08
   583.0 0.2122016E-08
   584.0 0.1930520E-08
   585.0 0.1709873E-08
   586.0 0.1464351E-08
   587.0 0.1198581E-08
   588.0 0.9174966E-09
   589.0 0.6262307E-09
   590.0 0.3300326E-09
   591.0 0.3417153E-10
   592.0 -.2561490E-09
   593.0 -.5358921E-09
   594.0 -.8002616E-09
   595.0 -.1044799E-08
   596.0 -.1265451E-08
   597.0 -.1458644E-08
   598.0 -.1621349E-08
   599.0 -.1751121E-08
   600.0 -.1846165E-08
   601.0 -.1905338E-08
   602.0 -.1928194E-08
   603.0 -.1914970E-08
   604.0 -.1866596E-08
   605.0 -.1784667E-08
   606.0 -.1671421E-08
   607.0 -.1529696E-08
   608.0 -.1362870E-08
   609.0 -.1174810E-08
   610.0 -.9697891E-09
   611.0 -.7524154E-09
   612.0 -.5275428E-09
   613.0 -.3001772E-09
   614.0 -.7537844E-10
   615.0 0.1418307E-09
   616.0 0.3465653E-09
   617.0 0.5341790E-09
   618.0 0.7003520E-09
   619.0 0.8411822E-09
   620.0 0.9532723E-09
   621.0 0.1033796E-08
   622.0 0.1080564E-08
   623.0 0.1092087E-08
   624.0 0.1067610E-08
   625.0 0.1007134E-08
   626.0 0.9114492E-09
   627.0 0.7821208E-09
   628.0 0.6214752E-09
   629.0 0.4325854E-09
   630.0 0.2192088E-09
   631.0 -.1426226E-10
   632.0 -.2628662E-09
   633.0 -.5211656E-09
   634.0 -.7833372E-09
   635.0 -.1043271E-08
   636.0 -.1294693E-08
   637.0 -.1531275E-08
   638.0 -.1746762E-08
   639.0 -.1935096E-08
   640.0 -.2090534E-08
   641.0 -.2207773E-08
   642.0 -.2282081E-08
   643.0 -.2309380E-08
   644.0 -.2286353E-08
   645.0 -.2210554E-08
   646.0 -.2080449E-08
   647.0 -.1895500E-08
   648.0 -.1656192E-08
   649.0 -.1364069E-08
   650.0 -.1021733E-08
   651.0 -.6328181E-09
   652.0 -.2019765E-09
   653.0 0.2651912E-09
   654.0 0.7622084E-09
   655.0 0.1281810E-08
   656.0 0.1816058E-08
   657.0 0.2356465E-08
   658.0 0.2894141E-08
   659.0 0.3419933E-08
   660.0 0.3924598E-08
   661.0 0.4398966E-08
   662.0 0.4834101E-08
   663.0 0.5221493E-08
   664.0 0.5553217E-08
   665.0 0.5822078E-08
   666.0 0.6021797E-08
   667.0 0.6147128E-08
   668.0 0.6193986E-08
   669.0 0.6159569E-08
   670.0 0.6042415E-08
   671.0 0.5842493E-08
   672.0 0.5561266E-08
   673.0 0.5201618E-08
   674.0 0.4767939E-08
   675.0 0.4266020E-08
   676.0 0.3703020E-08
   677.0 0.3087358E-08
   678.0 0.2428578E-08
   679.0 0.1737246E-08
   680.0 0.1024749E-08
   681.0 0.3031205E-09
   682.0 -.4151538E-09
   683.0 -.1117355E-08
   684.0 -.1790759E-08
   685.0 -.2422851E-08
   686.0 -.3001582E-08
   687.0 -.3515553E-08
   688.0 -.3954287E-08
   689.0 -.4308398E-08
   690.0 -.4569792E-08
   691.0 -.4731868E-08
   692.0 -.4789632E-08
   693.0 -.4739843E-08
   694.0 -.4581102E-08
   695.0 -.4313935E-08
   696.0 -.3940789E-08
   697.0 -.3466057E-08
   698.0 -.2896037E-08
   699.0 -.2238860E-08
   700.0 -.1504364E-08
   701.0 -.7039824E-09
   702.0 0.1494435E-09
   703.0 0.1041860E-08
   704.0 0.1958231E-08
   705.0 0.2882776E-08
   706.0 0.3799241E-08
   707.0 0.4691179E-08
   708.0 0.5542227E-08
   709.0 0.6336404E-08
   710.0 0.7058399E-08
   711.0 0.7693854E-08
   712.0 0.8229645E-08
   713.0 0.8654103E-08
   714.0 0.8957299E-08
   715.0 0.9131183E-08
   716.0 0.9169826E-08
   717.0 0.9069523E-08
   718.0 0.8828918E-08
   719.0 0.8449059E-08
   720.0 0.7933456E-08
   721.0 0.7287998E-08
   722.0 0.6520989E-08
   723.0 0.5642975E-08
   724.0 0.4666640E-08
   725.0 0.3606613E-08
   726.0 0.2479287E-08
   727.0 0.1302534E-08
   728.0 0.9544861E-10
   729.0 -.1121954E-08
   730.0 -.2329050E-08
   731.0 -.3504955E-08
   732.0 -.4628856E-08
   733.0 -.5680373E-08
   734.0 -.6639886E-08
   735.0 -.7488900E-08
   736.0 -.8210313E-08
   737.0 -.8788802E-08
   738.0 -.9211053E-08
   739.0 -.9465999E-08
   740.0 -.9545111E-08
   741.0 -.9442486E-08
   742.0 -.9155062E-08
   743.0 -.8682675E-08
   744.0 -.8028142E-08
   745.0 -.7197236E-08
   746.0 -.6198714E-08
   747.0 -.5044099E-08
   748.0 -.3747727E-08
   749.0 -.2326410E-08
   750.0 -.7993229E-09
   751.0 0.8122851E-09
   752.0 0.2485383E-08
   753.0 0.4195464E-08
   754.0 0.5916884E-08
   755.0 0.7623270E-08
   756.0 0.9287783E-08
   757.0 0.1088370E-07
   758.0 0.1238458E-07
   759.0 0.1376482E-07
   760.0 0.1499998E-07
   761.0 0.1606711E-07
   762.0 0.1694519E-07
   763.0 0.1761533E-07
   764.0 0.1806120E-07
   765.0 0.1826918E-07
   766.0 0.1822860E-07
   767.0 0.1793200E-07
   768.0 0.1737514E-07
   769.0 0.1655726E-07
   770.0 0.1548098E-07
   771.0 0.1415228E-07
   772.0 0.1258064E-07
   773.0 0.1077873E-07
   774.0 0.8762426E-08
   775.0 0.6550518E-08
   776.0 0.4164539E-08
   777.0 0.1628491E-08
   778.0 -.1031467E-08
   779.0 -.3787311E-08
   780.0 -.6609546E-08
   781.0 -.9467543E-08
   782.0 -.1232995E-07
   783.0 -.1516509E-07
   784.0 -.1794135E-07
   785.0 -.2062755E-07
   786.0 -.2319342E-07
   787.0 -.2560991E-07
   788.0 -.2784956E-07
   789.0 -.2988685E-07
   790.0 -.3169865E-07
   791.0 -.3326409E-07
   792.0 -.3456541E-07
   793.0 -.3558770E-07
   794.0 -.3631927E-07
   795.0 -.3675170E-07
   796.0 -.3687996E-07
   797.0 -.3670247E-07
   798.0 -.3622112E-07
   799.0 -.3544111E-07
   800.0 -.3437102E-07
   801.0 -.3302245E-07
   802.0 -.3141003E-07
   803.0 -.2955124E-07
   804.0 -.2746594E-07
   805.0 -.2517621E-07
   806.0 -.2270624E-07
   807.0 -.2008171E-07
   808.0 -.1732948E-07
   809.0 -.1447754E-07
   810.0 -.1155424E-07
   811.0 -.8588254E-08
   812.0 -.5608009E-08
   813.0 -.2641459E-08
   814.0 0.2842991E-09
   815.0 0.3143319E-08
   816.0 0.5911134E-08
   817.0 0.8565000E-08
   818.0 0.1108412E-07
   819.0 0.1344989E-07
   820.0 0.1564602E-07
   821.0 0.1765872E-07
   822.0 0.1947671E-07
   823.0 0.2109140E-07
   824.0 0.2249676E-07
   825.0 0.2368937E-07
   826.0 0.2466842E-07
   827.0 0.2543541E-07
   828.0 0.2599427E-07
   829.0 0.2635098E-07
   830.0 0.2651355E-07
   831.0 0.2649163E-07
   832.0 0.2629648E-07
   833.0 0.2594051E-07
   834.0 0.2543718E-07
   835.0 0.2480071E-07
   836.0 0.2404573E-07
   837.0 0.2318708E-07
   838.0 0.2223960E-07
   839.0 0.2121789E-07
   840.0 0.2013590E-07
   841.0 0.1900707E-07
   842.0 0.1784381E-07
   843.0 0.1665764E-07
   844.0 0.1545889E-07
   845.0 0.1425672E-07
   846.0 0.1305897E-07
   847.0 0.1187220E-07
   848.0 0.1070174E-07
   849.0 0.9551644E-08
   850.0 0.8424755E-08
   851.0 0.7322961E-08
   852.0 0.6247077E-08
   853.0 0.5197174E-08
   854.0 0.4172642E-08
   855.0 0.3172395E-08
   856.0 0.2195009E-08
   857.0 0.1238945E-08
   858.0 0.3026795E-09
   859.0 -.6150800E-09
   860.0 -.1515286E-08
   861.0 -.2398361E-08
   862.0 -.3264110E-08
   863.0 -.4111602E-08
   864.0 -.4939094E-08
   865.0 -.5744005E-08
   866.0 -.6522864E-08
   867.0 -.7271364E-08
   868.0 -.7984365E-08
   869.0 -.8656005E-08
   870.0 -.9279800E-08
   871.0 -.9848756E-08
   872.0 -.1035551E-07
   873.0 -.1079260E-07
   874.0 -.1115256E-07
   875.0 -.1142814E-07
   876.0 -.1161256E-07
   877.0 -.1169972E-07
   878.0 -.1168441E-07
   879.0 -.1156249E-07
   880.0 -.1133110E-07
   881.0 -.1098883E-07
   882.0 -.1053585E-07
   883.0 -.9974049E-08
   884.0 -.9307120E-08
   885.0 -.8540572E-08
   886.0 -.7681699E-08
   887.0 -.6739668E-08
   888.0 -.5725326E-08
   889.0 -.4651084E-08
   890.0 -.3530824E-08
   891.0 -.2379623E-08
   892.0 -.1213546E-08
   893.0 -.4935785E-10
   894.0 0.1095766E-08
   895.0 0.2204575E-08
   896.0 0.3260058E-08
   897.0 0.4245812E-08
   898.0 0.5146370E-08
   899.0 0.5947548E-08
   900.0 0.6636756E-08
   901.0 0.7203310E-08
   902.0 0.7638691E-08
   903.0 0.7936762E-08
   904.0 0.8093995E-08
   905.0 0.8109549E-08
   906.0 0.7985391E-08
   907.0 0.7726305E-08
   908.0 0.7339824E-08
   909.0 0.6836169E-08
   910.0 0.6228051E-08
   911.0 0.5530435E-08
   912.0 0.4760278E-08
   913.0 0.3936178E-08
   914.0 0.3077966E-08
   915.0 0.2206293E-08
   916.0 0.1342173E-08
   917.0 0.5064740E-09
   918.0 -.2805707E-09
   919.0 -.9998539E-09
   920.0 -.1633915E-08
   921.0 -.2167372E-08
   922.0 -.2587409E-08
   923.0 -.2884111E-08
   924.0 -.3050859E-08
   925.0 -.3084573E-08
   926.0 -.2985923E-08
   927.0 -.2759451E-08
   928.0 -.2413590E-08
   929.0 -.1960626E-08
   930.0 -.1416531E-08
   931.0 -.8007142E-09
   932.0 -.1356835E-09
   933.0 0.5533793E-09
   934.0 0.1239134E-08
   935.0 0.1892679E-08
   936.0 0.2484176E-08
   937.0 0.2983594E-08
   938.0 0.3361433E-08
   939.0 0.3589465E-08
   940.0 0.3641573E-08
   941.0 0.3494454E-08
   942.0 0.3128405E-08
   943.0 0.2527976E-08
   944.0 0.1682640E-08
   945.0 0.5873059E-09
   946.0 -.7572074E-09
   947.0 -.2343813E-08
   948.0 -.4158951E-08
   949.0 -.6182550E-08
   950.0 -.8387980E-08
   951.0 -.1074235E-07
   952.0 -.1320678E-07
   953.0 -.1573705E-07
   954.0 -.1828411E-07
   955.0 -.2079487E-07
   956.0 -.2321334E-07
   957.0 -.2548135E-07
   958.0 -.2753997E-07
   959.0 -.2933048E-07
   960.0 -.3079593E-07
   961.0 -.3188227E-07
   962.0 -.3253957E-07
   963.0 -.3272360E-07
   964.0 -.3239691E-07
   965.0 -.3152994E-07
   966.0 -.3010231E-07
   967.0 -.2810352E-07
   968.0 -.2553394E-07
   969.0 -.2240530E-07
   970.0 -.1874106E-07
   971.0 -.1457667E-07
   972.0 -.9959526E-08
   973.0 -.4948592E-08
   974.0 0.3860658E-09
   975.0 0.5964122E-08
   976.0 0.1169600E-07
   977.0 0.1748420E-07
   978.0 0.2322468E-07
   979.0 0.2880882E-07
   980.0 0.3412489E-07
   981.0 0.3906048E-07
   982.0 0.4350443E-07
   983.0 0.4734914E-07
   984.0 0.5049271E-07
   985.0 0.5284134E-07
   986.0 0.5431149E-07
   987.0 0.5483203E-07
   988.0 0.5434635E-07
   989.0 0.5281374E-07
   990.0 0.5021154E-07
   991.0 0.4653598E-07
   992.0 0.4180361E-07
   993.0 0.3605167E-07
   994.0 0.2933873E-07
   995.0 0.2174428E-07
   996.0 0.1336865E-07
   997.0 0.4331981E-08
   998.0 -.5227017E-08
   999.0 -.1515262E-07
  1000.0 -.2527422E-07
  1001.0 -.3540859E-07
  1002.0 -.4536268E-07
  1003.0 -.5493673E-07
  1004.0 -.6392717E-07
  1005.0 -.7213070E-07
  1006.0 -.7934716E-07
  1007.0 -.8538397E-07
  1008.0 -.9005919E-07
  1009.0 -.9320587E-07
  1010.0 -.9467495E-07
  1011.0 -.9433929E-07
  1012.0 -.9209627E-07
  1013.0 -.8787116E-07
  1014.0 -.8161922E-07
  1015.0 -.7332813E-07
  1016.0 -.6301865E-07
  1017.0 -.5074721E-07
  1018.0 -.3660492E-07
  1019.0 -.2071840E-07
  1020.0 -.3248665E-08
  1021.0 0.1560997E-07
  1022.0 0.3563192E-07
  1023.0 0.5656282E-07
  1024.0 0.7812260E-07
  1025.0 0.1000088E-06
  1026.0 0.1219015E-06
  1027.0 0.1434670E-06
  1028.0 0.1643627E-06
  1029.0 0.1842431E-06
  1030.0 0.2027647E-06
  1031.0 0.2195914E-06
  1032.0 0.2344006E-06
  1033.0 0.2468877E-06
  1034.0 0.2567741E-06
  1035.0 0.2638086E-06
  1036.0 0.2677741E-06
  1037.0 0.2684934E-06
  1038.0 0.2658314E-06
  1039.0 0.2596975E-06
  1040.0 0.2500522E-06
  1041.0 0.2369024E-06
  1042.0 0.2203106E-06
  1043.0 0.2003885E-06
  1044.0 0.1773013E-06
  1045.0 0.1512631E-06
  1046.0 0.1225363E-06
  1047.0 0.9142931E-07
  1048.0 0.5829163E-07
  1049.0 0.2351009E-07
  1050.0 -.1249658E-07
  1051.0 -.4928316E-07
  1052.0 -.8638438E-07
  1053.0 -.1233213E-06
  1054.0 -.1596088E-06
  1055.0 -.1947624E-06
  1056.0 -.2283061E-06
  1057.0 -.2597785E-06
  1058.0 -.2887415E-06
  1059.0 -.3147863E-06
  1060.0 -.3375410E-06
  1061.0 -.3566743E-06
  1062.0 -.3719044E-06
  1063.0 -.3830007E-06
  1064.0 -.3897910E-06
  1065.0 -.3921619E-06
  1066.0 -.3900617E-06
  1067.0 -.3835034E-06
  1068.0 -.3725649E-06
  1069.0 -.3573842E-06
  1070.0 -.3381646E-06
  1071.0 -.3151671E-06
  1072.0 -.2887070E-06
  1073.0 -.2591537E-06
  1074.0 -.2269193E-06
  1075.0 -.1924573E-06
  1076.0 -.1562536E-06
  1077.0 -.1188198E-06
  1078.0 -.8068507E-07
  1079.0 -.4238848E-07
  1080.0 -.4470543E-08
  1081.0 0.3253540E-07
  1082.0 0.6811113E-07
  1083.0 0.1017618E-06
  1084.0 0.1330235E-06
  1085.0 0.1614709E-06
  1086.0 0.1867232E-06
  1087.0 0.2084518E-06
  1088.0 0.2263825E-06
  1089.0 0.2403020E-06
  1090.0 0.2500624E-06
  1091.0 0.2555796E-06
  1092.0 0.2568376E-06
  1093.0 0.2538875E-06
  1094.0 0.2468473E-06
  1095.0 0.2358994E-06
  1096.0 0.2212867E-06
  1097.0 0.2033098E-06
  1098.0 0.1823213E-06
  1099.0 0.1587206E-06
  1100.0 0.1329460E-06
  1101.0 0.1054696E-06
  1102.0 0.7678648E-07
  1103.0 0.4740968E-07
  1104.0 0.1785995E-07
  1105.0 -.1134265E-07
  1106.0 -.3968670E-07
  1107.0 -.6667812E-07
  1108.0 -.9184826E-07
  1109.0 -.1147610E-06
  1110.0 -.1350209E-06
  1111.0 -.1522784E-06
  1112.0 -.1662358E-06
  1113.0 -.1766523E-06
  1114.0 -.1833476E-06
  1115.0 -.1862037E-06
  1116.0 -.1851686E-06
  1117.0 -.1802545E-06
  1118.0 -.1715398E-06
  1119.0 -.1591652E-06
  1120.0 -.1433327E-06
  1121.0 -.1243011E-06
  1122.0 -.1023828E-06
  1123.0 -.7793616E-07
  1124.0 -.5136148E-07
  1125.0 -.2309315E-07
  1126.0 0.6407256E-08
  1127.0 0.3665920E-07
  1128.0 0.6717050E-07
  1129.0 0.9744632E-07
  1130.0 0.1269961E-06
  1131.0 0.1553435E-06
  1132.0 0.1820315E-06
  1133.0 0.2066324E-06
  1134.0 0.2287529E-06
  1135.0 0.2480415E-06
  1136.0 0.2641918E-06
  1137.0 0.2769507E-06
  1138.0 0.2861186E-06
  1139.0 0.2915554E-06
  1140.0 0.2931783E-06
  1141.0 0.2909672E-06
  1142.0 0.2849618E-06
  1143.0 0.2752607E-06
  1144.0 0.2620193E-06
  1145.0 0.2454483E-06
  1146.0 0.2258074E-06
  1147.0 0.2034016E-06
  1148.0 0.1785757E-06
  1149.0 0.1517090E-06
  1150.0 0.1232082E-06
  1151.0 0.9349986E-07
  1152.0 0.6302442E-07
  1153.0 0.3222807E-07
  1154.0 0.1555787E-08
  1155.0 -.2855572E-07
  1156.0 -.5768501E-07
  1157.0 -.8543272E-07
  1158.0 -.1114278E-06
  1159.0 -.1353316E-06
  1160.0 -.1568459E-06
  1161.0 -.1757132E-06
  1162.0 -.1917236E-06
  1163.0 -.2047154E-06
  1164.0 -.2145771E-06
  1165.0 -.2212489E-06
  1166.0 -.2247224E-06
  1167.0 -.2250391E-06
  1168.0 -.2222903E-06
  1169.0 -.2166119E-06
  1170.0 -.2081847E-06
  1171.0 -.1972272E-06
  1172.0 -.1839931E-06
  1173.0 -.1687657E-06
  1174.0 -.1518524E-06
  1175.0 -.1335799E-06
  1176.0 -.1142864E-06
  1177.0 -.9431761E-07
  1178.0 -.7402017E-07
  1179.0 -.5373505E-07
  1180.0 -.3379282E-07
  1181.0 -.1450804E-07
  1182.0 0.3825886E-08
  1183.0 0.2094088E-07
  1184.0 0.3659817E-07
  1185.0 0.5059160E-07
  1186.0 0.6275033E-07
  1187.0 0.7294089E-07
  1188.0 0.8106801E-07
  1189.0 0.8707607E-07
  1190.0 0.9094786E-07
  1191.0 0.9270493E-07
  1192.0 0.9240487E-07
  1193.0 0.9014022E-07
  1194.0 0.8603580E-07
  1195.0 0.8024449E-07
  1196.0 0.7294517E-07
  1197.0 0.6433748E-07
  1198.0 0.5463826E-07
  1199.0 0.4407719E-07
  1200.0 0.3289193E-07
  1201.0 0.2132377E-07
  1202.0 0.9613006E-08
  1203.0 -.2005293E-08
  1204.0 -.1330548E-07
  1205.0 -.2407524E-07
  1206.0 -.3411911E-07
  1207.0 -.4326143E-07
  1208.0 -.5134921E-07
  1209.0 -.5825430E-07
  1210.0 -.6387488E-07
  1211.0 -.6813660E-07
  1212.0 -.7099338E-07
  1213.0 -.7242723E-07
  1214.0 -.7244786E-07
  1215.0 -.7109200E-07
  1216.0 -.6842087E-07
  1217.0 -.6451970E-07
  1218.0 -.5949459E-07
  1219.0 -.5347010E-07
  1220.0 -.4658638E-07
  1221.0 -.3899617E-07
  1222.0 -.3086123E-07
  1223.0 -.2234919E-07
  1224.0 -.1363056E-07
  1225.0 -.4874723E-08
  1226.0 0.3752783E-08
  1227.0 0.1209346E-07
  1228.0 0.1999869E-07
  1229.0 0.2733226E-07
  1230.0 0.3397266E-07
  1231.0 0.3981495E-07
  1232.0 0.4477231E-07
  1233.0 0.4877719E-07
  1234.0 0.5178214E-07
  1235.0 0.5376019E-07
  1236.0 0.5470453E-07
  1237.0 0.5462825E-07
  1238.0 0.5356370E-07
  1239.0 0.5156102E-07
  1240.0 0.4868710E-07
  1241.0 0.4502306E-07
  1242.0 0.4066325E-07
  1243.0 0.3571233E-07
  1244.0 0.3028330E-07
  1245.0 0.2449500E-07
  1246.0 0.1846970E-07
  1247.0 0.1233065E-07
  1248.0 0.6199518E-08
  1249.0 0.1943489E-09
  1250.0 -.5572813E-08
  1251.0 -.1099781E-07
  1252.0 -.1598616E-07
  1253.0 -.2045472E-07
  1254.0 -.2433276E-07
  1255.0 -.2756312E-07
  1256.0 -.3010289E-07
  1257.0 -.3192381E-07
  1258.0 -.3301227E-07
  1259.0 -.3336935E-07
  1260.0 -.3301026E-07
  1261.0 -.3196356E-07
  1262.0 -.3027026E-07
  1263.0 -.2798273E-07
  1264.0 -.2516316E-07
  1265.0 -.2188223E-07
  1266.0 -.1821729E-07
  1267.0 -.1425088E-07
  1268.0 -.1006873E-07
  1269.0 -.5758139E-08
  1270.0 -.1406190E-08
  1271.0 0.2901968E-08
  1272.0 0.7084678E-08
  1273.0 0.1106529E-07
  1274.0 0.1477351E-07
  1275.0 0.1814649E-07
  1276.0 0.2112992E-07
  1277.0 0.2367872E-07
  1278.0 0.2575776E-07
  1279.0 0.2734204E-07
  1280.0 0.2841685E-07
  1281.0 0.2897794E-07
  1282.0 0.2903107E-07
  1283.0 0.2859145E-07
  1284.0 0.2768349E-07
  1285.0 0.2633952E-07
  1286.0 0.2459928E-07
  1287.0 0.2250867E-07
  1288.0 0.2011871E-07
  1289.0 0.1748427E-07
  1290.0 0.1466298E-07
  1291.0 0.1171383E-07
  1292.0 0.8696057E-08
  1293.0 0.5668000E-08
  1294.0 0.2685843E-08
  1295.0 -.1973137E-09
  1296.0 -.2932406E-08
  1297.0 -.5475244E-08
  1298.0 -.7787206E-08
  1299.0 -.9835771E-08
  1300.0 -.1159493E-07
  1301.0 -.1304542E-07
  1302.0 -.1417489E-07
  1303.0 -.1497780E-07
  1304.0 -.1545533E-07
  1305.0 -.1561495E-07
  1306.0 -.1547006E-07
  1307.0 -.1503944E-07
  1308.0 -.1434675E-07
  1309.0 -.1341957E-07
  1310.0 -.1228891E-07
  1311.0 -.1098824E-07
  1312.0 -.9552759E-08
  1313.0 -.8018572E-08
  1314.0 -.6421890E-08
  1315.0 -.4798228E-08
  1316.0 -.3181708E-08
  1317.0 -.1604433E-08
  1318.0 -.9585821E-10
  1319.0 0.1317689E-08
  1320.0 0.2613414E-08
  1321.0 0.3772402E-08
  1322.0 0.4779771E-08
  1323.0 0.5624851E-08
  1324.0 0.6301152E-08
  1325.0 0.6806298E-08
  1326.0 0.7141866E-08
  1327.0 0.7313114E-08
  1328.0 0.7328662E-08
  1329.0 0.7200156E-08
  1330.0 0.6941693E-08
  1331.0 0.6569499E-08
  1332.0 0.6101320E-08
  1333.0 0.5555958E-08
  1334.0 0.4952692E-08
  1335.0 0.4310862E-08
  1336.0 0.3649294E-08
  1337.0 0.2985908E-08
  1338.0 0.2337278E-08
  1339.0 0.1718312E-08
  1340.0 0.1141919E-08
  1341.0 0.6188030E-09
  1342.0 0.1572967E-09
  1343.0 -.2367609E-09
  1344.0 -.5599963E-09
  1345.0 -.8115251E-09
  1346.0 -.9928146E-09
  1347.0 -.1107505E-08
  1348.0 -.1161230E-08
  1349.0 -.1161326E-08
  1350.0 -.1116548E-08
  1351.0 -.1036721E-08
  1352.0 -.9324115E-09
  1353.0 -.8145611E-09
  1354.0 -.6941138E-09
  1355.0 -.5816784E-09
  1356.0 -.4871904E-09
  1357.0 -.4196063E-09
  1358.0 -.3866411E-09
  1359.0 -.3945060E-09
  1360.0 -.4477571E-09
  1361.0 -.5491430E-09
  1362.0 -.6995125E-09
  1363.0 -.8978011E-09
  1364.0 -.1141055E-08
  1365.0 -.1424507E-08
  1366.0 -.1741701E-08
  1367.0 -.2084686E-08
  1368.0 -.2444221E-08
  1369.0 -.2810040E-08
  1370.0 -.3171130E-08
  1371.0 -.3516046E-08
  1372.0 -.3833232E-08
  1373.0 -.4111357E-08
  1374.0 -.4339617E-08
  1375.0 -.4508057E-08
  1376.0 -.4607892E-08
  1377.0 -.4631763E-08
  1378.0 -.4573945E-08
  1379.0 -.4430590E-08
  1380.0 -.4199842E-08
  1381.0 -.3881982E-08
  1382.0 -.3479447E-08
  1383.0 -.2996830E-08
  1384.0 -.2440879E-08
  1385.0 -.1820317E-08
  1386.0 -.1145752E-08
  1387.0 -.4294354E-09
  1388.0 0.3149675E-09
  1389.0 0.1072664E-08
  1390.0 0.1828048E-08
  1391.0 0.2565033E-08
  1392.0 0.3267425E-08
  1393.0 0.3919276E-08
  1394.0 0.4505240E-08
  1395.0 0.5010960E-08
  1396.0 0.5423394E-08
  1397.0 0.5731126E-08
  1398.0 0.5924681E-08
  1399.0 0.5996778E-08
  1400.0 0.5942490E-08
  1401.0 0.5759492E-08
  1402.0 0.5448083E-08
  1403.0 0.5011320E-08
  1404.0 0.4454946E-08
  1405.0 0.3787392E-08
  1406.0 0.3019613E-08
  1407.0 0.2164935E-08
  1408.0 0.1238839E-08
  1409.0 0.2586918E-09
  1410.0 -.7565881E-09
  1411.0 -.1786862E-08
  1412.0 -.2811165E-08
  1413.0 -.3808089E-08
  1414.0 -.4756235E-08
  1415.0 -.5634595E-08
  1416.0 -.6423019E-08
  1417.0 -.7102592E-08
  1418.0 -.7656036E-08
  1419.0 -.8068105E-08
  1420.0 -.8325877E-08
  1421.0 -.8419045E-08
  1422.0 -.8340233E-08
  1423.0 -.8085133E-08
  1424.0 -.7652586E-08
  1425.0 -.7044823E-08
  1426.0 -.6267309E-08
  1427.0 -.5328814E-08
  1428.0 -.4241267E-08
  1429.0 -.3019603E-08
  1430.0 -.1681524E-08
  1431.0 -.2472489E-09
  1432.0 0.1260827E-08
  1433.0 0.2818491E-08
  1434.0 0.4400103E-08
  1435.0 0.5979056E-08
  1436.0 0.7528195E-08
  1437.0 0.9020312E-08
  1438.0 0.1042859E-07
  1439.0 0.1172707E-07
  1440.0 0.1289116E-07
  1441.0 0.1389800E-07
  1442.0 0.1472691E-07
  1443.0 0.1535976E-07
  1444.0 0.1578127E-07
  1445.0 0.1597939E-07
  1446.0 0.1594540E-07
  1447.0 0.1567421E-07
  1448.0 0.1516435E-07
  1449.0 0.1441816E-07
  1450.0 0.1344173E-07
  1451.0 0.1224481E-07
  1452.0 0.1084064E-07
  1453.0 0.9245956E-08
  1454.0 0.7480459E-08
  1455.0 0.5566806E-08
  1456.0 0.3530022E-08
  1457.0 0.1397348E-08
  1458.0 -.8023801E-09
  1459.0 -.3039017E-08
  1460.0 -.5281668E-08
  1461.0 -.7499123E-08
  1462.0 -.9660328E-08
  1463.0 -.1173486E-07
  1464.0 -.1369345E-07
  1465.0 -.1550833E-07
  1466.0 -.1715375E-07
  1467.0 -.1860628E-07
  1468.0 -.1984521E-07
  1469.0 -.2085292E-07
  1470.0 -.2161495E-07
  1471.0 -.2212049E-07
  1472.0 -.2236216E-07
  1473.0 -.2233649E-07
  1474.0 -.2204370E-07
  1475.0 -.2148779E-07
  1476.0 -.2067646E-07
  1477.0 -.1962097E-07
  1478.0 -.1833590E-07
  1479.0 -.1683898E-07
  1480.0 -.1515079E-07
  1481.0 -.1329456E-07
  1482.0 -.1129552E-07
  1483.0 -.9180854E-08
  1484.0 -.6979088E-08
  1485.0 -.4719703E-08
  1486.0 -.2432752E-08
  1487.0 -.1483715E-09
  1488.0 0.2103622E-08
  1489.0 0.4294183E-08
  1490.0 0.6395420E-08
  1491.0 0.8381008E-08
  1492.0 0.1022654E-07
  1493.0 0.1190983E-07
  1494.0 0.1341124E-07
  1495.0 0.1471390E-07
  1496.0 0.1580397E-07
  1497.0 0.1667071E-07
  1498.0 0.1730665E-07
  1499.0 0.1770769E-07
  1500.0 0.1787304E-07
  1501.0 0.1780517E-07
  1502.0 0.1750989E-07
  1503.0 0.1699590E-07
  1504.0 0.1627507E-07
  1505.0 0.1536173E-07
  1506.0 0.1427280E-07
  1507.0 0.1302736E-07
  1508.0 0.1164633E-07
  1509.0 0.1015221E-07
  1510.0 0.8568560E-08
  1511.0 0.6919899E-08
  1512.0 0.5231128E-08
  1513.0 0.3527230E-08
  1514.0 0.1832918E-08
  1515.0 0.1722702E-09
  1516.0 -.1431624E-08
  1517.0 -.2956978E-08
  1518.0 -.4383584E-08
  1519.0 -.5693124E-08
  1520.0 -.6869344E-08
  1521.0 -.7898334E-08
  1522.0 -.8768634E-08
  1523.0 -.9471359E-08
  1524.0 -.1000032E-07
  1525.0 -.1035206E-07
  1526.0 -.1052582E-07
  1527.0 -.1052352E-07
  1528.0 -.1034972E-07
  1529.0 -.1001143E-07
  1530.0 -.9518021E-08
  1531.0 -.8880995E-08
  1532.0 -.8113812E-08
  1533.0 -.7231624E-08
  1534.0 -.6250988E-08
  1535.0 -.5189662E-08
  1536.0 -.4066229E-08
  1537.0 -.2899831E-08
  1538.0 -.1709894E-08
  1539.0 -.5157717E-09
  1540.0 0.6635376E-09
  1541.0 0.1809661E-08
  1542.0 0.2905145E-08
  1543.0 0.3933695E-08
  1544.0 0.4880433E-08
  1545.0 0.5732072E-08
  1546.0 0.6477124E-08
  1547.0 0.7106042E-08
  1548.0 0.7611307E-08
  1549.0 0.7987548E-08
  1550.0 0.8231587E-08
  1551.0 0.8342403E-08
  1552.0 0.8321141E-08
  1553.0 0.8171092E-08
  1554.0 0.7897522E-08
  1555.0 0.7507563E-08
  1556.0 0.7010156E-08
  1557.0 0.6415752E-08
  1558.0 0.5736193E-08
  1559.0 0.4984438E-08
  1560.0 0.4174382E-08
  1561.0 0.3320572E-08
  1562.0 0.2437986E-08
  1563.0 0.1541744E-08
  1564.0 0.6468788E-09
  1565.0 -.2319116E-09
  1566.0 -.1080511E-08
  1567.0 -.1885612E-08
  1568.0 -.2634908E-08
  1569.0 -.3317302E-08
  1570.0 -.3923049E-08
  1571.0 -.4443919E-08
  1572.0 -.4873268E-08
  1573.0 -.5206184E-08
  1574.0 -.5439483E-08
  1575.0 -.5571744E-08
  1576.0 -.5603295E-08
  1577.0 -.5536229E-08
  1578.0 -.5374245E-08
  1579.0 -.5122634E-08
  1580.0 -.4788109E-08
  1581.0 -.4378689E-08
  1582.0 -.3903500E-08
  1583.0 -.3372659E-08
  1584.0 -.2797019E-08
  1585.0 -.2187990E-08
  1586.0 -.1557324E-08
  1587.0 -.9169209E-09
  1588.0 -.2785900E-09
  1589.0 0.3461393E-09
  1590.0 0.9462249E-09
  1591.0 0.1511289E-08
  1592.0 0.2031797E-08
  1593.0 0.2499211E-08
  1594.0 0.2906114E-08
  1595.0 0.3246333E-08
  1596.0 0.3515021E-08
  1597.0 0.3708716E-08
  1598.0 0.3825379E-08
  1599.0 0.3864411E-08
  1600.0 0.3826639E-08
  1601.0 0.3714238E-08
  1602.0 0.3530739E-08
  1603.0 0.3280856E-08
  1604.0 0.2970457E-08
  1605.0 0.2606381E-08
  1606.0 0.2196318E-08
  1607.0 0.1748654E-08
  1608.0 0.1272316E-08
  1609.0 0.7765713E-09
  1610.0 0.2708824E-09
  1611.0 -.2352803E-09
  1612.0 -.7326154E-09
  1613.0 -.1212145E-08
  1614.0 -.1665382E-08
  1615.0 -.2084469E-08
  1616.0 -.2462308E-08
  1617.0 -.2792679E-08
  1618.0 -.3070347E-08
  1619.0 -.3291106E-08
  1620.0 -.3451876E-08
  1621.0 -.3550707E-08
  1622.0 -.3586804E-08
  1623.0 -.3560518E-08
  1624.0 -.3473323E-08
  1625.0 -.3327750E-08
  1626.0 -.3127338E-08
  1627.0 -.2876541E-08
  1628.0 -.2580623E-08
  1629.0 -.2245557E-08
  1630.0 -.1877892E-08
  1631.0 -.1484630E-08
  1632.0 -.1073078E-08
  1633.0 -.6507240E-09
  1634.0 -.2250847E-09
  1635.0 0.1964228E-09
  1636.0 0.6066194E-09
  1637.0 0.9986811E-09
  1638.0 0.1366264E-08
  1639.0 0.1703589E-08
  1640.0 0.2005563E-08
  1641.0 0.2267817E-08
  1642.0 0.2486794E-08
  1643.0 0.2659774E-08
  1644.0 0.2784921E-08
  1645.0 0.2861277E-08
  1646.0 0.2888757E-08
  1647.0 0.2868121E-08
  1648.0 0.2800965E-08
  1649.0 0.2689627E-08
  1650.0 0.2537154E-08
  1651.0 0.2347217E-08
  1652.0 0.2124012E-08
  1653.0 0.1872191E-08
  1654.0 0.1596754E-08
  1655.0 0.1302947E-08
  1656.0 0.9961522E-09
  1657.0 0.6818053E-09
  1658.0 0.3652757E-09
  1659.0 0.5178969E-10
  1660.0 -.2536703E-09
  1661.0 -.5464414E-09
  1662.0 -.8222535E-09
  1663.0 -.1077285E-08
  1664.0 -.1308227E-08
  1665.0 -.1512304E-08
  1666.0 -.1687321E-08
  1667.0 -.1831667E-08
  1668.0 -.1944315E-08
  1669.0 -.2024826E-08
  1670.0 -.2073326E-08
  1671.0 -.2090471E-08
  1672.0 -.2077423E-08
  1673.0 -.2035792E-08
  1674.0 -.1967582E-08
  1675.0 -.1875157E-08
  1676.0 -.1761153E-08
  1677.0 -.1628426E-08
  1678.0 -.1479996E-08
  1679.0 -.1318965E-08
  1680.0 -.1148472E-08
  1681.0 -.9716262E-09
  1682.0 -.7914523E-09
  1683.0 -.6108437E-09
  1684.0 -.4325159E-09
  1685.0 -.2589692E-09
  1686.0 -.9246225E-10
  1687.0 0.6501936E-10
  1688.0 0.2117689E-09
  1689.0 0.3463753E-09
  1690.0 0.4677191E-09
  1691.0 0.5749718E-09
  1692.0 0.6675821E-09
  1693.0 0.7452618E-09
  1694.0 0.8079587E-09
  1695.0 0.8558431E-09
  1696.0 0.8892677E-09
  1697.0 0.9087505E-09
  1698.0 0.9149319E-09
  1699.0 0.9085541E-09
  1700.0 0.8904292E-09
  1701.0 0.8614069E-09
  1702.0 0.8223583E-09
  1703.0 0.7741413E-09
  1704.0 0.7175935E-09
  1705.0 0.6535113E-09
  1706.0 0.5826392E-09
  1707.0 0.5056665E-09
  1708.0 0.4232212E-09
  1709.0 0.3358780E-09
  1710.0 0.2441594E-09
  1711.0 0.1485451E-09
  1712.0 0.4948931E-10
  1713.0 -.5256980E-10
  1714.0 -.1571901E-09
  1715.0 -.2639117E-09
  1716.0 -.3722340E-09
  1717.0 -.4816050E-09
  1718.0 -.5913990E-09
  1719.0 -.7009086E-09
  1720.0 -.8093291E-09
  1721.0 -.9157526E-09
  1722.0 -.1019168E-08
  1723.0 -.1118452E-08
  1724.0 -.1212383E-08
  1725.0 -.1299644E-08
  1726.0 -.1378839E-08
  1727.0 -.1448507E-08
  1728.0 -.1507159E-08
  1729.0 -.1553285E-08
  1730.0 -.1585393E-08
  1731.0 -.1602048E-08
  1732.0 -.1601895E-08
  1733.0 -.1583702E-08
  1734.0 -.1546392E-08
  1735.0 -.1489086E-08
  1736.0 -.1411130E-08
  1737.0 -.1312128E-08
  1738.0 -.1191979E-08
  1739.0 -.1050891E-08
  1740.0 -.8894082E-09
  1741.0 -.7084217E-09
  1742.0 -.5091786E-09
  1743.0 -.2932836E-09
  1744.0 -.6269552E-10
  1745.0 0.1802917E-09
  1746.0 0.4330625E-09
  1747.0 0.6927107E-09
  1748.0 0.9560707E-09
  1749.0 0.1219767E-08
  1750.0 0.1480247E-08
  1751.0 0.1733844E-08
  1752.0 0.1976833E-08
  1753.0 0.2205480E-08
  1754.0 0.2416118E-08
  1755.0 0.2605197E-08
  1756.0 0.2769362E-08
  1757.0 0.2905508E-08
  1758.0 0.3010826E-08
  1759.0 0.3082888E-08
  1760.0 0.3119669E-08
  1761.0 0.3119616E-08
  1762.0 0.3081678E-08
  1763.0 0.3005324E-08
  1764.0 0.2890596E-08
  1765.0 0.2738097E-08
  1766.0 0.2548995E-08
  1767.0 0.2325034E-08
  1768.0 0.2068520E-08
  1769.0 0.1782273E-08
  1770.0 0.1469608E-08
  1771.0 0.1134298E-08
  1772.0 0.7805146E-09
  1773.0 0.4127629E-09
  1774.0 0.3583024E-10
  1775.0 -.3452965E-09
  1776.0 -.7254999E-09
  1777.0 -.1099611E-08
  1778.0 -.1462494E-08
  1779.0 -.1809120E-08
  1780.0 -.2134650E-08
  1781.0 -.2434508E-08
  1782.0 -.2704473E-08
  1783.0 -.2940699E-08
  1784.0 -.3139838E-08
  1785.0 -.3299057E-08
  1786.0 -.3416081E-08
  1787.0 -.3489258E-08
  1788.0 -.3517558E-08
  1789.0 -.3500603E-08
  1790.0 -.3438676E-08
  1791.0 -.3332711E-08
  1792.0 -.3184271E-08
  1793.0 -.2995541E-08
  1794.0 -.2769297E-08
  1795.0 -.2508824E-08
  1796.0 -.2217905E-08
  1797.0 -.1900746E-08
  1798.0 -.1561897E-08
  1799.0 -.1206206E-08
  1800.0 -.8387251E-09
  1801.0 -.4646304E-09
  1802.0 -.8915536E-10
  1803.0 0.2824996E-09
  1804.0 0.6452468E-09
  1805.0 0.9941796E-09
  1806.0 0.1324653E-08
  1807.0 0.1632347E-08
  1808.0 0.1913332E-08
  1809.0 0.2164119E-08
  1810.0 0.2381712E-08
  1811.0 0.2563650E-08
  1812.0 0.2708013E-08
  1813.0 0.2813484E-08
  1814.0 0.2879319E-08
  1815.0 0.2905371E-08
  1816.0 0.2892082E-08
  1817.0 0.2840457E-08
  1818.0 0.2752035E-08
  1819.0 0.2628878E-08
  1820.0 0.2473501E-08
  1821.0 0.2288843E-08
  1822.0 0.2078204E-08
  1823.0 0.1845189E-08
  1824.0 0.1593654E-08
  1825.0 0.1327629E-08
  1826.0 0.1051257E-08
  1827.0 0.7687385E-09
  1828.0 0.4842474E-09
  1829.0 0.2018790E-09
  1830.0 -.7440899E-10
  1831.0 -.3408594E-09
  1832.0 -.5939660E-09
  1833.0 -.8305159E-09
  1834.0 -.1047640E-08
  1835.0 -.1242837E-08
  1836.0 -.1414007E-08
  1837.0 -.1559469E-08
  1838.0 -.1677983E-08
  1839.0 -.1768740E-08
  1840.0 -.1831378E-08
  1841.0 -.1865958E-08
  1842.0 -.1872961E-08
  1843.0 -.1853262E-08
  1844.0 -.1808113E-08
  1845.0 -.1739091E-08
  1846.0 -.1648084E-08
  1847.0 -.1537242E-08
  1848.0 -.1408932E-08
  1849.0 -.1265701E-08
  1850.0 -.1110226E-08
  1851.0 -.9452734E-09
  1852.0 -.7736443E-09
  1853.0 -.5981363E-09
  1854.0 -.4215019E-09
  1855.0 -.2464033E-09
  1856.0 -.7537854E-10
  1857.0 0.8919560E-10
  1858.0 0.2451337E-09
  1859.0 0.3904638E-09
  1860.0 0.5234577E-09
  1861.0 0.6426398E-09
  1862.0 0.7468049E-09
  1863.0 0.8350239E-09
  1864.0 0.9066499E-09
  1865.0 0.9613108E-09
  1866.0 0.9989165E-09
  1867.0 0.1019629E-08
  1868.0 0.1023874E-08
  1869.0 0.1012306E-08
  1870.0 0.9857943E-09
  1871.0 0.9454085E-09
  1872.0 0.8923792E-09
  1873.0 0.8280946E-09
  1874.0 0.7540473E-09
  1875.0 0.6718329E-09
  1876.0 0.5831050E-09
  1877.0 0.4895613E-09
  1878.0 0.3929042E-09
  1879.0 0.2948246E-09
  1880.0 0.1969776E-09
  1881.0 0.1009553E-09
  1882.0 0.8269259E-11
  1883.0 -.7966780E-10
  1884.0 -.1615593E-09
  1885.0 -.2362381E-09
  1886.0 -.3026797E-09
  1887.0 -.3600079E-09
  1888.0 -.4075044E-09
  1889.0 -.4446157E-09
  1890.0 -.4709499E-09
  1891.0 -.4862765E-09
  1892.0 -.4905328E-09
  1893.0 -.4838098E-09
  1894.0 -.4663515E-09
  1895.0 -.4385510E-09
  1896.0 -.4009300E-09
  1897.0 -.3541455E-09
  1898.0 -.2989652E-09
  1899.0 -.2362639E-09
  1900.0 -.1670075E-09
  1901.0 -.9224059E-10
  1902.0 -.1307451E-10
  1903.0 0.6932575E-10
  1904.0 0.1537577E-09
  1905.0 0.2389939E-09
  1906.0 0.3237918E-09
  1907.0 0.4069123E-09
  1908.0 0.4871299E-09
  1909.0 0.5632455E-09
  1910.0 0.6340997E-09
  1911.0 0.6985830E-09
  1912.0 0.7556508E-09
  1913.0 0.8043279E-09
  1914.0 0.8437264E-09
  1915.0 0.8730514E-09
  1916.0 0.8916096E-09
  1917.0 0.8988222E-09
  1918.0 0.8942230E-09
  1919.0 0.8774792E-09
  1920.0 0.8483866E-09
  1921.0 0.8068791E-09
  1922.0 0.7530321E-09
  1923.0 0.6870647E-09
  1924.0 0.6093465E-09
  1925.0 0.5203898E-09
  1926.0 0.4208561E-09
  1927.0 0.3115517E-09
  1928.0 0.1934229E-09
  1929.0 0.6755169E-10
  1930.0 -.6485002E-10
  1931.0 -.2024506E-09
  1932.0 -.3438070E-09
  1933.0 -.4873801E-09
  1934.0 -.6315423E-09
  1935.0 -.7746004E-09
  1936.0 -.9148042E-09
  1937.0 -.1050373E-08
  1938.0 -.1179506E-08
  1939.0 -.1300412E-08
  1940.0 -.1411327E-08
  1941.0 -.1510530E-08
  1942.0 -.1596381E-08
  1943.0 -.1667330E-08
  1944.0 -.1721948E-08
  1945.0 -.1758945E-08
  1946.0 -.1777196E-08
  1947.0 -.1775760E-08
  1948.0 -.1753896E-08
  1949.0 -.1711092E-08
  1950.0 -.1647063E-08
  1951.0 -.1561780E-08
  1952.0 -.1455474E-08
  1953.0 -.1328645E-08
  1954.0 -.1182062E-08
  1955.0 -.1016768E-08
  1956.0 -.8340776E-09
  1957.0 -.6355709E-09
  1958.0 -.4230747E-09
  1959.0 -.1986610E-09
  1960.0 0.3537895E-10
  1961.0 0.2765575E-09
  1962.0 0.5222083E-09
  1963.0 0.7695247E-09
  1964.0 0.1015585E-08
  1965.0 0.1257388E-08
  1966.0 0.1491889E-08
  1967.0 0.1716035E-08
  1968.0 0.1926825E-08
  1969.0 0.2121317E-08
  1970.0 0.2296692E-08
  1971.0 0.2450291E-08
  1972.0 0.2579656E-08
  1973.0 0.2682557E-08
  1974.0 0.2757037E-08
  1975.0 0.2801450E-08
  1976.0 0.2814481E-08
  1977.0 0.2795183E-08
  1978.0 0.2742977E-08
  1979.0 0.2657708E-08
  1980.0 0.2539618E-08
  1981.0 0.2389373E-08
  1982.0 0.2208063E-08
  1983.0 0.1997200E-08
  1984.0 0.1758689E-08
  1985.0 0.1494839E-08
  1986.0 0.1208319E-08
  1987.0 0.9021470E-09
  1988.0 0.5796445E-09
  1989.0 0.2444026E-09
  1990.0 -.9975496E-10
  1991.0 -.4488237E-09
  1992.0 -.7986630E-09
  1993.0 -.1145056E-08
  1994.0 -.1483757E-08
  1995.0 -.1810543E-08
  1996.0 -.2121286E-08
  1997.0 -.2411995E-08
  1998.0 -.2678861E-08
  1999.0 -.2918334E-08
  2000.0 -.3127166E-08
  2001.0 -.3302441E-08
  2002.0 -.3441638E-08
  2003.0 -.3542653E-08
  2004.0 -.3603848E-08
  2005.0 -.3624062E-08
  2006.0 -.3602639E-08
  2007.0 -.3539442E-08
  2008.0 -.3434859E-08
  2009.0 -.3289795E-08
  2010.0 -.3105683E-08
  2011.0 -.2884453E-08
  2012.0 -.2628517E-08
  2013.0 -.2340736E-08
  2014.0 -.2024402E-08
  2015.0 -.1683167E-08
  2016.0 -.1321030E-08
  2017.0 -.9422739E-09
  2018.0 -.5514042E-09
  2019.0 -.1530988E-09
  2020.0 0.2478495E-09
  2021.0 0.6466020E-09
  2022.0 0.1038330E-08
  2023.0 0.1418284E-08
  2024.0 0.1781850E-08
  2025.0 0.2124610E-08
  2026.0 0.2442406E-08
  2027.0 0.2731383E-08
  2028.0 0.2988048E-08
  2029.0 0.3209319E-08
  2030.0 0.3392547E-08
  2031.0 0.3535578E-08
  2032.0 0.3636740E-08
  2033.0 0.3694913E-08
  2034.0 0.3709513E-08
  2035.0 0.3680498E-08
  2036.0 0.3608377E-08
  2037.0 0.3494203E-08
  2038.0 0.3339552E-08
  2039.0 0.3146503E-08
  2040.0 0.2917628E-08
  2041.0 0.2655918E-08
  2042.0 0.2364784E-08
  2043.0 0.2047985E-08
  2044.0 0.1709599E-08
  2045.0 0.1353949E-08
  2046.0 0.9855644E-09
  2047.0 0.6091080E-09
  2048.0 0.2293275E-09
  2049.0 -.1490125E-09
  2050.0 -.5211915E-09
  2051.0 -.8825916E-09
  2052.0 -.1228757E-08
  2053.0 -.1555450E-08
  2054.0 -.1858707E-08
  2055.0 -.2134888E-08
  2056.0 -.2380713E-08
  2057.0 -.2593330E-08
  2058.0 -.2770303E-08
  2059.0 -.2909693E-08
  2060.0 -.3010044E-08
  2061.0 -.3070425E-08
  2062.0 -.3090417E-08
  2063.0 -.3070142E-08
  2064.0 -.3010240E-08
  2065.0 -.2911863E-08
  2066.0 -.2776668E-08
  2067.0 -.2606787E-08
  2068.0 -.2404797E-08
  2069.0 -.2173680E-08
  2070.0 -.1916815E-08
  2071.0 -.1637880E-08
  2072.0 -.1340853E-08
  2073.0 -.1029932E-08
  2074.0 -.7094849E-09
  2075.0 -.3839992E-09
  2076.0 -.5801135E-10
  2077.0 0.2639433E-09
  2078.0 0.5773973E-09
  2079.0 0.8780079E-09
  2080.0 0.1161616E-08
  2081.0 0.1424298E-08
  2082.0 0.1662436E-08
  2083.0 0.1872739E-08
  2084.0 0.2052307E-08
  2085.0 0.2198682E-08
  2086.0 0.2309856E-08
  2087.0 0.2384318E-08
  2088.0 0.2421076E-08
  2089.0 0.2419670E-08
  2090.0 0.2380177E-08
  2091.0 0.2303228E-08
  2092.0 0.2189992E-08
  2093.0 0.2042151E-08
  2094.0 0.1861912E-08
  2095.0 0.1651952E-08
  2096.0 0.1415399E-08
  2097.0 0.1155785E-08
  2098.0 0.8770029E-09
  2099.0 0.5832516E-09
  2100.0 0.2789844E-09
  2101.0 -.3115844E-10
  2102.0 -.3424110E-09
  2103.0 -.6499488E-09
  2104.0 -.9489594E-09
  2105.0 -.1234710E-08
  2106.0 -.1502622E-08
  2107.0 -.1748338E-08
  2108.0 -.1967782E-08
  2109.0 -.2157231E-08
  2110.0 -.2313377E-08
  2111.0 -.2433369E-08
  2112.0 -.2514879E-08
  2113.0 -.2556127E-08
  2114.0 -.2555931E-08
  2115.0 -.2513722E-08
  2116.0 -.2429567E-08
  2117.0 -.2304178E-08
  2118.0 -.2138909E-08
  2119.0 -.1935760E-08
  2120.0 -.1697324E-08
  2121.0 -.1426800E-08
  2122.0 -.1127922E-08
  2123.0 -.8049231E-09
  2124.0 -.4624830E-09
  2125.0 -.1056579E-09
  2126.0 0.2601856E-09
  2127.0 0.6294515E-09
  2128.0 0.9963937E-09
  2129.0 0.1355196E-08
  2130.0 0.1700075E-08
  2131.0 0.2025351E-08
  2132.0 0.2325557E-08
  2133.0 0.2595504E-08
  2134.0 0.2830387E-08
  2135.0 0.3025853E-08
  2136.0 0.3178071E-08
  2137.0 0.3283823E-08
  2138.0 0.3340553E-08
  2139.0 0.3346393E-08
  2140.0 0.3300248E-08
  2141.0 0.3201798E-08
  2142.0 0.3051515E-08
  2143.0 0.2850682E-08
  2144.0 0.2601383E-08
  2145.0 0.2306482E-08
  2146.0 0.1969586E-08
  2147.0 0.1595014E-08
  2148.0 0.1187730E-08
  2149.0 0.7532824E-09
  2150.0 0.2977273E-09
  2151.0 -.1724614E-09
  2152.0 -.6504826E-09
  2153.0 -.1129307E-08
  2154.0 -.1601787E-08
  2155.0 -.2060764E-08
  2156.0 -.2499174E-08
  2157.0 -.2910166E-08
  2158.0 -.3287206E-08
  2159.0 -.3624182E-08
  2160.0 -.3915500E-08
  2161.0 -.4156205E-08
  2162.0 -.4342008E-08
  2163.0 -.4469418E-08
  2164.0 -.4535782E-08
  2165.0 -.4539319E-08
  2166.0 -.4479176E-08
  2167.0 -.4355459E-08
  2168.0 -.4169237E-08
  2169.0 -.3922506E-08
  2170.0 -.3618193E-08
  2171.0 -.3260128E-08
  2172.0 -.2852963E-08
  2173.0 -.2402139E-08
  2174.0 -.1913788E-08
  2175.0 -.1394636E-08
  2176.0 -.8519416E-09
  2177.0 -.2933459E-09
  2178.0 0.2732228E-09
  2179.0 0.8396657E-09
  2180.0 0.1397849E-08
  2181.0 0.1939717E-08
  2182.0 0.2457418E-08
  2183.0 0.2943438E-08
  2184.0 0.3390700E-08
  2185.0 0.3792680E-08
  2186.0 0.4143499E-08
  2187.0 0.4438043E-08
  2188.0 0.4672011E-08
  2189.0 0.4841992E-08
  2190.0 0.4945516E-08
  2191.0 0.4981098E-08
  2192.0 0.4948241E-08
  2193.0 0.4847474E-08
  2194.0 0.4680330E-08
  2195.0 0.4449277E-08
  2196.0 0.4157751E-08
  2197.0 0.3810048E-08
  2198.0 0.3411276E-08
  2199.0 0.2967265E-08
  2200.0 0.2484486E-08
  2201.0 0.1969928E-08
  2202.0 0.1431015E-08
  2203.0 0.8754723E-09
  2204.0 0.3112147E-09
  2205.0 -.2537780E-09
  2206.0 -.8115815E-09
  2207.0 -.1354446E-08
  2208.0 -.1874906E-08
  2209.0 -.2365910E-08
  2210.0 -.2820882E-08
  2211.0 -.3233864E-08
  2212.0 -.3599564E-08
  2213.0 -.3913430E-08
  2214.0 -.4171726E-08
  2215.0 -.4371556E-08
  2216.0 -.4510896E-08
  2217.0 -.4588648E-08
  2218.0 -.4604560E-08
  2219.0 -.4559309E-08
  2220.0 -.4454393E-08
  2221.0 -.4292144E-08
  2222.0 -.4075681E-08
  2223.0 -.3808789E-08
  2224.0 -.3495907E-08
  2225.0 -.3142032E-08
  2226.0 -.2752615E-08
  2227.0 -.2333478E-08
  2228.0 -.1890750E-08
  2229.0 -.1430711E-08
  2230.0 -.9597476E-09
  2231.0 -.4842285E-09
  2232.0 -.1042278E-10
  2233.0 0.4555865E-09
  2234.0 0.9079919E-09
  2235.0 0.1341329E-08
  2236.0 0.1750547E-08
  2237.0 0.2131069E-08
  2238.0 0.2478820E-08
  2239.0 0.2790309E-08
  2240.0 0.3062608E-08
  2241.0 0.3293403E-08
  2242.0 0.3480988E-08
  2243.0 0.3624271E-08
  2244.0 0.3722738E-08
  2245.0 0.3776473E-08
  2246.0 0.3786115E-08
  2247.0 0.3752790E-08
  2248.0 0.3678136E-08
  2249.0 0.3564192E-08
  2250.0 0.3413393E-08
  2251.0 0.3228508E-08
  2252.0 0.3012567E-08
  2253.0 0.2768844E-08
  2254.0 0.2500771E-08
  2255.0 0.2211909E-08
  2256.0 0.1905885E-08
  2257.0 0.1586357E-08
  2258.0 0.1256966E-08
  2259.0 0.9212986E-09
  2260.0 0.5828575E-09
  2261.0 0.2450253E-09
  2262.0 -.8894960E-10
  2263.0 -.4159826E-09
  2264.0 -.7331577E-09
  2265.0 -.1037749E-08
  2266.0 -.1327217E-08
  2267.0 -.1599230E-08
  2268.0 -.1851643E-08
  2269.0 -.2082515E-08
  2270.0 -.2290097E-08
  2271.0 -.2472841E-08
  2272.0 -.2629385E-08
  2273.0 -.2758560E-08
  2274.0 -.2859388E-08
  2275.0 -.2931070E-08
  2276.0 -.2973000E-08
  2277.0 -.2984768E-08
  2278.0 -.2966161E-08
  2279.0 -.2917173E-08
  2280.0 -.2838005E-08
  2281.0 -.2729084E-08
  2282.0 -.2591078E-08
  2283.0 -.2424897E-08
  2284.0 -.2231700E-08
  2285.0 -.2012932E-08
  2286.0 -.1770304E-08
  2287.0 -.1505812E-08
  2288.0 -.1221746E-08
  2289.0 -.9206870E-09
  2290.0 -.6054994E-09
  2291.0 -.2793261E-09
  2292.0 0.5442304E-10
  2293.0 0.3920972E-09
  2294.0 0.7298278E-09
  2295.0 0.1063563E-08
  2296.0 0.1389101E-08
  2297.0 0.1702153E-08
  2298.0 0.1998377E-08
  2299.0 0.2273441E-08
  2300.0 0.2523095E-08
  2301.0 0.2743231E-08
  2302.0 0.2929950E-08
  2303.0 0.3079646E-08
  2304.0 0.3189055E-08
  2305.0 0.3255364E-08
  2306.0 0.3276247E-08
  2307.0 0.3249951E-08
  2308.0 0.3175341E-08
  2309.0 0.3051975E-08
  2310.0 0.2880133E-08
  2311.0 0.2660848E-08
  2312.0 0.2395957E-08
  2313.0 0.2088083E-08
  2314.0 0.1740646E-08
  2315.0 0.1357853E-08
  2316.0 0.9446622E-09
  2317.0 0.5067372E-09
  2318.0 0.5039386E-10
  2319.0 -.4174840E-09
  2320.0 -.8895176E-09
  2321.0 -.1357951E-08
  2322.0 -.1814742E-08
  2323.0 -.2251710E-08
  2324.0 -.2660644E-08
  2325.0 -.3033453E-08
  2326.0 -.3362307E-08
  2327.0 -.3639768E-08
  2328.0 -.3858950E-08
  2329.0 -.4013640E-08
  2330.0 -.4098453E-08
  2331.0 -.4108935E-08
  2332.0 -.4041703E-08
  2333.0 -.3894496E-08
  2334.0 -.3666313E-08
  2335.0 -.3357459E-08
  2336.0 -.2969586E-08
  2337.0 -.2505714E-08
  2338.0 -.1970240E-08
  2339.0 -.1368922E-08
  2340.0 -.7088243E-09
  2341.0 0.1751621E-11
  2342.0 0.7533527E-09
  2343.0 0.1535493E-08
  2344.0 0.2336801E-08
  2345.0 0.3145148E-08
  2346.0 0.3947866E-08
  2347.0 0.4731878E-08
  2348.0 0.5483958E-08
  2349.0 0.6190910E-08
  2350.0 0.6839779E-08
  2351.0 0.7418073E-08
  2352.0 0.7913997E-08
  2353.0 0.8316663E-08
  2354.0 0.8616236E-08
  2355.0 0.8804224E-08
  2356.0 0.8873548E-08
  2357.0 0.8818770E-08
  2358.0 0.8636170E-08
  2359.0 0.8323930E-08
  2360.0 0.7882083E-08
  2361.0 0.7312703E-08
  2362.0 0.6619836E-08
  2363.0 0.5809494E-08
  2364.0 0.4889642E-08
  2365.0 0.3870078E-08
  2366.0 0.2762330E-08
  2367.0 0.1579559E-08
  2368.0 0.3363282E-09
  2369.0 -.9515646E-09
  2370.0 -.2267303E-08
  2371.0 -.3593311E-08
  2372.0 -.4911490E-08
  2373.0 -.6203493E-08
  2374.0 -.7451024E-08
  2375.0 -.8636081E-08
  2376.0 -.9741266E-08
  2377.0 -.1075005E-07
  2378.0 -.1164707E-07
  2379.0 -.1241830E-07
  2380.0 -.1305135E-07
  2381.0 -.1353570E-07
  2382.0 -.1386280E-07
  2383.0 -.1402629E-07
  2384.0 -.1402208E-07
  2385.0 -.1384845E-07
  2386.0 -.1350614E-07
  2387.0 -.1299831E-07
  2388.0 -.1233049E-07
  2389.0 -.1151064E-07
  2390.0 -.1054886E-07
  2391.0 -.9457437E-08
  2392.0 -.8250553E-08
  2393.0 -.6944126E-08
  2394.0 -.5555563E-08
  2395.0 -.4103536E-08
  2396.0 -.2607657E-08
  2397.0 -.1088222E-08
  2398.0 0.4341216E-09
  2399.0 0.1938662E-08
