     0.0 0.0000000E+00
     1.0 -.1218020E-18
     2.0 -.3073482E-17
     3.0 -.1628988E-16
     4.0 -.5173224E-16
     5.0 -.1256879E-15
     6.0 -.2584047E-15
     7.0 -.4736282E-15
     8.0 -.7981131E-15
     9.0 -.1261130E-14
    10.0 -.1893982E-14
    11.0 -.2729569E-14
    12.0 -.3802017E-14
    13.0 -.5146390E-14
    14.0 -.6798483E-14
    15.0 -.8794715E-14
    16.0 -.1117209E-13
    17.0 -.1396822E-13
    18.0 -.1722136E-13
    19.0 -.2097047E-13
    20.0 -.2525523E-13
    21.0 -.3011590E-13
    22.0 -.3559313E-13
    23.0 -.4172752E-13
    24.0 -.4855896E-13
    25.0 -.5612562E-13
    26.0 -.6446280E-13
    27.0 -.7360123E-13
    28.0 -.8356511E-13
    29.0 -.9436980E-13
    30.0 -.1060192E-12
    31.0 -.1185026E-12
    32.0 -.1317915E-12
    33.0 -.1458361E-12
    34.0 -.1605617E-12
    35.0 -.1758651E-12
    36.0 -.1916108E-12
    37.0 -.2076276E-12
    38.0 -.2237053E-12
    39.0 -.2395922E-12
    40.0 -.2549931E-12
    41.0 -.2695666E-12
    42.0 -.2829258E-12
    43.0 -.2946371E-12
    44.0 -.3042223E-12
    45.0 -.3111601E-12
    46.0 -.3148894E-12
    47.0 -.3148141E-12
    48.0 -.3103085E-12
    49.0 -.3007240E-12
    50.0 -.2853978E-12
    51.0 -.2636612E-12
    52.0 -.2348501E-12
    53.0 -.1983164E-12
    54.0 -.1534398E-12
    55.0 -.9963997E-13
    56.0 -.3639040E-13
    57.0 0.3676888E-13
    58.0 0.1202177E-12
    59.0 0.2142422E-12
    60.0 0.3190226E-12
    61.0 0.4346200E-12
    62.0 0.5609670E-12
    63.0 0.6978554E-12
    64.0 0.8449299E-12
    65.0 0.1001681E-11
    66.0 0.1167439E-11
    67.0 0.1341374E-11
    68.0 0.1522494E-11
    69.0 0.1709653E-11
    70.0 0.1901548E-11
    71.0 0.2096740E-11
    72.0 0.2293658E-11
    73.0 0.2490617E-11
    74.0 0.2685839E-11
    75.0 0.2877477E-11
    76.0 0.3063633E-11
    77.0 0.3242400E-11
    78.0 0.3411876E-11
    79.0 0.3570215E-11
    80.0 0.3715649E-11
    81.0 0.3846528E-11
    82.0 0.3961368E-11
    83.0 0.4058867E-11
    84.0 0.4137958E-11
    85.0 0.4197837E-11
    86.0 0.4238001E-11
    87.0 0.4258259E-11
    88.0 0.4258780E-11
    89.0 0.4240088E-11
    90.0 0.4203101E-11
    91.0 0.4149111E-11
    92.0 0.4079796E-11
    93.0 0.3997211E-11
    94.0 0.3903760E-11
    95.0 0.3802183E-11
    96.0 0.3695508E-11
    97.0 0.3587011E-11
    98.0 0.3480165E-11
    99.0 0.3378575E-11
   100.0 0.3285912E-11
   101.0 0.3205845E-11
   102.0 0.3141968E-11
   103.0 0.3097708E-11
   104.0 0.3076274E-11
   105.0 0.3080536E-11
   106.0 0.3112993E-11
   107.0 0.3175665E-11
   108.0 0.3270029E-11
   109.0 0.3396972E-11
   110.0 0.3556731E-11
   111.0 0.3748862E-11
   112.0 0.3972205E-11
   113.0 0.4224906E-11
   114.0 0.4504379E-11
   115.0 0.4807374E-11
   116.0 0.5129994E-11
   117.0 0.5467772E-11
   118.0 0.5815734E-11
   119.0 0.6168508E-11
   120.0 0.6520398E-11
   121.0 0.6865536E-11
   122.0 0.7198009E-11
   123.0 0.7511968E-11
   124.0 0.7801780E-11
   125.0 0.8062173E-11
   126.0 0.8288369E-11
   127.0 0.8476204E-11
   128.0 0.8622259E-11
   129.0 0.8723939E-11
   130.0 0.8779596E-11
   131.0 0.8788580E-11
   132.0 0.8751264E-11
   133.0 0.8669081E-11
   134.0 0.8544534E-11
   135.0 0.8381113E-11
   136.0 0.8183302E-11
   137.0 0.7956403E-11
   138.0 0.7706523E-11
   139.0 0.7440345E-11
   140.0 0.7165049E-11
   141.0 0.6888083E-11
   142.0 0.6617019E-11
   143.0 0.6359323E-11
   144.0 0.6122198E-11
   145.0 0.5912385E-11
   146.0 0.5735929E-11
   147.0 0.5598069E-11
   148.0 0.5503092E-11
   149.0 0.5454123E-11
   150.0 0.5453115E-11
   151.0 0.5500709E-11
   152.0 0.5596260E-11
   153.0 0.5737771E-11
   154.0 0.5921965E-11
   155.0 0.6144393E-11
   156.0 0.6399447E-11
   157.0 0.6680601E-11
   158.0 0.6980554E-11
   159.0 0.7291399E-11
   160.0 0.7604898E-11
   161.0 0.7912675E-11
   162.0 0.8206526E-11
   163.0 0.8478595E-11
   164.0 0.8721667E-11
   165.0 0.8929394E-11
   166.0 0.9096512E-11
   167.0 0.9219015E-11
   168.0 0.9294335E-11
   169.0 0.9321416E-11
   170.0 0.9300826E-11
   171.0 0.9234756E-11
   172.0 0.9127040E-11
   173.0 0.8982983E-11
   174.0 0.8809338E-11
   175.0 0.8614100E-11
   176.0 0.8406252E-11
   177.0 0.8195559E-11
   178.0 0.7992215E-11
   179.0 0.7806594E-11
   180.0 0.7648874E-11
   181.0 0.7528680E-11
   182.0 0.7454788E-11
   183.0 0.7434739E-11
   184.0 0.7474583E-11
   185.0 0.7578558E-11
   186.0 0.7748877E-11
   187.0 0.7985573E-11
   188.0 0.8286305E-11
   189.0 0.8646344E-11
   190.0 0.9058589E-11
   191.0 0.9513623E-11
   192.0 0.9999874E-11
   193.0 0.1050384E-10
   194.0 0.1101039E-10
   195.0 0.1150312E-10
   196.0 0.1196475E-10
   197.0 0.1237761E-10
   198.0 0.1272413E-10
   199.0 0.1298732E-10
   200.0 0.1315133E-10
   201.0 0.1320204E-10
   202.0 0.1312745E-10
   203.0 0.1291818E-10
   204.0 0.1256796E-10
   205.0 0.1207393E-10
   206.0 0.1143693E-10
   207.0 0.1066171E-10
   208.0 0.9757023E-11
   209.0 0.8735651E-11
   210.0 0.7614224E-11
   211.0 0.6413078E-11
   212.0 0.5155913E-11
   213.0 0.3869280E-11
   214.0 0.2582189E-11
   215.0 0.1325351E-11
   216.0 0.1306244E-12
   217.0 -.9699127E-12
   218.0 -.1944585E-11
   219.0 -.2763074E-11
   220.0 -.3397162E-11
   221.0 -.3821629E-11
   222.0 -.4014943E-11
   223.0 -.3959997E-11
   224.0 -.3644811E-11
   225.0 -.3063002E-11
   226.0 -.2214154E-11
   227.0 -.1104224E-11
   228.0 0.2543195E-12
   229.0 0.1842634E-11
   230.0 0.3635559E-11
   231.0 0.5601972E-11
   232.0 0.7705225E-11
   233.0 0.9903947E-11
   234.0 0.1215259E-10
   235.0 0.1440250E-10
   236.0 0.1660290E-10
   237.0 0.1870192E-10
   238.0 0.2064787E-10
   239.0 0.2239041E-10
   240.0 0.2388168E-10
   241.0 0.2507769E-10
   242.0 0.2593929E-10
   243.0 0.2643325E-10
   244.0 0.2653342E-10
   245.0 0.2622135E-10
   246.0 0.2548706E-10
   247.0 0.2432960E-10
   248.0 0.2275720E-10
   249.0 0.2078760E-10
   250.0 0.1844771E-10
   251.0 0.1577342E-10
   252.0 0.1280908E-10
   253.0 0.9606594E-11
   254.0 0.6224688E-11
   255.0 0.2727568E-11
   256.0 -.8162456E-12
   257.0 -.4335343E-11
   258.0 -.7756923E-11
   259.0 -.1100851E-10
   260.0 -.1401933E-10
   261.0 -.1672221E-10
   262.0 -.1905492E-10
   263.0 -.2096173E-10
   264.0 -.2239485E-10
   265.0 -.2331557E-10
   266.0 -.2369535E-10
   267.0 -.2351658E-10
   268.0 -.2277329E-10
   269.0 -.2147141E-10
   270.0 -.1962893E-10
   271.0 -.1727556E-10
   272.0 -.1445249E-10
   273.0 -.1121147E-10
   274.0 -.7614011E-11
   275.0 -.3730036E-11
   276.0 0.3634603E-12
   277.0 0.4584068E-11
   278.0 0.8845592E-11
   279.0 0.1305998E-10
   280.0 0.1713928E-10
   281.0 0.2099744E-10
   282.0 0.2455232E-10
   283.0 0.2772751E-10
   284.0 0.3045408E-10
   285.0 0.3267214E-10
   286.0 0.3433220E-10
   287.0 0.3539634E-10
   288.0 0.3583925E-10
   289.0 0.3564872E-10
   290.0 0.3482593E-10
   291.0 0.3338568E-10
   292.0 0.3135592E-10
   293.0 0.2877734E-10
   294.0 0.2570237E-10
   295.0 0.2219401E-10
   296.0 0.1832452E-10
   297.0 0.1417377E-10
   298.0 0.9827485E-11
   299.0 0.5375178E-11
   300.0 0.9082323E-12
   301.0 -.3482158E-11
   302.0 -.7707166E-11
   303.0 -.1168227E-10
   304.0 -.1532920E-10
   305.0 -.1857769E-10
   306.0 -.2136702E-10
   307.0 -.2364749E-10
   308.0 -.2538131E-10
   309.0 -.2654353E-10
   310.0 -.2712247E-10
   311.0 -.2711987E-10
   312.0 -.2655065E-10
   313.0 -.2544237E-10
   314.0 -.2383477E-10
   315.0 -.2177800E-10
   316.0 -.1933191E-10
   317.0 -.1656396E-10
   318.0 -.1354757E-10
   319.0 -.1036028E-10
   320.0 -.7081484E-11
   321.0 -.3790539E-11
   322.0 -.5644724E-12
   323.0 0.2523754E-11
   324.0 0.5407472E-11
   325.0 0.8027769E-11
   326.0 0.1033513E-10
   327.0 0.1229066E-10
   328.0 0.1386698E-10
   329.0 0.1504898E-10
   330.0 0.1583398E-10
   331.0 0.1623175E-10
   332.0 0.1626413E-10
   333.0 0.1596405E-10
   334.0 0.1537467E-10
   335.0 0.1454780E-10
   336.0 0.1354235E-10
   337.0 0.1242232E-10
   338.0 0.1125475E-10
   339.0 0.1010756E-10
   340.0 0.9047171E-11
   341.0 0.8136283E-11
   342.0 0.7431703E-11
   343.0 0.6982261E-11
   344.0 0.6826779E-11
   345.0 0.6992682E-11
   346.0 0.7494472E-11
   347.0 0.8332801E-11
   348.0 0.9493947E-11
   349.0 0.1094947E-10
   350.0 0.1265677E-10
   351.0 0.1455946E-10
   352.0 0.1658885E-10
   353.0 0.1866528E-10
   354.0 0.2070028E-10
   355.0 0.2259881E-10
   356.0 0.2426198E-10
   357.0 0.2558999E-10
   358.0 0.2648517E-10
   359.0 0.2685506E-10
   360.0 0.2661592E-10
   361.0 0.2569552E-10
   362.0 0.2403640E-10
   363.0 0.2159854E-10
   364.0 0.1836165E-10
   365.0 0.1432746E-10
   366.0 0.9520879E-11
   367.0 0.3991330E-11
   368.0 -.2187016E-11
   369.0 -.8915528E-11
   370.0 -.1607197E-10
   371.0 -.2351212E-10
   372.0 -.3107199E-10
   373.0 -.3857063E-10
   374.0 -.4581407E-10
   375.0 -.5259882E-10
   376.0 -.5871661E-10
   377.0 -.6395954E-10
   378.0 -.6812483E-10
   379.0 -.7102047E-10
   380.0 -.7247104E-10
   381.0 -.7232178E-10
   382.0 -.7044527E-10
   383.0 -.6674516E-10
   384.0 -.6116081E-10
   385.0 -.5367089E-10
   386.0 -.4429648E-10
   387.0 -.3310310E-10
   388.0 -.2020188E-10
   389.0 -.5749836E-11
   390.0 0.1005116E-10
   391.0 0.2695603E-10
   392.0 0.4467975E-10
   393.0 0.6290141E-10
   394.0 0.8126958E-10
   395.0 0.9940773E-10
   396.0 0.1169227E-09
   397.0 0.1334106E-09
   398.0 0.1484668E-09
   399.0 0.1616939E-09
   400.0 0.1727117E-09
   401.0 0.1811656E-09
   402.0 0.1867360E-09
   403.0 0.1891478E-09
   404.0 0.1881778E-09
   405.0 0.1836631E-09
   406.0 0.1755076E-09
   407.0 0.1636866E-09
   408.0 0.1482525E-09
   409.0 0.1293365E-09
   410.0 0.1071502E-09
   411.0 0.8198548E-10
   412.0 0.5421120E-10
   413.0 0.2427050E-10
   414.0 -.7325859E-11
   415.0 -.4000666E-10
   416.0 -.7314947E-10
   417.0 -.1060912E-09
   418.0 -.1381403E-09
   419.0 -.1685894E-09
   420.0 -.1967304E-09
   421.0 -.2218681E-09
   422.0 -.2433361E-09
   423.0 -.2605124E-09
   424.0 -.2728324E-09
   425.0 -.2798069E-09
   426.0 -.2810305E-09
   427.0 -.2761998E-09
   428.0 -.2651196E-09
   429.0 -.2477133E-09
   430.0 -.2240309E-09
   431.0 -.1942520E-09
   432.0 -.1586881E-09
   433.0 -.1177827E-09
   434.0 -.7210738E-10
   435.0 -.2235540E-10
   436.0 0.3066679E-10
   437.0 0.8605144E-10
   438.0 0.1428037E-09
   439.0 0.1998581E-09
   440.0 0.2560983E-09
   441.0 0.3103756E-09
   442.0 0.3615328E-09
   443.0 0.4084277E-09
   444.0 0.4499554E-09
   445.0 0.4850729E-09
   446.0 0.5128236E-09
   447.0 0.5323588E-09
   448.0 0.5429595E-09
   449.0 0.5440581E-09
   450.0 0.5352561E-09
   451.0 0.5163342E-09
   452.0 0.4872694E-09
   453.0 0.4482418E-09
   454.0 0.3996356E-09
   455.0 0.3420460E-09
   456.0 0.2762705E-09
   457.0 0.2033022E-09
   458.0 0.1243185E-09
   459.0 0.4066282E-10
   460.0 -.4617336E-10
   461.0 -.1345768E-09
   462.0 -.2228391E-09
   463.0 -.3091871E-09
   464.0 -.3918166E-09
   465.0 -.4689272E-09
   466.0 -.5387575E-09
   467.0 -.5996212E-09
   468.0 -.6499486E-09
   469.0 -.6883170E-09
   470.0 -.7134858E-09
   471.0 -.7244318E-09
   472.0 -.7203723E-09
   473.0 -.7007985E-09
   474.0 -.6654875E-09
   475.0 -.6145238E-09
   476.0 -.5483070E-09
   477.0 -.4675587E-09
   478.0 -.3733175E-09
   479.0 -.2669365E-09
   480.0 -.1500625E-09
   481.0 -.2462129E-10
   482.0 0.1072121E-09
   483.0 0.2430460E-09
   484.0 0.3803074E-09
   485.0 0.5162890E-09
   486.0 0.6481912E-09
   487.0 0.7731766E-09
   488.0 0.8884218E-09
   489.0 0.9911721E-09
   490.0 0.1078795E-08
   491.0 0.1148837E-08
   492.0 0.1199079E-08
   493.0 0.1227583E-08
   494.0 0.1232742E-08
   495.0 0.1213325E-08
   496.0 0.1168512E-08
   497.0 0.1097920E-08
   498.0 0.1001636E-08
   499.0 0.8802298E-09
   500.0 0.7347560E-09
   501.0 0.5667590E-09
   502.0 0.3782587E-09
   503.0 0.1717325E-09
   504.0 -.4991543E-10
   505.0 -.2833904E-09
   506.0 -.5250535E-09
   507.0 -.7709771E-09
   508.0 -.1017005E-08
   509.0 -.1258818E-08
   510.0 -.1492012E-08
   511.0 -.1712166E-08
   512.0 -.1914925E-08
   513.0 -.2096084E-08
   514.0 -.2251656E-08
   515.0 -.2377966E-08
   516.0 -.2471718E-08
   517.0 -.2530056E-08
   518.0 -.2550649E-08
   519.0 -.2531728E-08
   520.0 -.2472153E-08
   521.0 -.2371430E-08
   522.0 -.2229761E-08
   523.0 -.2048051E-08
   524.0 -.1827911E-08
   525.0 -.1571654E-08
   526.0 -.1282277E-08
   527.0 -.9634183E-09
   528.0 -.6193279E-09
   529.0 -.2548037E-09
   530.0 0.1248808E-09
   531.0 0.5140461E-09
   532.0 0.9066953E-09
   533.0 0.1296610E-08
   534.0 0.1677448E-08
   535.0 0.2042846E-08
   536.0 0.2386536E-08
   537.0 0.2702439E-08
   538.0 0.2984788E-08
   539.0 0.3228209E-08
   540.0 0.3427856E-08
   541.0 0.3579466E-08
   542.0 0.3679466E-08
   543.0 0.3725046E-08
   544.0 0.3714220E-08
   545.0 0.3645861E-08
   546.0 0.3519757E-08
   547.0 0.3336643E-08
   548.0 0.3098168E-08
   549.0 0.2806933E-08
   550.0 0.2466410E-08
   551.0 0.2080960E-08
   552.0 0.1655738E-08
   553.0 0.1196640E-08
   554.0 0.7102087E-09
   555.0 0.2035424E-09
   556.0 -.3158128E-09
   557.0 -.8399819E-09
   558.0 -.1360877E-08
   559.0 -.1870339E-08
   560.0 -.2360253E-08
   561.0 -.2822699E-08
   562.0 -.3250072E-08
   563.0 -.3635215E-08
   564.0 -.3971532E-08
   565.0 -.4253122E-08
   566.0 -.4474860E-08
   567.0 -.4632514E-08
   568.0 -.4722800E-08
   569.0 -.4743456E-08
   570.0 -.4693314E-08
   571.0 -.4572278E-08
   572.0 -.4381400E-08
   573.0 -.4122812E-08
   574.0 -.3799753E-08
   575.0 -.3416511E-08
   576.0 -.2978340E-08
   577.0 -.2491433E-08
   578.0 -.1962782E-08
   579.0 -.1400104E-08
   580.0 -.8117168E-09
   581.0 -.2064023E-09
   582.0 0.4067217E-09
   583.0 0.1018349E-08
   584.0 0.1619126E-08
   585.0 0.2199803E-08
   586.0 0.2751390E-08
   587.0 0.3265285E-08
   588.0 0.3733423E-08
   589.0 0.4148402E-08
   590.0 0.4503605E-08
   591.0 0.4793300E-08
   592.0 0.5012751E-08
   593.0 0.5158284E-08
   594.0 0.5227345E-08
   595.0 0.5218544E-08
   596.0 0.5131678E-08
   597.0 0.4967770E-08
   598.0 0.4729016E-08
   599.0 0.4418732E-08
   600.0 0.4041373E-08
   601.0 0.3602412E-08
   602.0 0.3108271E-08
   603.0 0.2566221E-08
   604.0 0.1984265E-08
   605.0 0.1371014E-08
   606.0 0.7355633E-09
   607.0 0.8733548E-10
   608.0 -.5640541E-09
   609.0 -.1208952E-08
   610.0 -.1837810E-08
   611.0 -.2441347E-08
   612.0 -.3010660E-08
   613.0 -.3537397E-08
   614.0 -.4013843E-08
   615.0 -.4433087E-08
   616.0 -.4789069E-08
   617.0 -.5076696E-08
   618.0 -.5291928E-08
   619.0 -.5431785E-08
   620.0 -.5494456E-08
   621.0 -.5479254E-08
   622.0 -.5386670E-08
   623.0 -.5218316E-08
   624.0 -.4976914E-08
   625.0 -.4666248E-08
   626.0 -.4291101E-08
   627.0 -.3857153E-08
   628.0 -.3370924E-08
   629.0 -.2839635E-08
   630.0 -.2271118E-08
   631.0 -.1673681E-08
   632.0 -.1055986E-08
   633.0 -.4269214E-09
   634.0 0.2045486E-09
   635.0 0.8294937E-09
   636.0 0.1439167E-08
   637.0 0.2025117E-08
   638.0 0.2579318E-08
   639.0 0.3094278E-08
   640.0 0.3563132E-08
   641.0 0.3979751E-08
   642.0 0.4338798E-08
   643.0 0.4635818E-08
   644.0 0.4867284E-08
   645.0 0.5030612E-08
   646.0 0.5124203E-08
   647.0 0.5147467E-08
   648.0 0.5100774E-08
   649.0 0.4985471E-08
   650.0 0.4803833E-08
   651.0 0.4559014E-08
   652.0 0.4254996E-08
   653.0 0.3896523E-08
   654.0 0.3488985E-08
   655.0 0.3038406E-08
   656.0 0.2551281E-08
   657.0 0.2034513E-08
   658.0 0.1495305E-08
   659.0 0.9410588E-09
   660.0 0.3792683E-09
   661.0 -.1825803E-09
   662.0 -.7371068E-09
   663.0 -.1277129E-08
   664.0 -.1795770E-08
   665.0 -.2286513E-08
   666.0 -.2743312E-08
   667.0 -.3160637E-08
   668.0 -.3533539E-08
   669.0 -.3857711E-08
   670.0 -.4129528E-08
   671.0 -.4346072E-08
   672.0 -.4505141E-08
   673.0 -.4605316E-08
   674.0 -.4645897E-08
   675.0 -.4626936E-08
   676.0 -.4549221E-08
   677.0 -.4414241E-08
   678.0 -.4224154E-08
   679.0 -.3981762E-08
   680.0 -.3690456E-08
   681.0 -.3354172E-08
   682.0 -.2977336E-08
   683.0 -.2564801E-08
   684.0 -.2121778E-08
   685.0 -.1653793E-08
   686.0 -.1166595E-08
   687.0 -.6661139E-09
   688.0 -.1583677E-09
   689.0 0.3505875E-09
   690.0 0.8547302E-09
   691.0 0.1348141E-08
   692.0 0.1825059E-08
   693.0 0.2279945E-08
   694.0 0.2707542E-08
   695.0 0.3102926E-08
   696.0 0.3461552E-08
   697.0 0.3779308E-08
   698.0 0.4052560E-08
   699.0 0.4278152E-08
   700.0 0.4453509E-08
   701.0 0.4576585E-08
   702.0 0.4645935E-08
   703.0 0.4660728E-08
   704.0 0.4620722E-08
   705.0 0.4526307E-08
   706.0 0.4378480E-08
   707.0 0.4178860E-08
   708.0 0.3929643E-08
   709.0 0.3633611E-08
   710.0 0.3294096E-08
   711.0 0.2914948E-08
   712.0 0.2500495E-08
   713.0 0.2055520E-08
   714.0 0.1585176E-08
   715.0 0.1094982E-08
   716.0 0.5907232E-09
   717.0 0.7841473E-10
   718.0 -.4357745E-09
   719.0 -.9455852E-09
   720.0 -.1444744E-08
   721.0 -.1927026E-08
   722.0 -.2386345E-08
   723.0 -.2816816E-08
   724.0 -.3212830E-08
   725.0 -.3569119E-08
   726.0 -.3880869E-08
   727.0 -.4143707E-08
   728.0 -.4353854E-08
   729.0 -.4508128E-08
   730.0 -.4603987E-08
   731.0 -.4639624E-08
   732.0 -.4613951E-08
   733.0 -.4526658E-08
   734.0 -.4378236E-08
   735.0 -.4169950E-08
   736.0 -.3903895E-08
   737.0 -.3582908E-08
   738.0 -.3210622E-08
   739.0 -.2791397E-08
   740.0 -.2330259E-08
   741.0 -.1832878E-08
   742.0 -.1305486E-08
   743.0 -.7548034E-09
   744.0 -.1879617E-09
   745.0 0.3875908E-09
   746.0 0.9641843E-09
   747.0 0.1534022E-08
   748.0 0.2089312E-08
   749.0 0.2622331E-08
   750.0 0.3125583E-08
   751.0 0.3591874E-08
   752.0 0.4014423E-08
   753.0 0.4386983E-08
   754.0 0.4703915E-08
   755.0 0.4960287E-08
   756.0 0.5151962E-08
   757.0 0.5275662E-08
   758.0 0.5329021E-08
   759.0 0.5310651E-08
   760.0 0.5220141E-08
   761.0 0.5058120E-08
   762.0 0.4826234E-08
   763.0 0.4527158E-08
   764.0 0.4164511E-08
   765.0 0.3742903E-08
   766.0 0.3267820E-08
   767.0 0.2745565E-08
   768.0 0.2183192E-08
   769.0 0.1588391E-08
   770.0 0.9693870E-09
   771.0 0.3348408E-09
   772.0 -.3062985E-09
   773.0 -.9449075E-09
   774.0 -.1571819E-08
   775.0 -.2177972E-08
   776.0 -.2754538E-08
   777.0 -.3293043E-08
   778.0 -.3785519E-08
   779.0 -.4224627E-08
   780.0 -.4603725E-08
   781.0 -.4917045E-08
   782.0 -.5159738E-08
   783.0 -.5327955E-08
   784.0 -.5418936E-08
   785.0 -.5431046E-08
   786.0 -.5363802E-08
   787.0 -.5217887E-08
   788.0 -.4995166E-08
   789.0 -.4698648E-08
   790.0 -.4332465E-08
   791.0 -.3901799E-08
   792.0 -.3412820E-08
   793.0 -.2872591E-08
   794.0 -.2288983E-08
   795.0 -.1670553E-08
   796.0 -.1026411E-08
   797.0 -.3661026E-09
   798.0 0.3005451E-09
   799.0 0.9635686E-09
   800.0 0.1613002E-08
   801.0 0.2239049E-08
   802.0 0.2832215E-08
   803.0 0.3383460E-08
   804.0 0.3884320E-08
   805.0 0.4327054E-08
   806.0 0.4704766E-08
   807.0 0.5011488E-08
   808.0 0.5242295E-08
   809.0 0.5393370E-08
   810.0 0.5462086E-08
   811.0 0.5447005E-08
   812.0 0.5347958E-08
   813.0 0.5166018E-08
   814.0 0.4903506E-08
   815.0 0.4563929E-08
   816.0 0.4151990E-08
   817.0 0.3673462E-08
   818.0 0.3135136E-08
   819.0 0.2544725E-08
   820.0 0.1910739E-08
   821.0 0.1242373E-08
   822.0 0.5493672E-09
   823.0 -.1581305E-09
   824.0 -.8697191E-09
   825.0 -.1574899E-08
   826.0 -.2263215E-08
   827.0 -.2924429E-08
   828.0 -.3548641E-08
   829.0 -.4126480E-08
   830.0 -.4649209E-08
   831.0 -.5108857E-08
   832.0 -.5498370E-08
   833.0 -.5811671E-08
   834.0 -.6043802E-08
   835.0 -.6190954E-08
   836.0 -.6250567E-08
   837.0 -.6221344E-08
   838.0 -.6103297E-08
   839.0 -.5897721E-08
   840.0 -.5607237E-08
   841.0 -.5235682E-08
   842.0 -.4788136E-08
   843.0 -.4270799E-08
   844.0 -.3690941E-08
   845.0 -.3056777E-08
   846.0 -.2377370E-08
   847.0 -.1662508E-08
   848.0 -.9225414E-09
   849.0 -.1682712E-09
   850.0 0.5892289E-09
   851.0 0.1338756E-08
   852.0 0.2069145E-08
   853.0 0.2769416E-08
   854.0 0.3428960E-08
   855.0 0.4037652E-08
   856.0 0.4586031E-08
   857.0 0.5065444E-08
   858.0 0.5468118E-08
   859.0 0.5787368E-08
   860.0 0.6017606E-08
   861.0 0.6154497E-08
   862.0 0.6195012E-08
   863.0 0.6137442E-08
   864.0 0.5981486E-08
   865.0 0.5728257E-08
   866.0 0.5380250E-08
   867.0 0.4941341E-08
   868.0 0.4416749E-08
   869.0 0.3812957E-08
   870.0 0.3137662E-08
   871.0 0.2399642E-08
   872.0 0.1608678E-08
   873.0 0.7754058E-09
   874.0 -.8880563E-10
   875.0 -.9720145E-09
   876.0 -.1861869E-08
   877.0 -.2745756E-08
   878.0 -.3610997E-08
   879.0 -.4444999E-08
   880.0 -.5235433E-08
   881.0 -.5970428E-08
   882.0 -.6638702E-08
   883.0 -.7229750E-08
   884.0 -.7733980E-08
   885.0 -.8142887E-08
   886.0 -.8449120E-08
   887.0 -.8646642E-08
   888.0 -.8730835E-08
   889.0 -.8698549E-08
   890.0 -.8548144E-08
   891.0 -.8279591E-08
   892.0 -.7894469E-08
   893.0 -.7395903E-08
   894.0 -.6788615E-08
   895.0 -.6078856E-08
   896.0 -.5274318E-08
   897.0 -.4384079E-08
   898.0 -.3418467E-08
   899.0 -.2388958E-08
   900.0 -.1308025E-08
   901.0 -.1889820E-09
   902.0 0.9541835E-09
   903.0 0.2106985E-08
   904.0 0.3254639E-08
   905.0 0.4382235E-08
   906.0 0.5474976E-08
   907.0 0.6518325E-08
   908.0 0.7498235E-08
   909.0 0.8401327E-08
   910.0 0.9215111E-08
   911.0 0.9928088E-08
   912.0 0.1053002E-07
   913.0 0.1101192E-07
   914.0 0.1136638E-07
   915.0 0.1158756E-07
   916.0 0.1167129E-07
   917.0 0.1161512E-07
   918.0 0.1141851E-07
   919.0 0.1108268E-07
   920.0 0.1061067E-07
   921.0 0.1000737E-07
   922.0 0.9279431E-08
   923.0 0.8435118E-08
   924.0 0.7484334E-08
   925.0 0.6438452E-08
   926.0 0.5310138E-08
   927.0 0.4113235E-08
   928.0 0.2862573E-08
   929.0 0.1573755E-08
   930.0 0.2629856E-09
   931.0 -.1053160E-08
   932.0 -.2357964E-08
   933.0 -.3634781E-08
   934.0 -.4867262E-08
   935.0 -.6039603E-08
   936.0 -.7136716E-08
   937.0 -.8144477E-08
   938.0 -.9049971E-08
   939.0 -.9841497E-08
   940.0 -.1050893E-07
   941.0 -.1104383E-07
   942.0 -.1143945E-07
   943.0 -.1169092E-07
   944.0 -.1179538E-07
   945.0 -.1175188E-07
   946.0 -.1156155E-07
   947.0 -.1122745E-07
   948.0 -.1075468E-07
   949.0 -.1015017E-07
   950.0 -.9422715E-08
   951.0 -.8582744E-08
   952.0 -.7642263E-08
   953.0 -.6614668E-08
   954.0 -.5514480E-08
   955.0 -.4357262E-08
   956.0 -.3159299E-08
   957.0 -.1937438E-08
   958.0 -.7087845E-09
   959.0 0.5095151E-09
   960.0 0.1700513E-08
   961.0 0.2847732E-08
   962.0 0.3935392E-08
   963.0 0.4948648E-08
   964.0 0.5873807E-08
   965.0 0.6698526E-08
   966.0 0.7412027E-08
   967.0 0.8005195E-08
   968.0 0.8470804E-08
   969.0 0.8803576E-08
   970.0 0.9000204E-08
   971.0 0.9059561E-08
   972.0 0.8982544E-08
   973.0 0.8772203E-08
   974.0 0.8433600E-08
   975.0 0.7973813E-08
   976.0 0.7401738E-08
   977.0 0.6728068E-08
   978.0 0.5965030E-08
   979.0 0.5126248E-08
   980.0 0.4226548E-08
   981.0 0.3281665E-08
   982.0 0.2308081E-08
   983.0 0.1322699E-08
   984.0 0.3426298E-09
   985.0 -.6151079E-09
   986.0 -.1533847E-08
   987.0 -.2397535E-08
   988.0 -.3190992E-08
   989.0 -.3900153E-08
   990.0 -.4512301E-08
   991.0 -.5016261E-08
   992.0 -.5402622E-08
   993.0 -.5663841E-08
   994.0 -.5794410E-08
   995.0 -.5790949E-08
   996.0 -.5652263E-08
   997.0 -.5379381E-08
   998.0 -.4975527E-08
   999.0 -.4446151E-08
  1000.0 -.3798744E-08
  1001.0 -.3042837E-08
  1002.0 -.2189805E-08
  1003.0 -.1252701E-08
  1004.0 -.2460793E-09
  1005.0 0.8142473E-09
  1006.0 0.1911439E-08
  1007.0 0.3027901E-08
  1008.0 0.4145538E-08
  1009.0 0.5246057E-08
  1010.0 0.6311264E-08
  1011.0 0.7323311E-08
  1012.0 0.8265025E-08
  1013.0 0.9120178E-08
  1014.0 0.9873709E-08
  1015.0 0.1051199E-07
  1016.0 0.1102313E-07
  1017.0 0.1139695E-07
  1018.0 0.1162548E-07
  1019.0 0.1170273E-07
  1020.0 0.1162512E-07
  1021.0 0.1139135E-07
  1022.0 0.1100247E-07
  1023.0 0.1046190E-07
  1024.0 0.9775406E-08
  1025.0 0.8950965E-08
  1026.0 0.7998700E-08
  1027.0 0.6930662E-08
  1028.0 0.5760737E-08
  1029.0 0.4504379E-08
  1030.0 0.3178402E-08
  1031.0 0.1800707E-08
  1032.0 0.3900141E-09
  1033.0 -.1034421E-08
  1034.0 -.2453099E-08
  1035.0 -.3846577E-08
  1036.0 -.5195783E-08
  1037.0 -.6482281E-08
  1038.0 -.7688555E-08
  1039.0 -.8798319E-08
  1040.0 -.9796703E-08
  1041.0 -.1067050E-07
  1042.0 -.1140841E-07
  1043.0 -.1200112E-07
  1044.0 -.1244149E-07
  1045.0 -.1272469E-07
  1046.0 -.1284819E-07
  1047.0 -.1281180E-07
  1048.0 -.1261773E-07
  1049.0 -.1227045E-07
  1050.0 -.1177670E-07
  1051.0 -.1114526E-07
  1052.0 -.1038693E-07
  1053.0 -.9514203E-08
  1054.0 -.8541223E-08
  1055.0 -.7483395E-08
  1056.0 -.6357262E-08
  1057.0 -.5180147E-08
  1058.0 -.3969945E-08
  1059.0 -.2744778E-08
  1060.0 -.1522781E-08
  1061.0 -.3217514E-09
  1062.0 0.8410732E-09
  1063.0 0.1949298E-08
  1064.0 0.2987630E-08
  1065.0 0.3942064E-08
  1066.0 0.4800117E-08
  1067.0 0.5551006E-08
  1068.0 0.6185769E-08
  1069.0 0.6697391E-08
  1070.0 0.7080873E-08
  1071.0 0.7333325E-08
  1072.0 0.7453895E-08
  1073.0 0.7443854E-08
  1074.0 0.7306413E-08
  1075.0 0.7046756E-08
  1076.0 0.6671851E-08
  1077.0 0.6190311E-08
  1078.0 0.5612254E-08
  1079.0 0.4949072E-08
  1080.0 0.4213242E-08
  1081.0 0.3418082E-08
  1082.0 0.2577546E-08
  1083.0 0.1705945E-08
  1084.0 0.8177217E-09
  1085.0 -.7279094E-10
  1086.0 -.9516143E-09
  1087.0 -.1805345E-08
  1088.0 -.2621366E-08
  1089.0 -.3388031E-08
  1090.0 -.4094850E-08
  1091.0 -.4732639E-08
  1092.0 -.5293628E-08
  1093.0 -.5771557E-08
  1094.0 -.6161772E-08
  1095.0 -.6461209E-08
  1096.0 -.6668449E-08
  1097.0 -.6783668E-08
  1098.0 -.6808603E-08
  1099.0 -.6746461E-08
  1100.0 -.6601811E-08
  1101.0 -.6380497E-08
  1102.0 -.6089434E-08
  1103.0 -.5736498E-08
  1104.0 -.5330331E-08
  1105.0 -.4880133E-08
  1106.0 -.4395531E-08
  1107.0 -.3886313E-08
  1108.0 -.3362308E-08
  1109.0 -.2833136E-08
  1110.0 -.2308082E-08
  1111.0 -.1795890E-08
  1112.0 -.1304651E-08
  1113.0 -.8416324E-09
  1114.0 -.4131950E-09
  1115.0 -.2468801E-10
  1116.0 0.3196171E-09
  1117.0 0.6165691E-09
  1118.0 0.8641528E-09
  1119.0 0.1061490E-08
  1120.0 0.1208805E-08
  1121.0 0.1307371E-08
  1122.0 0.1359453E-08
  1123.0 0.1368201E-08
  1124.0 0.1337537E-08
  1125.0 0.1272061E-08
  1126.0 0.1176880E-08
  1127.0 0.1057511E-08
  1128.0 0.9196897E-09
  1129.0 0.7692663E-09
  1130.0 0.6120318E-09
  1131.0 0.4535999E-09
  1132.0 0.2992628E-09
  1133.0 0.1538868E-09
  1134.0 0.2179378E-10
  1135.0 -.9331121E-10
  1136.0 -.1884255E-09
  1137.0 -.2612856E-09
  1138.0 -.3104058E-09
  1139.0 -.3350862E-09
  1140.0 -.3353960E-09
  1141.0 -.3121514E-09
  1142.0 -.2668574E-09
  1143.0 -.2016415E-09
  1144.0 -.1191721E-09
  1145.0 -.2255844E-10
  1146.0 0.8475236E-10
  1147.0 0.1990971E-09
  1148.0 0.3167129E-09
  1149.0 0.4338589E-09
  1150.0 0.5469404E-09
  1151.0 0.6526160E-09
  1152.0 0.7479171E-09
  1153.0 0.8303348E-09
  1154.0 0.8979024E-09
  1155.0 0.9492687E-09
  1156.0 0.9837433E-09
  1157.0 0.1001322E-08
  1158.0 0.1002704E-08
  1159.0 0.9892733E-09
  1160.0 0.9630714E-09
  1161.0 0.9267357E-09
  1162.0 0.8834404E-09
  1163.0 0.8367879E-09
  1164.0 0.7907197E-09
  1165.0 0.7493912E-09
  1166.0 0.7170441E-09
  1167.0 0.6978557E-09
  1168.0 0.6958392E-09
  1169.0 0.7146534E-09
  1170.0 0.7575059E-09
  1171.0 0.8270155E-09
  1172.0 0.9250887E-09
  1173.0 0.1052829E-08
  1174.0 0.1210450E-08
  1175.0 0.1397223E-08
  1176.0 0.1611421E-08
  1177.0 0.1850316E-08
  1178.0 0.2110208E-08
  1179.0 0.2386434E-08
  1180.0 0.2673459E-08
  1181.0 0.2964969E-08
  1182.0 0.3253978E-08
  1183.0 0.3532980E-08
  1184.0 0.3794126E-08
  1185.0 0.4029371E-08
  1186.0 0.4230697E-08
  1187.0 0.4390304E-08
  1188.0 0.4500833E-08
  1189.0 0.4555554E-08
  1190.0 0.4548590E-08
  1191.0 0.4475091E-08
  1192.0 0.4331444E-08
  1193.0 0.4115392E-08
  1194.0 0.3826196E-08
  1195.0 0.3464737E-08
  1196.0 0.3033588E-08
  1197.0 0.2537040E-08
  1198.0 0.1981119E-08
  1199.0 0.1373546E-08
  1200.0 0.7236470E-09
  1201.0 0.4224236E-10
  1202.0 -.6585140E-09
  1203.0 -.1365330E-08
  1204.0 -.2064001E-08
  1205.0 -.2739674E-08
  1206.0 -.3377126E-08
  1207.0 -.3961092E-08
  1208.0 -.4476546E-08
  1209.0 -.4909078E-08
  1210.0 -.5245203E-08
  1211.0 -.5472690E-08
  1212.0 -.5580871E-08
  1213.0 -.5560970E-08
  1214.0 -.5406337E-08
  1215.0 -.5112704E-08
  1216.0 -.4678395E-08
  1217.0 -.4104451E-08
  1218.0 -.3394769E-08
  1219.0 -.2556149E-08
  1220.0 -.1598268E-08
  1221.0 -.5336550E-09
  1222.0 0.6224486E-09
  1223.0 0.1852266E-08
  1224.0 0.3135692E-08
  1225.0 0.4450618E-08
  1226.0 0.5773239E-08
  1227.0 0.7078434E-08
  1228.0 0.8340205E-08
  1229.0 0.9532119E-08
  1230.0 0.1062774E-07
  1231.0 0.1160122E-07
  1232.0 0.1242769E-07
  1233.0 0.1308380E-07
  1234.0 0.1354821E-07
  1235.0 0.1380204E-07
  1236.0 0.1382925E-07
  1237.0 0.1361713E-07
  1238.0 0.1315657E-07
  1239.0 0.1244233E-07
  1240.0 0.1147332E-07
  1241.0 0.1025273E-07
  1242.0 0.8788056E-08
  1243.0 0.7091242E-08
  1244.0 0.5178466E-08
  1245.0 0.3070108E-08
  1246.0 0.7904334E-09
  1247.0 -.1632634E-08
  1248.0 -.4167923E-08
  1249.0 -.6781417E-08
  1250.0 -.9436753E-08
  1251.0 -.1209575E-07
  1252.0 -.1471906E-07
  1253.0 -.1726667E-07
  1254.0 -.1969858E-07
  1255.0 -.2197551E-07
  1256.0 -.2405947E-07
  1257.0 -.2591439E-07
  1258.0 -.2750686E-07
  1259.0 -.2880649E-07
  1260.0 -.2978662E-07
  1261.0 -.3042481E-07
  1262.0 -.3070305E-07
  1263.0 -.3060834E-07
  1264.0 -.3013297E-07
  1265.0 -.2927444E-07
  1266.0 -.2803591E-07
  1267.0 -.2642601E-07
  1268.0 -.2445873E-07
  1269.0 -.2215353E-07
  1270.0 -.1953475E-07
  1271.0 -.1663159E-07
  1272.0 -.1347758E-07
  1273.0 -.1011001E-07
  1274.0 -.6569658E-08
  1275.0 -.2899935E-08
  1276.0 0.8535495E-09
  1277.0 0.4643772E-08
  1278.0 0.8422884E-08
  1279.0 0.1214297E-07
  1280.0 0.1575672E-07
  1281.0 0.1921813E-07
  1282.0 0.2248315E-07
  1283.0 0.2551029E-07
  1284.0 0.2826129E-07
  1285.0 0.3070160E-07
  1286.0 0.3280076E-07
  1287.0 0.3453309E-07
  1288.0 0.3587785E-07
  1289.0 0.3681938E-07
  1290.0 0.3734743E-07
  1291.0 0.3745746E-07
  1292.0 0.3715020E-07
  1293.0 0.3643208E-07
  1294.0 0.3531469E-07
  1295.0 0.3381485E-07
  1296.0 0.3195413E-07
  1297.0 0.2975876E-07
  1298.0 0.2725886E-07
  1299.0 0.2448824E-07
  1300.0 0.2148384E-07
  1301.0 0.1828518E-07
  1302.0 0.1493382E-07
  1303.0 0.1147262E-07
  1304.0 0.7945430E-08
  1305.0 0.4396287E-08
  1306.0 0.8688436E-09
  1307.0 -.2594103E-08
  1308.0 -.5951238E-08
  1309.0 -.9163217E-08
  1310.0 -.1219310E-07
  1311.0 -.1500688E-07
  1312.0 -.1757375E-07
  1313.0 -.1986655E-07
  1314.0 -.2186198E-07
  1315.0 -.2354085E-07
  1316.0 -.2488822E-07
  1317.0 -.2589351E-07
  1318.0 -.2655060E-07
  1319.0 -.2685777E-07
  1320.0 -.2681772E-07
  1321.0 -.2643734E-07
  1322.0 -.2572767E-07
  1323.0 -.2470356E-07
  1324.0 -.2338362E-07
  1325.0 -.2178971E-07
  1326.0 -.1994692E-07
  1327.0 -.1788286E-07
  1328.0 -.1562755E-07
  1329.0 -.1321300E-07
  1330.0 -.1067277E-07
  1331.0 -.8041487E-08
  1332.0 -.5354586E-08
  1333.0 -.2647746E-08
  1334.0 0.4343603E-10
  1335.0 0.2683925E-08
  1336.0 0.5239603E-08
  1337.0 0.7677714E-08
  1338.0 0.9967133E-08
  1339.0 0.1207889E-07
  1340.0 0.1398636E-07
  1341.0 0.1566561E-07
  1342.0 0.1709572E-07
  1343.0 0.1825902E-07
  1344.0 0.1914126E-07
  1345.0 0.1973187E-07
  1346.0 0.2002399E-07
  1347.0 0.2001476E-07
  1348.0 0.1970518E-07
  1349.0 0.1910022E-07
  1350.0 0.1820892E-07
  1351.0 0.1704404E-07
  1352.0 0.1562219E-07
  1353.0 0.1396359E-07
  1354.0 0.1209182E-07
  1355.0 0.1003359E-07
  1356.0 0.7818435E-08
  1357.0 0.5478412E-08
  1358.0 0.3047631E-08
  1359.0 0.5619010E-09
  1360.0 -.1941771E-08
  1361.0 -.4425647E-08
  1362.0 -.6851762E-08
  1363.0 -.9182526E-08
  1364.0 -.1138116E-07
  1365.0 -.1341231E-07
  1366.0 -.1524262E-07
  1367.0 -.1684121E-07
  1368.0 -.1818028E-07
  1369.0 -.1923542E-07
  1370.0 -.1998630E-07
  1371.0 -.2041693E-07
  1372.0 -.2051602E-07
  1373.0 -.2027738E-07
  1374.0 -.1970007E-07
  1375.0 -.1878847E-07
  1376.0 -.1755256E-07
  1377.0 -.1600775E-07
  1378.0 -.1417482E-07
  1379.0 -.1207973E-07
  1380.0 -.9753341E-08
  1381.0 -.7231090E-08
  1382.0 -.4552421E-08
  1383.0 -.1760351E-08
  1384.0 0.1099199E-08
  1385.0 0.3978065E-08
  1386.0 0.6826632E-08
  1387.0 0.9594583E-08
  1388.0 0.1223172E-07
  1389.0 0.1468890E-07
  1390.0 0.1691883E-07
  1391.0 0.1887686E-07
  1392.0 0.2052214E-07
  1393.0 0.2181794E-07
  1394.0 0.2273276E-07
  1395.0 0.2324098E-07
  1396.0 0.2332331E-07
  1397.0 0.2296746E-07
  1398.0 0.2216838E-07
  1399.0 0.2092876E-07
  1400.0 0.1925896E-07
  1401.0 0.1717718E-07
  1402.0 0.1470929E-07
  1403.0 0.1188865E-07
  1404.0 0.8755562E-08
  1405.0 0.5356892E-08
  1406.0 0.1745351E-08
  1407.0 -.2021337E-08
  1408.0 -.5881254E-08
  1409.0 -.9769349E-08
  1410.0 -.1361845E-07
  1411.0 -.1736054E-07
  1412.0 -.2092775E-07
  1413.0 -.2425374E-07
  1414.0 -.2727489E-07
  1415.0 -.2993148E-07
  1416.0 -.3216876E-07
  1417.0 -.3393826E-07
  1418.0 -.3519862E-07
  1419.0 -.3591660E-07
  1420.0 -.3606755E-07
  1421.0 -.3563689E-07
  1422.0 -.3461931E-07
  1423.0 -.3302022E-07
  1424.0 -.3085530E-07
  1425.0 -.2815041E-07
  1426.0 -.2494164E-07
  1427.0 -.2127464E-07
  1428.0 -.1720404E-07
  1429.0 -.1279263E-07
  1430.0 -.8110399E-08
  1431.0 -.3233467E-08
  1432.0 0.1757299E-08
  1433.0 0.6777574E-08
  1434.0 0.1174099E-07
  1435.0 0.1656080E-07
  1436.0 0.2115128E-07
  1437.0 0.2542940E-07
  1438.0 0.2931633E-07
  1439.0 0.3273887E-07
  1440.0 0.3563105E-07
  1441.0 0.3793514E-07
  1442.0 0.3960302E-07
  1443.0 0.4059725E-07
  1444.0 0.4089150E-07
  1445.0 0.4047180E-07
  1446.0 0.3933643E-07
  1447.0 0.3749615E-07
  1448.0 0.3497449E-07
  1449.0 0.3180711E-07
  1450.0 0.2804161E-07
  1451.0 0.2373651E-07
  1452.0 0.1896042E-07
  1453.0 0.1379094E-07
  1454.0 0.8313234E-08
  1455.0 0.2618655E-08
  1456.0 -.3196921E-08
  1457.0 -.9034861E-08
  1458.0 -.1479540E-07
  1459.0 -.2037960E-07
  1460.0 -.2569106E-07
  1461.0 -.3063778E-07
  1462.0 -.3513368E-07
  1463.0 -.3910041E-07
  1464.0 -.4246882E-07
  1465.0 -.4517992E-07
  1466.0 -.4718652E-07
  1467.0 -.4845350E-07
  1468.0 -.4895913E-07
  1469.0 -.4869488E-07
  1470.0 -.4766600E-07
  1471.0 -.4589117E-07
  1472.0 -.4340220E-07
  1473.0 -.4024336E-07
  1474.0 -.3647070E-07
  1475.0 -.3215060E-07
  1476.0 -.2735894E-07
  1477.0 -.2217898E-07
  1478.0 -.1670032E-07
  1479.0 -.1101691E-07
  1480.0 -.5225051E-08
  1481.0 0.5782668E-09
  1482.0 0.6297349E-08
  1483.0 0.1183973E-07
  1484.0 0.1711779E-07
  1485.0 0.2205070E-07
  1486.0 0.2656574E-07
  1487.0 0.3059983E-07
  1488.0 0.3410063E-07
  1489.0 0.3702732E-07
  1490.0 0.3935182E-07
  1491.0 0.4105849E-07
  1492.0 0.4214495E-07
  1493.0 0.4262120E-07
  1494.0 0.4251013E-07
  1495.0 0.4184621E-07
  1496.0 0.4067418E-07
  1497.0 0.3904930E-07
  1498.0 0.3703419E-07
  1499.0 0.3469871E-07
  1500.0 0.3211717E-07
  1501.0 0.2936739E-07
  1502.0 0.2652802E-07
  1503.0 0.2367716E-07
  1504.0 0.2089010E-07
  1505.0 0.1823768E-07
  1506.0 0.1578438E-07
  1507.0 0.1358672E-07
  1508.0 0.1169188E-07
  1509.0 0.1013645E-07
  1510.0 0.8945475E-08
  1511.0 0.8131581E-08
  1512.0 0.7694873E-08
  1513.0 0.7622558E-08
  1514.0 0.7889213E-08
  1515.0 0.8457446E-08
  1516.0 0.9278526E-08
  1517.0 0.1029373E-07
  1518.0 0.1143549E-07
  1519.0 0.1262932E-07
  1520.0 0.1379542E-07
  1521.0 0.1485100E-07
  1522.0 0.1571214E-07
  1523.0 0.1629642E-07
  1524.0 0.1652486E-07
  1525.0 0.1632438E-07
  1526.0 0.1563021E-07
  1527.0 0.1438754E-07
  1528.0 0.1255392E-07
  1529.0 0.1010072E-07
  1530.0 0.7014530E-08
  1531.0 0.3298432E-08
  1532.0 -.1027183E-08
  1533.0 -.5924342E-08
  1534.0 -.1133733E-07
  1535.0 -.1719311E-07
  1536.0 -.2340208E-07
  1537.0 -.2985923E-07
  1538.0 -.3644584E-07
  1539.0 -.4303129E-07
  1540.0 -.4947539E-07
  1541.0 -.5563120E-07
  1542.0 -.6134739E-07
  1543.0 -.6647214E-07
  1544.0 -.7085527E-07
  1545.0 -.7435285E-07
  1546.0 -.7682929E-07
  1547.0 -.7816167E-07
  1548.0 -.7824212E-07
  1549.0 -.7698140E-07
  1550.0 -.7431169E-07
  1551.0 -.7018849E-07
  1552.0 -.6459323E-07
  1553.0 -.5753442E-07
  1554.0 -.4904945E-07
  1555.0 -.3920480E-07
  1556.0 -.2809613E-07
  1557.0 -.1584803E-07
  1558.0 -.2612865E-08
  1559.0 0.1143076E-07
  1560.0 0.2608029E-07
  1561.0 0.4111164E-07
  1562.0 0.5628297E-07
  1563.0 0.7133766E-07
  1564.0 0.8600890E-07
  1565.0 0.1000238E-06
  1566.0 0.1131081E-06
  1567.0 0.1249916E-06
  1568.0 0.1354123E-06
  1569.0 0.1441212E-06
  1570.0 0.1508888E-06
  1571.0 0.1555078E-06
  1572.0 0.1577992E-06
  1573.0 0.1576151E-06
  1574.0 0.1548437E-06
  1575.0 0.1494114E-06
  1576.0 0.1412858E-06
  1577.0 0.1304776E-06
  1578.0 0.1170423E-06
  1579.0 0.1010795E-06
  1580.0 0.8273416E-07
  1581.0 0.6219467E-07
  1582.0 0.3969112E-07
  1583.0 0.1549288E-07
  1584.0 -.1009447E-07
  1585.0 -.3673361E-07
  1586.0 -.6405978E-07
  1587.0 -.9168587E-07
  1588.0 -.1192085E-06
  1589.0 -.1462139E-06
  1590.0 -.1722843E-06
  1591.0 -.1970043E-06
  1592.0 -.2199685E-06
  1593.0 -.2407864E-06
  1594.0 -.2590911E-06
  1595.0 -.2745435E-06
  1596.0 -.2868409E-06
  1597.0 -.2957201E-06
  1598.0 -.3009619E-06
  1599.0 -.3023987E-06
  1600.0 -.2999149E-06
  1601.0 -.2934504E-06
  1602.0 -.2830031E-06
  1603.0 -.2686306E-06
  1604.0 -.2504469E-06
  1605.0 -.2286255E-06
  1606.0 -.2033956E-06
  1607.0 -.1750391E-06
  1608.0 -.1438877E-06
  1609.0 -.1103185E-06
  1610.0 -.7474748E-07
  1611.0 -.3762560E-07
  1612.0 0.5692974E-09
  1613.0 0.3933903E-07
  1614.0 0.7817201E-07
  1615.0 0.1165516E-06
  1616.0 0.1539633E-06
  1617.0 0.1899030E-06
  1618.0 0.2238842E-06
  1619.0 0.2554454E-06
  1620.0 0.2841587E-06
  1621.0 0.3096330E-06
  1622.0 0.3315240E-06
  1623.0 0.3495352E-06
  1624.0 0.3634283E-06
  1625.0 0.3730200E-06
  1626.0 0.3781892E-06
  1627.0 0.3788787E-06
  1628.0 0.3750926E-06
  1629.0 0.3669015E-06
  1630.0 0.3544353E-06
  1631.0 0.3378860E-06
  1632.0 0.3175013E-06
  1633.0 0.2935829E-06
  1634.0 0.2664800E-06
  1635.0 0.2365837E-06
  1636.0 0.2043235E-06
  1637.0 0.1701566E-06
  1638.0 0.1345638E-06
  1639.0 0.9804055E-07
  1640.0 0.6108980E-07
  1641.0 0.2421395E-07
  1642.0 -.1209205E-07
  1643.0 -.4734916E-07
  1644.0 -.8110072E-07
  1645.0 -.1129188E-06
  1646.0 -.1424119E-06
  1647.0 -.1692280E-06
  1648.0 -.1930621E-06
  1649.0 -.2136583E-06
  1650.0 -.2308137E-06
  1651.0 -.2443808E-06
  1652.0 -.2542680E-06
  1653.0 -.2604418E-06
  1654.0 -.2629243E-06
  1655.0 -.2617928E-06
  1656.0 -.2571788E-06
  1657.0 -.2492618E-06
  1658.0 -.2382674E-06
  1659.0 -.2244638E-06
  1660.0 -.2081549E-06
  1661.0 -.1896747E-06
  1662.0 -.1693822E-06
  1663.0 -.1476547E-06
  1664.0 -.1248819E-06
  1665.0 -.1014571E-06
  1666.0 -.7777368E-07
  1667.0 -.5421690E-07
  1668.0 -.3115787E-07
  1669.0 -.8948423E-08
  1670.0 0.1208459E-07
  1671.0 0.3164403E-07
  1672.0 0.4946676E-07
  1673.0 0.6532653E-07
  1674.0 0.7903774E-07
  1675.0 0.9045679E-07
  1676.0 0.9948345E-07
  1677.0 0.1060616E-06
  1678.0 0.1101789E-06
  1679.0 0.1118653E-06
  1680.0 0.1111920E-06
  1681.0 0.1082691E-06
  1682.0 0.1032418E-06
  1683.0 0.9628740E-07
  1684.0 0.8761154E-07
  1685.0 0.7744330E-07
  1686.0 0.6603057E-07
  1687.0 0.5363511E-07
  1688.0 0.4052799E-07
  1689.0 0.2698396E-07
  1690.0 0.1327664E-07
  1691.0 -.3263418E-09
  1692.0 -.1356796E-07
  1693.0 -.2620611E-07
  1694.0 -.3801758E-07
  1695.0 -.4880131E-07
  1696.0 -.5838169E-07
  1697.0 -.6661103E-07
  1698.0 -.7337085E-07
  1699.0 -.7857401E-07
  1700.0 -.8216492E-07
  1701.0 -.8411956E-07
  1702.0 -.8444515E-07
  1703.0 -.8317958E-07
  1704.0 -.8038843E-07
  1705.0 -.7616489E-07
  1706.0 -.7062537E-07
  1707.0 -.6390810E-07
  1708.0 -.5616926E-07
  1709.0 -.4757932E-07
  1710.0 -.3832011E-07
  1711.0 -.2858062E-07
  1712.0 -.1855349E-07
  1713.0 -.8431170E-08
  1714.0 0.1597540E-08
  1715.0 0.1135111E-07
  1716.0 0.2065823E-07
  1717.0 0.2936090E-07
  1718.0 0.3731707E-07
  1719.0 0.4440261E-07
  1720.0 0.5051342E-07
  1721.0 0.5556653E-07
  1722.0 0.5950130E-07
  1723.0 0.6227980E-07
  1724.0 0.6388672E-07
  1725.0 0.6432952E-07
  1726.0 0.6363664E-07
  1727.0 0.6185783E-07
  1728.0 0.5906104E-07
  1729.0 0.5533160E-07
  1730.0 0.5076967E-07
  1731.0 0.4548810E-07
  1732.0 0.3960968E-07
  1733.0 0.3326496E-07
  1734.0 0.2658890E-07
  1735.0 0.1971870E-07
  1736.0 0.1279085E-07
  1737.0 0.5938712E-08
  1738.0 -.7100888E-09
  1739.0 -.7035823E-08
  1740.0 -.1292874E-07
  1741.0 -.1829085E-07
  1742.0 -.2303740E-07
  1743.0 -.2709816E-07
  1744.0 -.3041829E-07
  1745.0 -.3295898E-07
  1746.0 -.3469740E-07
  1747.0 -.3562715E-07
  1748.0 -.3575745E-07
  1749.0 -.3511243E-07
  1750.0 -.3373065E-07
  1751.0 -.3166344E-07
  1752.0 -.2897370E-07
  1753.0 -.2573427E-07
  1754.0 -.2202614E-07
  1755.0 -.1793684E-07
  1756.0 -.1355819E-07
  1757.0 -.8984746E-08
  1758.0 -.4311493E-08
  1759.0 0.3676374E-09
  1760.0 0.4961846E-08
  1761.0 0.9384988E-08
  1762.0 0.1355711E-07
  1763.0 0.1740589E-07
  1764.0 0.2086766E-07
  1765.0 0.2388843E-07
  1766.0 0.2642459E-07
  1767.0 0.2844344E-07
  1768.0 0.2992347E-07
  1769.0 0.3085428E-07
  1770.0 0.3123657E-07
  1771.0 0.3108155E-07
  1772.0 0.3041048E-07
  1773.0 0.2925387E-07
  1774.0 0.2765060E-07
  1775.0 0.2564669E-07
  1776.0 0.2329434E-07
  1777.0 0.2065049E-07
  1778.0 0.1777569E-07
  1779.0 0.1473267E-07
  1780.0 0.1158505E-07
  1781.0 0.8395991E-08
  1782.0 0.5227067E-08
  1783.0 0.2137047E-08
  1784.0 -.8192204E-09
  1785.0 -.3591659E-08
  1786.0 -.6135812E-08
  1787.0 -.8413527E-08
  1788.0 -.1039346E-07
  1789.0 -.1205139E-07
  1790.0 -.1337052E-07
  1791.0 -.1434141E-07
  1792.0 -.1496188E-07
  1793.0 -.1523688E-07
  1794.0 -.1517793E-07
  1795.0 -.1480269E-07
  1796.0 -.1413441E-07
  1797.0 -.1320103E-07
  1798.0 -.1203465E-07
  1799.0 -.1067052E-07
  1800.0 -.9146229E-08
  1801.0 -.7500863E-08
  1802.0 -.5774123E-08
  1803.0 -.4005441E-08
  1804.0 -.2233231E-08
  1805.0 -.4940917E-09
  1806.0 0.1177843E-08
  1807.0 0.2751527E-08
  1808.0 0.4199475E-08
  1809.0 0.5498213E-08
  1810.0 0.6628576E-08
  1811.0 0.7575856E-08
  1812.0 0.8330032E-08
  1813.0 0.8885603E-08
  1814.0 0.9241526E-08
  1815.0 0.9401175E-08
  1816.0 0.9371851E-08
  1817.0 0.9164509E-08
  1818.0 0.8793363E-08
  1819.0 0.8275387E-08
  1820.0 0.7629769E-08
  1821.0 0.6877468E-08
  1822.0 0.6040572E-08
  1823.0 0.5141781E-08
  1824.0 0.4203863E-08
  1825.0 0.3249144E-08
  1826.0 0.2299018E-08
  1827.0 0.1373514E-08
  1828.0 0.4909094E-09
  1829.0 -.3326200E-09
  1830.0 -.1083225E-08
  1831.0 -.1749622E-08
  1832.0 -.2323194E-08
  1833.0 -.2798074E-08
  1834.0 -.3171108E-08
  1835.0 -.3441833E-08
  1836.0 -.3612295E-08
  1837.0 -.3686894E-08
  1838.0 -.3672158E-08
  1839.0 -.3576433E-08
  1840.0 -.3409626E-08
  1841.0 -.3182845E-08
  1842.0 -.2908045E-08
  1843.0 -.2597729E-08
  1844.0 -.2264541E-08
  1845.0 -.1920970E-08
  1846.0 -.1579011E-08
  1847.0 -.1249901E-08
  1848.0 -.9438235E-09
  1849.0 -.6697124E-09
  1850.0 -.4350628E-09
  1851.0 -.2457847E-09
  1852.0 -.1061328E-09
  1853.0 -.1862864E-10
  1854.0 0.1590035E-10
  1855.0 -.1697935E-11
  1856.0 -.6899689E-10
  1857.0 -.1821047E-09
  1858.0 -.3358409E-09
  1859.0 -.5239149E-09
  1860.0 -.7391394E-09
  1861.0 -.9736451E-09
  1862.0 -.1219134E-08
  1863.0 -.1467113E-08
  1864.0 -.1709149E-08
  1865.0 -.1937082E-08
  1866.0 -.2143258E-08
  1867.0 -.2320724E-08
  1868.0 -.2463422E-08
  1869.0 -.2566298E-08
  1870.0 -.2625486E-08
  1871.0 -.2638329E-08
  1872.0 -.2603493E-08
  1873.0 -.2520951E-08
  1874.0 -.2391973E-08
  1875.0 -.2219072E-08
  1876.0 -.2005976E-08
  1877.0 -.1757441E-08
  1878.0 -.1479192E-08
  1879.0 -.1177719E-08
  1880.0 -.8601408E-09
  1881.0 -.5339950E-09
  1882.0 -.2070628E-09
  1883.0 0.1128180E-09
  1884.0 0.4179774E-09
  1885.0 0.7010574E-09
  1886.0 0.9552212E-09
  1887.0 0.1174299E-08
  1888.0 0.1352927E-08
  1889.0 0.1486679E-08
  1890.0 0.1572161E-08
  1891.0 0.1607068E-08
  1892.0 0.1590251E-08
  1893.0 0.1521719E-08
  1894.0 0.1402628E-08
  1895.0 0.1235250E-08
  1896.0 0.1022910E-08
  1897.0 0.7698953E-09
  1898.0 0.4813522E-09
  1899.0 0.1631626E-09
  1900.0 -.1781976E-09
  1901.0 -.5358051E-09
  1902.0 -.9024501E-09
  1903.0 -.1270800E-08
  1904.0 -.1633548E-08
  1905.0 -.1983582E-08
  1906.0 -.2314130E-08
  1907.0 -.2618896E-08
  1908.0 -.2892201E-08
  1909.0 -.3129058E-08
  1910.0 -.3325301E-08
  1911.0 -.3477628E-08
  1912.0 -.3583673E-08
  1913.0 -.3642011E-08
  1914.0 -.3652192E-08
  1915.0 -.3614694E-08
  1916.0 -.3530926E-08
  1917.0 -.3403134E-08
  1918.0 -.3234378E-08
  1919.0 -.3028406E-08
  1920.0 -.2789562E-08
  1921.0 -.2522707E-08
  1922.0 -.2233070E-08
  1923.0 -.1926147E-08
  1924.0 -.1607575E-08
  1925.0 -.1283017E-08
  1926.0 -.9580373E-09
  1927.0 -.6380024E-09
  1928.0 -.3279756E-09
  1929.0 -.3262576E-10
  1930.0 0.2438394E-09
  1931.0 0.4977486E-09
  1932.0 0.7260084E-09
  1933.0 0.9261421E-09
  1934.0 0.1096297E-08
  1935.0 0.1235263E-08
  1936.0 0.1342452E-08
  1937.0 0.1417874E-08
  1938.0 0.1462105E-08
  1939.0 0.1476235E-08
  1940.0 0.1461816E-08
  1941.0 0.1420798E-08
  1942.0 0.1355451E-08
  1943.0 0.1268318E-08
  1944.0 0.1162113E-08
  1945.0 0.1039677E-08
  1946.0 0.9038762E-09
  1947.0 0.7575751E-09
  1948.0 0.6035493E-09
  1949.0 0.4444448E-09
  1950.0 0.2827350E-09
  1951.0 0.1206835E-09
  1952.0 -.3967631E-10
  1953.0 -.1965740E-09
  1954.0 -.3484867E-09
  1955.0 -.4941537E-09
  1956.0 -.6325513E-09
  1957.0 -.7628868E-09
  1958.0 -.8845846E-09
  1959.0 -.9972254E-09
  1960.0 -.1100543E-08
  1961.0 -.1194380E-08
  1962.0 -.1278644E-08
  1963.0 -.1353289E-08
  1964.0 -.1418267E-08
  1965.0 -.1473507E-08
  1966.0 -.1518892E-08
  1967.0 -.1554223E-08
  1968.0 -.1579234E-08
  1969.0 -.1593553E-08
  1970.0 -.1596730E-08
  1971.0 -.1588229E-08
  1972.0 -.1567435E-08
  1973.0 -.1533704E-08
  1974.0 -.1486365E-08
  1975.0 -.1424752E-08
  1976.0 -.1348258E-08
  1977.0 -.1256357E-08
  1978.0 -.1148655E-08
  1979.0 -.1024926E-08
  1980.0 -.8851476E-09
  1981.0 -.7295552E-09
  1982.0 -.5586513E-09
  1983.0 -.3732472E-09
  1984.0 -.1744860E-09
  1985.0 0.3616013E-10
  1986.0 0.2568624E-09
  1987.0 0.4854650E-09
  1988.0 0.7194783E-09
  1989.0 0.9561180E-09
  1990.0 0.1192326E-08
  1991.0 0.1424828E-08
  1992.0 0.1650168E-08
  1993.0 0.1864781E-08
  1994.0 0.2065048E-08
  1995.0 0.2247384E-08
  1996.0 0.2408280E-08
  1997.0 0.2544418E-08
  1998.0 0.2652716E-08
  1999.0 0.2730427E-08
  2000.0 0.2775192E-08
  2001.0 0.2785107E-08
  2002.0 0.2758799E-08
  2003.0 0.2695459E-08
  2004.0 0.2594897E-08
  2005.0 0.2457548E-08
  2006.0 0.2284525E-08
  2007.0 0.2077568E-08
  2008.0 0.1839106E-08
  2009.0 0.1572169E-08
  2010.0 0.1280378E-08
  2011.0 0.9679018E-09
  2012.0 0.6393690E-09
  2013.0 0.2998194E-09
  2014.0 -.4539653E-10
  2015.0 -.3907045E-09
  2016.0 -.7304113E-09
  2017.0 -.1058803E-08
  2018.0 -.1370255E-08
  2019.0 -.1659339E-08
  2020.0 -.1920929E-08
  2021.0 -.2150310E-08
  2022.0 -.2343250E-08
  2023.0 -.2496115E-08
  2024.0 -.2605933E-08
  2025.0 -.2670455E-08
  2026.0 -.2688204E-08
  2027.0 -.2658527E-08
  2028.0 -.2581599E-08
  2029.0 -.2458433E-08
  2030.0 -.2290874E-08
  2031.0 -.2081566E-08
  2032.0 -.1833902E-08
  2033.0 -.1551976E-08
  2034.0 -.1240497E-08
  2035.0 -.9047190E-09
  2036.0 -.5503314E-09
  2037.0 -.1833585E-09
  2038.0 0.1899522E-09
  2039.0 0.5632503E-09
  2040.0 0.9301972E-09
  2041.0 0.1284590E-08
  2042.0 0.1620468E-08
  2043.0 0.1932245E-08
  2044.0 0.2214784E-08
  2045.0 0.2463522E-08
  2046.0 0.2674523E-08
  2047.0 0.2844578E-08
  2048.0 0.2971241E-08
  2049.0 0.3052881E-08
  2050.0 0.3088688E-08
  2051.0 0.3078714E-08
  2052.0 0.3023827E-08
  2053.0 0.2925712E-08
  2054.0 0.2786824E-08
  2055.0 0.2610323E-08
  2056.0 0.2400010E-08
  2057.0 0.2160252E-08
  2058.0 0.1895882E-08
  2059.0 0.1612090E-08
  2060.0 0.1314343E-08
  2061.0 0.1008252E-08
  2062.0 0.6994662E-09
  2063.0 0.3935651E-09
  2064.0 0.9594607E-10
  2065.0 -.1882756E-09
  2066.0 -.4543620E-09
  2067.0 -.6980410E-09
  2068.0 -.9155818E-09
  2069.0 -.1103854E-08
  2070.0 -.1260380E-08
  2071.0 -.1383373E-08
  2072.0 -.1471746E-08
  2073.0 -.1525134E-08
  2074.0 -.1543866E-08
  2075.0 -.1528954E-08
  2076.0 -.1482043E-08
  2077.0 -.1405379E-08
  2078.0 -.1301720E-08
  2079.0 -.1174286E-08
  2080.0 -.1026665E-08
  2081.0 -.8627371E-09
  2082.0 -.6865673E-09
  2083.0 -.5023317E-09
  2084.0 -.3142112E-09
  2085.0 -.1263023E-09
  2086.0 0.5746525E-10
  2087.0 0.2334180E-09
  2088.0 0.3982036E-09
  2089.0 0.5488628E-09
  2090.0 0.6828830E-09
  2091.0 0.7982331E-09
  2092.0 0.8934047E-09
  2093.0 0.9674258E-09
  2094.0 0.1019868E-08
  2095.0 0.1050828E-08
  2096.0 0.1060922E-08
  2097.0 0.1051246E-08
  2098.0 0.1023335E-08
  2099.0 0.9791077E-09
  2100.0 0.9208122E-09
  2101.0 0.8509498E-09
  2102.0 0.7722125E-09
  2103.0 0.6873965E-09
  2104.0 0.5993410E-09
  2105.0 0.5108326E-09
  2106.0 0.4245474E-09
  2107.0 0.3429742E-09
  2108.0 0.2683501E-09
  2109.0 0.2026071E-09
  2110.0 0.1473227E-09
  2111.0 0.1036801E-09
  2112.0 0.7244075E-10
  2113.0 0.5393218E-10
  2114.0 0.4803341E-10
  2115.0 0.5419362E-10
  2116.0 0.7143895E-10
  2117.0 0.9840864E-10
  2118.0 0.1333911E-09
  2119.0 0.1743738E-09
  2120.0 0.2190960E-09
  2121.0 0.2651195E-09
  2122.0 0.3098846E-09
  2123.0 0.3507978E-09
  2124.0 0.3852901E-09
  2125.0 0.4109005E-09
  2126.0 0.4253419E-09
  2127.0 0.4265754E-09
  2128.0 0.4128664E-09
  2129.0 0.3828493E-09
  2130.0 0.3355668E-09
  2131.0 0.2705136E-09
  2132.0 0.1876685E-09
  2133.0 0.8750271E-10
  2134.0 -.2900638E-10
  2135.0 -.1603843E-09
  2136.0 -.3046800E-09
  2137.0 -.4594909E-09
  2138.0 -.6220056E-09
  2139.0 -.7890628E-09
  2140.0 -.9571991E-09
  2141.0 -.1122724E-08
  2142.0 -.1281805E-08
  2143.0 -.1430530E-08
  2144.0 -.1565006E-08
  2145.0 -.1681442E-08
  2146.0 -.1776232E-08
  2147.0 -.1846044E-08
  2148.0 -.1887897E-08
  2149.0 -.1899230E-08
  2150.0 -.1877990E-08
  2151.0 -.1822661E-08
  2152.0 -.1732339E-08
  2153.0 -.1606760E-08
  2154.0 -.1446318E-08
  2155.0 -.1252092E-08
  2156.0 -.1025836E-08
  2157.0 -.7699675E-09
  2158.0 -.4875416E-09
  2159.0 -.1822081E-09
  2160.0 0.1418357E-09
  2161.0 0.4799124E-09
  2162.0 0.8269388E-09
  2163.0 0.1177506E-08
  2164.0 0.1525970E-08
  2165.0 0.1866556E-08
  2166.0 0.2193441E-08
  2167.0 0.2500872E-08
  2168.0 0.2783268E-08
  2169.0 0.3035311E-08
  2170.0 0.3252050E-08
  2171.0 0.3428996E-08
  2172.0 0.3562195E-08
  2173.0 0.3648326E-08
  2174.0 0.3684744E-08
  2175.0 0.3669549E-08
  2176.0 0.3601628E-08
  2177.0 0.3480678E-08
  2178.0 0.3307230E-08
  2179.0 0.3082642E-08
  2180.0 0.2809093E-08
  2181.0 0.2489547E-08
  2182.0 0.2127730E-08
  2183.0 0.1728060E-08
  2184.0 0.1295594E-08
  2185.0 0.8359382E-09
  2186.0 0.3551753E-09
  2187.0 -.1402306E-09
  2188.0 -.6435393E-09
  2189.0 -.1147835E-08
  2190.0 -.1646140E-08
  2191.0 -.2131511E-08
  2192.0 -.2597161E-08
  2193.0 -.3036555E-08
  2194.0 -.3443516E-08
  2195.0 -.3812330E-08
  2196.0 -.4137798E-08
  2197.0 -.4415376E-08
  2198.0 -.4641188E-08
  2199.0 -.4812103E-08
  2200.0 -.4925781E-08
  2201.0 -.4980715E-08
  2202.0 -.4976267E-08
  2203.0 -.4912615E-08
  2204.0 -.4790802E-08
  2205.0 -.4612683E-08
  2206.0 -.4380920E-08
  2207.0 -.4098936E-08
  2208.0 -.3770825E-08
  2209.0 -.3401315E-08
  2210.0 -.2995700E-08
  2211.0 -.2559737E-08
  2212.0 -.2099558E-08
  2213.0 -.1621597E-08
  2214.0 -.1132466E-08
  2215.0 -.6388736E-09
  2216.0 -.1475227E-09
  2217.0 0.3349939E-09
  2218.0 0.8022834E-09
  2219.0 0.1248247E-08
  2220.0 0.1667165E-08
  2221.0 0.2053774E-08
  2222.0 0.2403337E-08
  2223.0 0.2711722E-08
  2224.0 0.2975423E-08
  2225.0 0.3191632E-08
  2226.0 0.3358251E-08
  2227.0 0.3473921E-08
  2228.0 0.3538046E-08
  2229.0 0.3550761E-08
  2230.0 0.3512926E-08
  2231.0 0.3426139E-08
  2232.0 0.3292635E-08
  2233.0 0.3115320E-08
  2234.0 0.2897647E-08
  2235.0 0.2643613E-08
  2236.0 0.2357655E-08
  2237.0 0.2044602E-08
  2238.0 0.1709586E-08
  2239.0 0.1357954E-08
  2240.0 0.9952049E-09
  2241.0 0.6268964E-09
  2242.0 0.2585627E-09
  2243.0 -.1043672E-09
  2244.0 -.4566484E-09
  2245.0 -.7932912E-09
  2246.0 -.1109632E-08
  2247.0 -.1401408E-08
  2248.0 -.1664792E-08
  2249.0 -.1896463E-08
  2250.0 -.2093636E-08
  2251.0 -.2254115E-08
  2252.0 -.2376272E-08
  2253.0 -.2459123E-08
  2254.0 -.2502278E-08
  2255.0 -.2505981E-08
  2256.0 -.2471065E-08
  2257.0 -.2398947E-08
  2258.0 -.2291596E-08
  2259.0 -.2151491E-08
  2260.0 -.1981570E-08
  2261.0 -.1785201E-08
  2262.0 -.1566091E-08
  2263.0 -.1328254E-08
  2264.0 -.1075922E-08
  2265.0 -.8134853E-09
  2266.0 -.5454276E-09
  2267.0 -.2762384E-09
  2268.0 -.1035487E-10
  2269.0 0.2479165E-09
  2270.0 0.4944601E-09
  2271.0 0.7254217E-09
  2272.0 0.9372649E-09
  2273.0 0.1126819E-08
  2274.0 0.1291346E-08
  2275.0 0.1428553E-08
  2276.0 0.1536651E-08
  2277.0 0.1614363E-08
  2278.0 0.1660949E-08
  2279.0 0.1676212E-08
  2280.0 0.1660493E-08
  2281.0 0.1614666E-08
  2282.0 0.1540120E-08
  2283.0 0.1438727E-08
  2284.0 0.1312804E-08
  2285.0 0.1165089E-08
  2286.0 0.9986699E-09
  2287.0 0.8169383E-09
  2288.0 0.6235379E-09
  2289.0 0.4222823E-09
  2290.0 0.2171078E-09
  2291.0 0.1198977E-10
  2292.0 -.1891198E-09
  2293.0 -.3823647E-09
  2294.0 -.5640508E-09
  2295.0 -.7307109E-09
  2296.0 -.8791659E-09
  2297.0 -.1006582E-08
  2298.0 -.1110521E-08
  2299.0 -.1188982E-08
  2300.0 -.1240440E-08
  2301.0 -.1263873E-08
  2302.0 -.1258786E-08
  2303.0 -.1225209E-08
  2304.0 -.1163707E-08
  2305.0 -.1075379E-08
  2306.0 -.9618165E-09
  2307.0 -.8251037E-09
  2308.0 -.6677636E-09
  2309.0 -.4927246E-09
  2310.0 -.3032608E-09
  2311.0 -.1029437E-09
  2312.0 0.1044277E-09
  2313.0 0.3148907E-09
  2314.0 0.5243900E-09
  2315.0 0.7288532E-09
  2316.0 0.9242602E-09
  2317.0 0.1106720E-08
  2318.0 0.1272545E-08
  2319.0 0.1418306E-08
  2320.0 0.1540918E-08
  2321.0 0.1637675E-08
  2322.0 0.1706322E-08
  2323.0 0.1745089E-08
  2324.0 0.1752727E-08
  2325.0 0.1728542E-08
  2326.0 0.1672407E-08
  2327.0 0.1584772E-08
  2328.0 0.1466659E-08
  2329.0 0.1319651E-08
  2330.0 0.1145869E-08
  2331.0 0.9479428E-09
  2332.0 0.7289593E-09
  2333.0 0.4924218E-09
  2334.0 0.2421897E-09
  2335.0 -.1758882E-10
  2336.0 -.2825443E-09
  2337.0 -.5481641E-09
  2338.0 -.8098642E-09
  2339.0 -.1063073E-08
  2340.0 -.1303312E-08
  2341.0 -.1526269E-08
  2342.0 -.1727879E-08
  2343.0 -.1904392E-08
  2344.0 -.2052447E-08
  2345.0 -.2169118E-08
  2346.0 -.2251984E-08
  2347.0 -.2299167E-08
  2348.0 -.2309354E-08
  2349.0 -.2281848E-08
  2350.0 -.2216560E-08
  2351.0 -.2114025E-08
  2352.0 -.1975385E-08
  2353.0 -.1802390E-08
  2354.0 -.1597348E-08
  2355.0 -.1363106E-08
  2356.0 -.1102987E-08
  2357.0 -.8207511E-09
  2358.0 -.5205211E-09
  2359.0 -.2067155E-09
  2360.0 0.1160218E-09
  2361.0 0.4429017E-09
  2362.0 0.7690684E-09
  2363.0 0.1089687E-08
  2364.0 0.1400009E-08
  2365.0 0.1695471E-08
  2366.0 0.1971755E-08
  2367.0 0.2224861E-08
  2368.0 0.2451170E-08
  2369.0 0.2647526E-08
  2370.0 0.2811239E-08
  2371.0 0.2940169E-08
  2372.0 0.3032741E-08
  2373.0 0.3087954E-08
  2374.0 0.3105410E-08
  2375.0 0.3085311E-08
  2376.0 0.3028440E-08
  2377.0 0.2936154E-08
  2378.0 0.2810343E-08
  2379.0 0.2653392E-08
  2380.0 0.2468147E-08
  2381.0 0.2257838E-08
  2382.0 0.2026041E-08
  2383.0 0.1776599E-08
  2384.0 0.1513556E-08
  2385.0 0.1241083E-08
  2386.0 0.9634052E-09
  2387.0 0.6847283E-09
  2388.0 0.4091683E-09
  2389.0 0.1406784E-09
  2390.0 -.1170133E-09
  2391.0 -.3604656E-09
  2392.0 -.5865766E-09
  2393.0 -.7926309E-09
  2394.0 -.9763442E-09
  2395.0 -.1135887E-08
  2396.0 -.1269904E-08
  2397.0 -.1377541E-08
  2398.0 -.1458435E-08
  2399.0 -.1512710E-08
