     0.0 0.0000000E+00
     1.0 -.5183871E-16
     2.0 0.1131315E-14
     3.0 0.7501375E-14
     4.0 0.2557029E-13
     5.0 0.6428321E-13
     6.0 0.1347520E-12
     7.0 0.2498837E-12
     8.0 0.4239415E-12
     9.0 0.6720456E-12
    10.0 0.1009620E-11
    11.0 0.1451807E-11
    12.0 0.2012869E-11
    13.0 0.2705592E-11
    14.0 0.3540706E-11
    15.0 0.4526345E-11
    16.0 0.5667551E-11
    17.0 0.6965843E-11
    18.0 0.8418851E-11
    19.0 0.1002004E-10
    20.0 0.1175847E-10
    21.0 0.1361873E-10
    22.0 0.1558085E-10
    23.0 0.1762035E-10
    24.0 0.1970839E-10
    25.0 0.2181193E-10
    26.0 0.2389397E-10
    27.0 0.2591391E-10
    28.0 0.2782792E-10
    29.0 0.2958932E-10
    30.0 0.3114912E-10
    31.0 0.3245649E-10
    32.0 0.3345932E-10
    33.0 0.3410487E-10
    34.0 0.3434036E-10
    35.0 0.3411370E-10
    36.0 0.3337419E-10
    37.0 0.3207323E-10
    38.0 0.3016523E-10
    39.0 0.2760840E-10
    40.0 0.2436550E-10
    41.0 0.2040482E-10
    42.0 0.1570105E-10
    43.0 0.1023605E-10
    44.0 0.3999698E-11
    45.0 -.3009353E-11
    46.0 -.1078302E-10
    47.0 -.1930326E-10
    48.0 -.2854169E-10
    49.0 -.3845935E-10
    50.0 -.4900669E-10
    51.0 -.6012393E-10
    52.0 -.7174138E-10
    53.0 -.8378035E-10
    54.0 -.9615425E-10
    55.0 -.1087700E-09
    56.0 -.1215293E-09
    57.0 -.1343315E-09
    58.0 -.1470747E-09
    59.0 -.1596589E-09
    60.0 -.1719884E-09
    61.0 -.1839743E-09
    62.0 -.1955374E-09
    63.0 -.2066109E-09
    64.0 -.2171423E-09
    65.0 -.2270967E-09
    66.0 -.2364577E-09
    67.0 -.2452295E-09
    68.0 -.2534379E-09
    69.0 -.2611309E-09
    70.0 -.2683775E-09
    71.0 -.2752685E-09
    72.0 -.2819136E-09
    73.0 -.2884402E-09
    74.0 -.2949892E-09
    75.0 -.3017126E-09
    76.0 -.3087681E-09
    77.0 -.3163156E-09
    78.0 -.3245111E-09
    79.0 -.3335025E-09
    80.0 -.3434223E-09
    81.0 -.3543839E-09
    82.0 -.3664762E-09
    83.0 -.3797579E-09
    84.0 -.3942544E-09
    85.0 -.4099545E-09
    86.0 -.4268071E-09
    87.0 -.4447213E-09
    88.0 -.4635644E-09
    89.0 -.4831653E-09
    90.0 -.5033152E-09
    91.0 -.5237729E-09
    92.0 -.5442694E-09
    93.0 -.5645122E-09
    94.0 -.5841967E-09
    95.0 -.6030115E-09
    96.0 -.6206481E-09
    97.0 -.6368107E-09
    98.0 -.6512262E-09
    99.0 -.6636525E-09
   100.0 -.6738877E-09
   101.0 -.6817801E-09
   102.0 -.6872362E-09
   103.0 -.6902318E-09
   104.0 -.6908140E-09
   105.0 -.6891068E-09
   106.0 -.6853092E-09
   107.0 -.6796967E-09
   108.0 -.6726119E-09
   109.0 -.6644613E-09
   110.0 -.6557042E-09
   111.0 -.6468429E-09
   112.0 -.6384058E-09
   113.0 -.6309355E-09
   114.0 -.6249706E-09
   115.0 -.6210278E-09
   116.0 -.6195850E-09
   117.0 -.6210625E-09
   118.0 -.6258053E-09
   119.0 -.6340692E-09
   120.0 -.6460065E-09
   121.0 -.6616499E-09
   122.0 -.6809079E-09
   123.0 -.7035603E-09
   124.0 -.7292478E-09
   125.0 -.7574814E-09
   126.0 -.7876440E-09
   127.0 -.8189993E-09
   128.0 -.8507067E-09
   129.0 -.8818365E-09
   130.0 -.9113910E-09
   131.0 -.9383242E-09
   132.0 -.9615750E-09
   133.0 -.9800846E-09
   134.0 -.9928341E-09
   135.0 -.9988674E-09
   136.0 -.9973217E-09
   137.0 -.9874551E-09
   138.0 -.9686717E-09
   139.0 -.9405408E-09
   140.0 -.9028210E-09
   141.0 -.8554695E-09
   142.0 -.7986560E-09
   143.0 -.7327606E-09
   144.0 -.6583800E-09
   145.0 -.5763142E-09
   146.0 -.4875560E-09
   147.0 -.3932726E-09
   148.0 -.2947789E-09
   149.0 -.1935096E-09
   150.0 -.9098831E-10
   151.0 0.1121307E-10
   152.0 0.1115144E-09
   153.0 0.2083633E-09
   154.0 0.3002827E-09
   155.0 0.3859084E-09
   156.0 0.4640287E-09
   157.0 0.5336219E-09
   158.0 0.5938872E-09
   159.0 0.6442722E-09
   160.0 0.6844953E-09
   161.0 0.7145561E-09
   162.0 0.7347467E-09
   163.0 0.7456462E-09
   164.0 0.7481169E-09
   165.0 0.7432788E-09
   166.0 0.7324922E-09
   167.0 0.7173196E-09
   168.0 0.6994861E-09
   169.0 0.6808361E-09
   170.0 0.6632807E-09
   171.0 0.6487440E-09
   172.0 0.6391042E-09
   173.0 0.6361418E-09
   174.0 0.6414725E-09
   175.0 0.6565082E-09
   176.0 0.6823905E-09
   177.0 0.7199581E-09
   178.0 0.7697047E-09
   179.0 0.8317490E-09
   180.0 0.9058153E-09
   181.0 0.9912267E-09
   182.0 0.1086901E-08
   183.0 0.1191370E-08
   184.0 0.1302798E-08
   185.0 0.1419020E-08
   186.0 0.1537586E-08
   187.0 0.1655815E-08
   188.0 0.1770864E-08
   189.0 0.1879796E-08
   190.0 0.1979648E-08
   191.0 0.2067530E-08
   192.0 0.2140689E-08
   193.0 0.2196595E-08
   194.0 0.2233023E-08
   195.0 0.2248121E-08
   196.0 0.2240477E-08
   197.0 0.2209179E-08
   198.0 0.2153854E-08
   199.0 0.2074707E-08
   200.0 0.1972533E-08
   201.0 0.1848736E-08
   202.0 0.1705296E-08
   203.0 0.1544765E-08
   204.0 0.1370203E-08
   205.0 0.1185141E-08
   206.0 0.9934948E-09
   207.0 0.7994922E-09
   208.0 0.6075754E-09
   209.0 0.4222880E-09
   210.0 0.2481913E-09
   211.0 0.8972623E-10
   212.0 -.4888006E-10
   213.0 -.1637295E-09
   214.0 -.2513657E-09
   215.0 -.3088579E-09
   216.0 -.3338939E-09
   217.0 -.3248495E-09
   218.0 -.2808433E-09
   219.0 -.2017781E-09
   220.0 -.8835859E-10
   221.0 0.5790897E-10
   222.0 0.2347402E-09
   223.0 0.4391104E-09
   224.0 0.6673218E-09
   225.0 0.9150760E-09
   226.0 0.1177589E-08
   227.0 0.1449686E-08
   228.0 0.1725938E-08
   229.0 0.2000790E-08
   230.0 0.2268723E-08
   231.0 0.2524362E-08
   232.0 0.2762669E-08
   233.0 0.2979028E-08
   234.0 0.3169416E-08
   235.0 0.3330500E-08
   236.0 0.3459755E-08
   237.0 0.3555524E-08
   238.0 0.3617101E-08
   239.0 0.3644770E-08
   240.0 0.3639785E-08
   241.0 0.3604404E-08
   242.0 0.3541812E-08
   243.0 0.3456077E-08
   244.0 0.3352043E-08
   245.0 0.3235225E-08
   246.0 0.3111672E-08
   247.0 0.2987810E-08
   248.0 0.2870276E-08
   249.0 0.2765744E-08
   250.0 0.2680735E-08
   251.0 0.2621437E-08
   252.0 0.2593515E-08
   253.0 0.2601958E-08
   254.0 0.2650899E-08
   255.0 0.2743483E-08
   256.0 0.2881746E-08
   257.0 0.3066532E-08
   258.0 0.3297407E-08
   259.0 0.3572648E-08
   260.0 0.3889232E-08
   261.0 0.4242870E-08
   262.0 0.4628077E-08
   263.0 0.5038271E-08
   264.0 0.5465914E-08
   265.0 0.5902659E-08
   266.0 0.6339548E-08
   267.0 0.6767206E-08
   268.0 0.7176084E-08
   269.0 0.7556676E-08
   270.0 0.7899764E-08
   271.0 0.8196665E-08
   272.0 0.8439442E-08
   273.0 0.8621162E-08
   274.0 0.8736054E-08
   275.0 0.8779688E-08
   276.0 0.8749160E-08
   277.0 0.8643158E-08
   278.0 0.8462065E-08
   279.0 0.8207965E-08
   280.0 0.7884670E-08
   281.0 0.7497625E-08
   282.0 0.7053842E-08
   283.0 0.6561756E-08
   284.0 0.6031033E-08
   285.0 0.5472382E-08
   286.0 0.4897293E-08
   287.0 0.4317790E-08
   288.0 0.3746105E-08
   289.0 0.3194423E-08
   290.0 0.2674543E-08
   291.0 0.2197590E-08
   292.0 0.1773720E-08
   293.0 0.1411842E-08
   294.0 0.1119373E-08
   295.0 0.9020109E-09
   296.0 0.7635561E-09
   297.0 0.7057874E-09
   298.0 0.7283631E-09
   299.0 0.8287744E-09
   300.0 0.1002388E-08
   301.0 0.1242477E-08
   302.0 0.1540400E-08
   303.0 0.1885718E-08
   304.0 0.2266461E-08
   305.0 0.2669374E-08
   306.0 0.3080241E-08
   307.0 0.3484203E-08
   308.0 0.3866143E-08
   309.0 0.4211044E-08
   310.0 0.4504381E-08
   311.0 0.4732512E-08
   312.0 0.4883024E-08
   313.0 0.4945084E-08
   314.0 0.4909777E-08
   315.0 0.4770360E-08
   316.0 0.4522472E-08
   317.0 0.4164344E-08
   318.0 0.3696901E-08
   319.0 0.3123793E-08
   320.0 0.2451384E-08
   321.0 0.1688693E-08
   322.0 0.8472046E-09
   323.0 -.5932653E-10
   324.0 -.1015151E-08
   325.0 -.2002878E-08
   326.0 -.3003848E-08
   327.0 -.3998538E-08
   328.0 -.4967055E-08
   329.0 -.5889567E-08
   330.0 -.6746833E-08
   331.0 -.7520649E-08
   332.0 -.8194336E-08
   333.0 -.8753180E-08
   334.0 -.9184843E-08
   335.0 -.9479695E-08
   336.0 -.9631172E-08
   337.0 -.9635970E-08
   338.0 -.9494197E-08
   339.0 -.9209499E-08
   340.0 -.8789036E-08
   341.0 -.8243388E-08
   342.0 -.7586436E-08
   343.0 -.6835042E-08
   344.0 -.6008793E-08
   345.0 -.5129541E-08
   346.0 -.4220969E-08
   347.0 -.3308071E-08
   348.0 -.2416584E-08
   349.0 -.1572390E-08
   350.0 -.8009087E-09
   351.0 -.1264898E-09
   352.0 0.4282064E-09
   353.0 0.8427807E-09
   354.0 0.1099640E-08
   355.0 0.1184471E-08
   356.0 0.1086666E-08
   357.0 0.7996780E-09
   358.0 0.3212518E-09
   359.0 -.3463839E-09
   360.0 -.1196486E-08
   361.0 -.2217838E-08
   362.0 -.3394866E-08
   363.0 -.4707951E-08
   364.0 -.6133738E-08
   365.0 -.7645613E-08
   366.0 -.9214226E-08
   367.0 -.1080812E-07
   368.0 -.1239440E-07
   369.0 -.1393944E-07
   370.0 -.1540969E-07
   371.0 -.1677241E-07
   372.0 -.1799648E-07
   373.0 -.1905306E-07
   374.0 -.1991648E-07
   375.0 -.2056473E-07
   376.0 -.2098015E-07
   377.0 -.2114994E-07
   378.0 -.2106650E-07
   379.0 -.2072775E-07
   380.0 -.2013741E-07
   381.0 -.1930488E-07
   382.0 -.1824524E-07
   383.0 -.1697912E-07
   384.0 -.1553222E-07
   385.0 -.1393488E-07
   386.0 -.1222156E-07
   387.0 -.1043010E-07
   388.0 -.8600963E-08
   389.0 -.6776348E-08
   390.0 -.4999313E-08
   391.0 -.3312791E-08
   392.0 -.1758643E-08
   393.0 -.3766881E-09
   394.0 0.7962647E-09
   395.0 0.1727278E-08
   396.0 0.2388139E-08
   397.0 0.2756080E-08
   398.0 0.2814416E-08
   399.0 0.2553074E-08
   400.0 0.1968936E-08
   401.0 0.1066079E-08
   402.0 -.1441671E-09
   403.0 -.1643283E-08
   404.0 -.3405860E-08
   405.0 -.5399946E-08
   406.0 -.7587698E-08
   407.0 -.9926010E-08
   408.0 -.1236737E-07
   409.0 -.1486089E-07
   410.0 -.1735323E-07
   411.0 -.1978974E-07
   412.0 -.2211586E-07
   413.0 -.2427794E-07
   414.0 -.2622473E-07
   415.0 -.2790842E-07
   416.0 -.2928584E-07
   417.0 -.3031936E-07
   418.0 -.3097809E-07
   419.0 -.3123825E-07
   420.0 -.3108437E-07
   421.0 -.3050938E-07
   422.0 -.2951506E-07
   423.0 -.2811231E-07
   424.0 -.2632087E-07
   425.0 -.2416918E-07
   426.0 -.2169403E-07
   427.0 -.1893977E-07
   428.0 -.1595750E-07
   429.0 -.1280423E-07
   430.0 -.9541696E-08
   431.0 -.6235073E-08
   432.0 -.2951747E-08
   433.0 0.2401798E-09
   434.0 0.3273289E-08
   435.0 0.6082311E-08
   436.0 0.8605541E-08
   437.0 0.1078621E-07
   438.0 0.1257383E-07
   439.0 0.1392532E-07
   440.0 0.1480605E-07
   441.0 0.1519077E-07
   442.0 0.1506423E-07
   443.0 0.1442173E-07
   444.0 0.1326932E-07
   445.0 0.1162392E-07
   446.0 0.9513098E-08
   447.0 0.6974609E-08
   448.0 0.4055878E-08
   449.0 0.8130246E-09
   450.0 -.2690080E-08
   451.0 -.6383151E-08
   452.0 -.1019073E-07
   453.0 -.1403381E-07
   454.0 -.1783130E-07
   455.0 -.2150181E-07
   456.0 -.2496522E-07
   457.0 -.2814439E-07
   458.0 -.3096677E-07
   459.0 -.3336600E-07
   460.0 -.3528315E-07
   461.0 -.3666828E-07
   462.0 -.3748126E-07
   463.0 -.3769277E-07
   464.0 -.3728506E-07
   465.0 -.3625217E-07
   466.0 -.3460032E-07
   467.0 -.3234760E-07
   468.0 -.2952389E-07
   469.0 -.2617004E-07
   470.0 -.2233718E-07
   471.0 -.1808549E-07
   472.0 -.1348315E-07
   473.0 -.8604697E-08
   474.0 -.3529624E-08
   475.0 0.1659565E-08
   476.0 0.6878848E-08
   477.0 0.1204478E-07
   478.0 0.1707608E-07
   479.0 0.2189551E-07
   480.0 0.2643150E-07
   481.0 0.3061979E-07
   482.0 0.3440458E-07
   483.0 0.3774027E-07
   484.0 0.4059166E-07
   485.0 0.4293526E-07
   486.0 0.4475960E-07
   487.0 0.4606538E-07
   488.0 0.4686538E-07
   489.0 0.4718399E-07
   490.0 0.4705679E-07
   491.0 0.4652920E-07
   492.0 0.4565571E-07
   493.0 0.4449820E-07
   494.0 0.4312461E-07
   495.0 0.4160680E-07
   496.0 0.4001900E-07
   497.0 0.3843559E-07
   498.0 0.3692960E-07
   499.0 0.3557008E-07
   500.0 0.3442068E-07
   501.0 0.3353782E-07
   502.0 0.3296878E-07
   503.0 0.3275059E-07
   504.0 0.3290865E-07
   505.0 0.3345587E-07
   506.0 0.3439195E-07
   507.0 0.3570326E-07
   508.0 0.3736247E-07
   509.0 0.3932947E-07
   510.0 0.4155153E-07
   511.0 0.4396460E-07
   512.0 0.4649453E-07
   513.0 0.4905879E-07
   514.0 0.5156825E-07
   515.0 0.5392931E-07
   516.0 0.5604635E-07
   517.0 0.5782370E-07
   518.0 0.5916860E-07
   519.0 0.5999338E-07
   520.0 0.6021808E-07
   521.0 0.5977267E-07
   522.0 0.5859969E-07
   523.0 0.5665536E-07
   524.0 0.5391241E-07
   525.0 0.5036069E-07
   526.0 0.4600867E-07
   527.0 0.4088416E-07
   528.0 0.3503429E-07
   529.0 0.2852566E-07
   530.0 0.2144373E-07
   531.0 0.1389168E-07
   532.0 0.5989141E-08
   533.0 -.2129817E-08
   534.0 -.1031890E-07
   535.0 -.1842208E-07
   536.0 -.2627661E-07
   537.0 -.3371626E-07
   538.0 -.4057418E-07
   539.0 -.4668713E-07
   540.0 -.5189820E-07
   541.0 -.5606104E-07
   542.0 -.5904260E-07
   543.0 -.6072707E-07
   544.0 -.6101802E-07
   545.0 -.5984222E-07
   546.0 -.5715104E-07
   547.0 -.5292282E-07
   548.0 -.4716409E-07
   549.0 -.3991094E-07
   550.0 -.3122879E-07
   551.0 -.2121277E-07
   552.0 -.9986489E-08
   553.0 0.2298930E-08
   554.0 0.1546694E-07
   555.0 0.2931811E-07
   556.0 0.4363286E-07
   557.0 0.5817497E-07
   558.0 0.7269551E-07
   559.0 0.8693666E-07
   560.0 0.1006363E-06
   561.0 0.1135330E-06
   562.0 0.1253696E-06
   563.0 0.1358992E-06
   564.0 0.1448889E-06
   565.0 0.1521241E-06
   566.0 0.1574136E-06
   567.0 0.1605922E-06
   568.0 0.1615254E-06
   569.0 0.1601113E-06
   570.0 0.1562828E-06
   571.0 0.1500106E-06
   572.0 0.1413034E-06
   573.0 0.1302077E-06
   574.0 0.1168091E-06
   575.0 0.1012301E-06
   576.0 0.8362952E-07
   577.0 0.6419896E-07
   578.0 0.4316111E-07
   579.0 0.2076549E-07
   580.0 -.2714517E-08
   581.0 -.2698745E-07
   582.0 -.5174703E-07
   583.0 -.7667801E-07
   584.0 -.1014609E-06
   585.0 -.1257772E-06
   586.0 -.1493146E-06
   587.0 -.1717722E-06
   588.0 -.1928649E-06
   589.0 -.2123275E-06
   590.0 -.2299202E-06
   591.0 -.2454295E-06
   592.0 -.2586756E-06
   593.0 -.2695096E-06
   594.0 -.2778184E-06
   595.0 -.2835262E-06
   596.0 -.2865928E-06
   597.0 -.2870142E-06
   598.0 -.2848224E-06
   599.0 -.2800825E-06
   600.0 -.2728908E-06
   601.0 -.2633722E-06
   602.0 -.2516777E-06
   603.0 -.2379789E-06
   604.0 -.2224647E-06
   605.0 -.2053380E-06
   606.0 -.1868094E-06
   607.0 -.1670942E-06
   608.0 -.1464071E-06
   609.0 -.1249591E-06
   610.0 -.1029525E-06
   611.0 -.8057677E-07
   612.0 -.5800644E-07
   613.0 -.3539879E-07
   614.0 -.1289005E-07
   615.0 0.9404920E-08
   616.0 0.3139348E-07
   617.0 0.5300630E-07
   618.0 0.7419592E-07
   619.0 0.9493569E-07
   620.0 0.1152191E-06
   621.0 0.1350557E-06
   622.0 0.1544699E-06
   623.0 0.1734967E-06
   624.0 0.1921772E-06
   625.0 0.2105571E-06
   626.0 0.2286793E-06
   627.0 0.2465822E-06
   628.0 0.2642939E-06
   629.0 0.2818297E-06
   630.0 0.2991857E-06
   631.0 0.3163374E-06
   632.0 0.3332384E-06
   633.0 0.3498117E-06
   634.0 0.3659552E-06
   635.0 0.3815374E-06
   636.0 0.3963950E-06
   637.0 0.4103376E-06
   638.0 0.4231473E-06
   639.0 0.4345793E-06
   640.0 0.4443682E-06
   641.0 0.4522283E-06
   642.0 0.4578619E-06
   643.0 0.4609618E-06
   644.0 0.4612175E-06
   645.0 0.4583228E-06
   646.0 0.4519825E-06
   647.0 0.4419163E-06
   648.0 0.4278715E-06
   649.0 0.4096236E-06
   650.0 0.3869881E-06
   651.0 0.3598246E-06
   652.0 0.3280430E-06
   653.0 0.2916096E-06
   654.0 0.2505510E-06
   655.0 0.2049588E-06
   656.0 0.1549907E-06
   657.0 0.1008739E-06
   658.0 0.4290515E-07
   659.0 -.1855021E-07
   660.0 -.8306051E-07
   661.0 -.1501293E-06
   662.0 -.2192019E-06
   663.0 -.2896687E-06
   664.0 -.3608733E-06
   665.0 -.4321203E-06
   666.0 -.5026820E-06
   667.0 -.5718104E-06
   668.0 -.6387450E-06
   669.0 -.7027264E-06
   670.0 -.7630034E-06
   671.0 -.8188453E-06
   672.0 -.8695559E-06
   673.0 -.9144821E-06
   674.0 -.9530211E-06
   675.0 -.9846370E-06
   676.0 -.1008864E-05
   677.0 -.1025317E-05
   678.0 -.1033698E-05
   679.0 -.1033805E-05
   680.0 -.1025529E-05
   681.0 -.1008863E-05
   682.0 -.9839048E-06
   683.0 -.9508504E-06
   684.0 -.9099963E-06
   685.0 -.8617384E-06
   686.0 -.8065615E-06
   687.0 -.7450383E-06
   688.0 -.6778201E-06
   689.0 -.6056240E-06
   690.0 -.5292315E-06
   691.0 -.4494684E-06
   692.0 -.3671992E-06
   693.0 -.2833133E-06
   694.0 -.1987101E-06
   695.0 -.1142888E-06
   696.0 -.3093468E-07
   697.0 0.5049407E-07
   698.0 0.1291772E-06
   699.0 0.2043452E-06
   700.0 0.2752899E-06
   701.0 0.3413728E-06
   702.0 0.4020336E-06
   703.0 0.4567998E-06
   704.0 0.5052877E-06
   705.0 0.5472136E-06
   706.0 0.5823869E-06
   707.0 0.6107205E-06
   708.0 0.6322225E-06
   709.0 0.6470000E-06
   710.0 0.6552486E-06
   711.0 0.6572563E-06
   712.0 0.6533876E-06
   713.0 0.6440787E-06
   714.0 0.6298325E-06
   715.0 0.6112035E-06
   716.0 0.5887880E-06
   717.0 0.5632164E-06
   718.0 0.5351371E-06
   719.0 0.5052075E-06
   720.0 0.4740826E-06
   721.0 0.4424009E-06
   722.0 0.4107773E-06
   723.0 0.3797916E-06
   724.0 0.3499762E-06
   725.0 0.3218132E-06
   726.0 0.2957216E-06
   727.0 0.2720558E-06
   728.0 0.2510999E-06
   729.0 0.2330622E-06
   730.0 0.2180759E-06
   731.0 0.2061976E-06
   732.0 0.1974096E-06
   733.0 0.1916215E-06
   734.0 0.1886737E-06
   735.0 0.1883439E-06
   736.0 0.1903524E-06
   737.0 0.1943689E-06
   738.0 0.2000222E-06
   739.0 0.2069068E-06
   740.0 0.2145941E-06
   741.0 0.2226406E-06
   742.0 0.2305980E-06
   743.0 0.2380234E-06
   744.0 0.2444879E-06
   745.0 0.2495861E-06
   746.0 0.2529440E-06
   747.0 0.2542270E-06
   748.0 0.2531467E-06
   749.0 0.2494664E-06
   750.0 0.2430064E-06
   751.0 0.2336465E-06
   752.0 0.2213292E-06
   753.0 0.2060604E-06
   754.0 0.1879085E-06
   755.0 0.1670044E-06
   756.0 0.1435379E-06
   757.0 0.1177532E-06
   758.0 0.8994573E-07
   759.0 0.6045460E-07
   760.0 0.2965773E-07
   761.0 -.2037222E-08
   762.0 -.3419914E-07
   763.0 -.6638332E-07
   764.0 -.9813797E-07
   765.0 -.1290143E-06
   766.0 -.1585744E-06
   767.0 -.1863986E-06
   768.0 -.2120952E-06
   769.0 -.2353047E-06
   770.0 -.2557090E-06
   771.0 -.2730349E-06
   772.0 -.2870609E-06
   773.0 -.2976186E-06
   774.0 -.3045971E-06
   775.0 -.3079454E-06
   776.0 -.3076684E-06
   777.0 -.3038332E-06
   778.0 -.2965622E-06
   779.0 -.2860313E-06
   780.0 -.2724676E-06
   781.0 -.2561443E-06
   782.0 -.2373760E-06
   783.0 -.2165111E-06
   784.0 -.1939259E-06
   785.0 -.1700186E-06
   786.0 -.1452009E-06
   787.0 -.1198917E-06
   788.0 -.9450858E-07
   789.0 -.6946056E-07
   790.0 -.4514207E-07
   791.0 -.2192580E-07
   792.0 -.1561253E-09
   793.0 0.1985545E-07
   794.0 0.3783598E-07
   795.0 0.5355443E-07
   796.0 0.6682486E-07
   797.0 0.7750944E-07
   798.0 0.8551864E-07
   799.0 0.9081254E-07
   800.0 0.9339977E-07
   801.0 0.9333682E-07
   802.0 0.9072514E-07
   803.0 0.8570846E-07
   804.0 0.7846884E-07
   805.0 0.6922298E-07
   806.0 0.5821656E-07
   807.0 0.4571950E-07
   808.0 0.3202014E-07
   809.0 0.1741970E-07
   810.0 0.2225900E-08
   811.0 -.1325236E-07
   812.0 -.2871108E-07
   813.0 -.4385643E-07
   814.0 -.5840990E-07
   815.0 -.7211337E-07
   816.0 -.8473262E-07
   817.0 -.9606159E-07
   818.0 -.1059249E-06
   819.0 -.1141806E-06
   820.0 -.1207215E-06
   821.0 -.1254760E-06
   822.0 -.1284082E-06
   823.0 -.1295183E-06
   824.0 -.1288403E-06
   825.0 -.1264405E-06
   826.0 -.1224157E-06
   827.0 -.1168895E-06
   828.0 -.1100098E-06
   829.0 -.1019445E-06
   830.0 -.9287800E-07
   831.0 -.8300681E-07
   832.0 -.7253529E-07
   833.0 -.6167171E-07
   834.0 -.5062394E-07
   835.0 -.3959497E-07
   836.0 -.2877972E-07
   837.0 -.1836143E-07
   838.0 -.8507993E-08
   839.0 0.6299270E-09
   840.0 0.8922023E-08
   841.0 0.1625975E-07
   842.0 0.2255742E-07
   843.0 0.2775346E-07
   844.0 0.3181044E-07
   845.0 0.3471488E-07
   846.0 0.3647641E-07
   847.0 0.3712696E-07
   848.0 0.3671866E-07
   849.0 0.3532251E-07
   850.0 0.3302581E-07
   851.0 0.2992951E-07
   852.0 0.2614592E-07
   853.0 0.2179565E-07
   854.0 0.1700466E-07
   855.0 0.1190165E-07
   856.0 0.6614906E-08
   857.0 0.1269838E-08
   858.0 -.4013627E-08
   859.0 -.9123390E-08
   860.0 -.1395722E-07
   861.0 -.1842455E-07
   862.0 -.2244770E-07
   863.0 -.2596332E-07
   864.0 -.2892285E-07
   865.0 -.3129287E-07
   866.0 -.3305526E-07
   867.0 -.3420683E-07
   868.0 -.3475881E-07
   869.0 -.3473538E-07
   870.0 -.3417320E-07
   871.0 -.3311921E-07
   872.0 -.3162964E-07
   873.0 -.2976813E-07
   874.0 -.2760316E-07
   875.0 -.2520719E-07
   876.0 -.2265384E-07
   877.0 -.2001666E-07
   878.0 -.1736677E-07
   879.0 -.1477151E-07
   880.0 -.1229288E-07
   881.0 -.9986092E-08
   882.0 -.7898402E-08
   883.0 -.6068374E-08
   884.0 -.4525154E-08
   885.0 -.3288016E-08
   886.0 -.2366261E-08
   887.0 -.1759423E-08
   888.0 -.1457495E-08
   889.0 -.1441547E-08
   890.0 -.1684626E-08
   891.0 -.2152581E-08
   892.0 -.2805306E-08
   893.0 -.3597920E-08
   894.0 -.4482164E-08
   895.0 -.5407729E-08
   896.0 -.6323814E-08
   897.0 -.7180304E-08
   898.0 -.7929369E-08
   899.0 -.8526543E-08
   900.0 -.8931965E-08
   901.0 -.9111432E-08
   902.0 -.9037190E-08
   903.0 -.8688682E-08
   904.0 -.8053028E-08
   905.0 -.7125332E-08
   906.0 -.5908753E-08
   907.0 -.4414456E-08
   908.0 -.2661235E-08
   909.0 -.6751379E-09
   910.0 0.1511337E-08
   911.0 0.3859858E-08
   912.0 0.6327465E-08
   913.0 0.8867323E-08
   914.0 0.1143011E-07
   915.0 0.1396500E-07
   916.0 0.1642106E-07
   917.0 0.1874834E-07
   918.0 0.2089891E-07
   919.0 0.2282844E-07
   920.0 0.2449669E-07
   921.0 0.2586877E-07
   922.0 0.2691584E-07
   923.0 0.2761576E-07
   924.0 0.2795363E-07
   925.0 0.2792205E-07
   926.0 0.2752140E-07
   927.0 0.2675967E-07
   928.0 0.2565240E-07
   929.0 0.2422227E-07
   930.0 0.2249853E-07
   931.0 0.2051661E-07
   932.0 0.1831699E-07
   933.0 0.1594450E-07
   934.0 0.1344744E-07
   935.0 0.1087629E-07
   936.0 0.8282941E-08
   937.0 0.5719325E-08
   938.0 0.3236533E-08
   939.0 0.8836599E-09
   940.0 -.1293178E-08
   941.0 -.3251741E-08
   942.0 -.4954494E-08
   943.0 -.6369365E-08
   944.0 -.7470276E-08
   945.0 -.8237691E-08
   946.0 -.8658815E-08
   947.0 -.8727903E-08
   948.0 -.8446125E-08
   949.0 -.7821619E-08
   950.0 -.6869090E-08
   951.0 -.5609432E-08
   952.0 -.4069293E-08
   953.0 -.2280361E-08
   954.0 -.2786772E-09
   955.0 0.1896131E-08
   956.0 0.4201750E-08
   957.0 0.6594030E-08
   958.0 0.9027892E-08
   959.0 0.1145829E-07
   960.0 0.1384095E-07
   961.0 0.1613348E-07
   962.0 0.1829580E-07
   963.0 0.2029127E-07
   964.0 0.2208688E-07
   965.0 0.2365420E-07
   966.0 0.2496957E-07
   967.0 0.2601455E-07
   968.0 0.2677603E-07
   969.0 0.2724643E-07
   970.0 0.2742362E-07
   971.0 0.2731080E-07
   972.0 0.2691637E-07
   973.0 0.2625348E-07
   974.0 0.2533968E-07
   975.0 0.2419641E-07
   976.0 0.2284863E-07
   977.0 0.2132390E-07
   978.0 0.1965215E-07
   979.0 0.1786475E-07
   980.0 0.1599400E-07
   981.0 0.1407239E-07
   982.0 0.1213222E-07
   983.0 0.1020476E-07
   984.0 0.8319868E-08
   985.0 0.6505482E-08
   986.0 0.4787227E-08
   987.0 0.3188005E-08
   988.0 0.1727809E-08
   989.0 0.4234585E-09
   990.0 -.7115154E-09
   991.0 -.1666899E-08
   992.0 -.2435810E-08
   993.0 -.3014605E-08
   994.0 -.3402727E-08
   995.0 -.3602560E-08
   996.0 -.3619132E-08
   997.0 -.3459897E-08
   998.0 -.3134443E-08
   999.0 -.2654104E-08
  1000.0 -.2031752E-08
  1001.0 -.1281414E-08
  1002.0 -.4179476E-09
  1003.0 0.5431989E-09
  1004.0 0.1586317E-08
  1005.0 0.2695610E-08
  1006.0 0.3855512E-08
  1007.0 0.5050724E-08
  1008.0 0.6266543E-08
  1009.0 0.7488742E-08
  1010.0 0.8703849E-08
  1011.0 0.9899074E-08
  1012.0 0.1106237E-07
  1013.0 0.1218229E-07
  1014.0 0.1324822E-07
  1015.0 0.1425006E-07
  1016.0 0.1517829E-07
  1017.0 0.1602389E-07
  1018.0 0.1677824E-07
  1019.0 0.1743325E-07
  1020.0 0.1798103E-07
  1021.0 0.1841409E-07
  1022.0 0.1872528E-07
  1023.0 0.1890775E-07
  1024.0 0.1895521E-07
  1025.0 0.1886170E-07
  1026.0 0.1862198E-07
  1027.0 0.1823149E-07
  1028.0 0.1768656E-07
  1029.0 0.1698466E-07
  1030.0 0.1612439E-07
  1031.0 0.1510583E-07
  1032.0 0.1393070E-07
  1033.0 0.1260256E-07
  1034.0 0.1112686E-07
  1035.0 0.9511271E-08
  1036.0 0.7765669E-08
  1037.0 0.5902311E-08
  1038.0 0.3935830E-08
  1039.0 0.1883199E-08
  1040.0 -.2361873E-09
  1041.0 -.2400772E-08
  1042.0 -.4586910E-08
  1043.0 -.6769128E-08
  1044.0 -.8920390E-08
  1045.0 -.1101248E-07
  1046.0 -.1301624E-07
  1047.0 -.1490228E-07
  1048.0 -.1664118E-07
  1049.0 -.1820411E-07
  1050.0 -.1956343E-07
  1051.0 -.2069310E-07
  1052.0 -.2156934E-07
  1053.0 -.2217106E-07
  1054.0 -.2248041E-07
  1055.0 -.2248328E-07
  1056.0 -.2216980E-07
  1057.0 -.2153455E-07
  1058.0 -.2057701E-07
  1059.0 -.1930162E-07
  1060.0 -.1771817E-07
  1061.0 -.1584171E-07
  1062.0 -.1369246E-07
  1063.0 -.1129578E-07
  1064.0 -.8681876E-08
  1065.0 -.5885450E-08
  1066.0 -.2945309E-08
  1067.0 0.9621472E-10
  1068.0 0.3193830E-08
  1069.0 0.6299992E-08
  1070.0 0.9365687E-08
  1071.0 0.1234115E-07
  1072.0 0.1517676E-07
  1073.0 0.1782386E-07
  1074.0 0.2023571E-07
  1075.0 0.2236817E-07
  1076.0 0.2418069E-07
  1077.0 0.2563699E-07
  1078.0 0.2670589E-07
  1079.0 0.2736178E-07
  1080.0 0.2758537E-07
  1081.0 0.2736403E-07
  1082.0 0.2669219E-07
  1083.0 0.2557144E-07
  1084.0 0.2401094E-07
  1085.0 0.2202704E-07
  1086.0 0.1964332E-07
  1087.0 0.1689022E-07
  1088.0 0.1380473E-07
  1089.0 0.1042968E-07
  1090.0 0.6813158E-08
  1091.0 0.3007872E-08
  1092.0 -.9298727E-09
  1093.0 -.4941004E-08
  1094.0 -.8964674E-08
  1095.0 -.1293927E-07
  1096.0 -.1680352E-07
  1097.0 -.2049742E-07
  1098.0 -.2396343E-07
  1099.0 -.2714723E-07
  1100.0 -.2999898E-07
  1101.0 -.3247390E-07
  1102.0 -.3453325E-07
  1103.0 -.3614480E-07
  1104.0 -.3728382E-07
  1105.0 -.3793280E-07
  1106.0 -.3808266E-07
  1107.0 -.3773208E-07
  1108.0 -.3688810E-07
  1109.0 -.3556570E-07
  1110.0 -.3378767E-07
  1111.0 -.3158413E-07
  1112.0 -.2899207E-07
  1113.0 -.2605461E-07
  1114.0 -.2282029E-07
  1115.0 -.1934231E-07
  1116.0 -.1567752E-07
  1117.0 -.1188530E-07
  1118.0 -.8026779E-08
  1119.0 -.4163641E-08
  1120.0 -.3570623E-09
  1121.0 0.3333302E-08
  1122.0 0.6850291E-08
  1123.0 0.1014025E-07
  1124.0 0.1315388E-07
  1125.0 0.1584704E-07
  1126.0 0.1818149E-07
  1127.0 0.2012531E-07
  1128.0 0.2165362E-07
  1129.0 0.2274874E-07
  1130.0 0.2340045E-07
  1131.0 0.2360599E-07
  1132.0 0.2337016E-07
  1133.0 0.2270485E-07
  1134.0 0.2162905E-07
  1135.0 0.2016815E-07
  1136.0 0.1835347E-07
  1137.0 0.1622162E-07
  1138.0 0.1381376E-07
  1139.0 0.1117485E-07
  1140.0 0.8352687E-08
  1141.0 0.5397112E-08
  1142.0 0.2359037E-08
  1143.0 -.7103966E-09
  1144.0 -.3760768E-08
  1145.0 -.6743210E-08
  1146.0 -.9611215E-08
  1147.0 -.1232142E-07
  1148.0 -.1483423E-07
  1149.0 -.1711446E-07
  1150.0 -.1913185E-07
  1151.0 -.2086133E-07
  1152.0 -.2228348E-07
  1153.0 -.2338460E-07
  1154.0 -.2415684E-07
  1155.0 -.2459798E-07
  1156.0 -.2471165E-07
  1157.0 -.2450664E-07
  1158.0 -.2399696E-07
  1159.0 -.2320116E-07
  1160.0 -.2214187E-07
  1161.0 -.2084545E-07
  1162.0 -.1934105E-07
  1163.0 -.1766032E-07
  1164.0 -.1583651E-07
  1165.0 -.1390387E-07
  1166.0 -.1189706E-07
  1167.0 -.9850447E-08
  1168.0 -.7797488E-08
  1169.0 -.5770181E-08
  1170.0 -.3798556E-08
  1171.0 -.1910202E-08
  1172.0 -.1298892E-09
  1173.0 0.1520760E-08
  1174.0 0.3023497E-08
  1175.0 0.4363632E-08
  1176.0 0.5530100E-08
  1177.0 0.6515483E-08
  1178.0 0.7315931E-08
  1179.0 0.7931061E-08
  1180.0 0.8363706E-08
  1181.0 0.8619716E-08
  1182.0 0.8707592E-08
  1183.0 0.8638255E-08
  1184.0 0.8424559E-08
  1185.0 0.8080980E-08
  1186.0 0.7623155E-08
  1187.0 0.7067547E-08
  1188.0 0.6430999E-08
  1189.0 0.5730385E-08
  1190.0 0.4982252E-08
  1191.0 0.4202481E-08
  1192.0 0.3406041E-08
  1193.0 0.2606749E-08
  1194.0 0.1817035E-08
  1195.0 0.1047857E-08
  1196.0 0.3085514E-09
  1197.0 -.3931581E-09
  1198.0 -.1051197E-08
  1199.0 -.1661088E-08
  1200.0 -.2219817E-08
  1201.0 -.2725777E-08
  1202.0 -.3178545E-08
  1203.0 -.3578754E-08
  1204.0 -.3927874E-08
  1205.0 -.4227965E-08
  1206.0 -.4481552E-08
  1207.0 -.4691320E-08
  1208.0 -.4859979E-08
  1209.0 -.4990050E-08
  1210.0 -.5083718E-08
  1211.0 -.5142683E-08
  1212.0 -.5168069E-08
  1213.0 -.5160341E-08
  1214.0 -.5119297E-08
  1215.0 -.5044026E-08
  1216.0 -.4932996E-08
  1217.0 -.4784080E-08
  1218.0 -.4594705E-08
  1219.0 -.4361969E-08
  1220.0 -.4082791E-08
  1221.0 -.3754109E-08
  1222.0 -.3373074E-08
  1223.0 -.2937247E-08
  1224.0 -.2444802E-08
  1225.0 -.1894742E-08
  1226.0 -.1287068E-08
  1227.0 -.6229594E-09
  1228.0 0.9508575E-10
  1229.0 0.8631332E-09
  1230.0 0.1675739E-08
  1231.0 0.2525892E-08
  1232.0 0.3405031E-08
  1233.0 0.4303098E-08
  1234.0 0.5208610E-08
  1235.0 0.6108817E-08
  1236.0 0.6989848E-08
  1237.0 0.7836999E-08
  1238.0 0.8634896E-08
  1239.0 0.9367906E-08
  1240.0 0.1002035E-07
  1241.0 0.1057690E-07
  1242.0 0.1102293E-07
  1243.0 0.1134487E-07
  1244.0 0.1153054E-07
  1245.0 0.1156951E-07
  1246.0 0.1145346E-07
  1247.0 0.1117644E-07
  1248.0 0.1073509E-07
  1249.0 0.1012894E-07
  1250.0 0.9360514E-08
  1251.0 0.8435505E-08
  1252.0 0.7362720E-08
  1253.0 0.6154139E-08
  1254.0 0.4824857E-08
  1255.0 0.3392866E-08
  1256.0 0.1878879E-08
  1257.0 0.3060476E-09
  1258.0 -.1300377E-08
  1259.0 -.2913448E-08
  1260.0 -.4504937E-08
  1261.0 -.6045887E-08
  1262.0 -.7507027E-08
  1263.0 -.8859436E-08
  1264.0 -.1007499E-07
  1265.0 -.1112696E-07
  1266.0 -.1199063E-07
  1267.0 -.1264369E-07
  1268.0 -.1306686E-07
  1269.0 -.1324432E-07
  1270.0 -.1316403E-07
  1271.0 -.1281815E-07
  1272.0 -.1220339E-07
  1273.0 -.1132103E-07
  1274.0 -.1017719E-07
  1275.0 -.8782783E-08
  1276.0 -.7153472E-08
  1277.0 -.5309549E-08
  1278.0 -.3275657E-08
  1279.0 -.1080485E-08
  1280.0 0.1243645E-08
  1281.0 0.3661261E-08
  1282.0 0.6134314E-08
  1283.0 0.8622756E-08
  1284.0 0.1108524E-07
  1285.0 0.1347982E-07
  1286.0 0.1576466E-07
  1287.0 0.1789881E-07
  1288.0 0.1984290E-07
  1289.0 0.2155994E-07
  1290.0 0.2301594E-07
  1291.0 0.2418066E-07
  1292.0 0.2502812E-07
  1293.0 0.2553725E-07
  1294.0 0.2569218E-07
  1295.0 0.2548290E-07
  1296.0 0.2490516E-07
  1297.0 0.2396100E-07
  1298.0 0.2265860E-07
  1299.0 0.2101241E-07
  1300.0 0.1904278E-07
  1301.0 0.1677598E-07
  1302.0 0.1424357E-07
  1303.0 0.1148210E-07
  1304.0 0.8532542E-08
  1305.0 0.5439616E-08
  1306.0 0.2251055E-08
  1307.0 -.9831593E-09
  1308.0 -.4211584E-08
  1309.0 -.7382219E-08
  1310.0 -.1044338E-07
  1311.0 -.1334458E-07
  1312.0 -.1603742E-07
  1313.0 -.1847643E-07
  1314.0 -.2061984E-07
  1315.0 -.2243036E-07
  1316.0 -.2387594E-07
  1317.0 -.2493016E-07
  1318.0 -.2557292E-07
  1319.0 -.2579079E-07
  1320.0 -.2557719E-07
  1321.0 -.2493280E-07
  1322.0 -.2386524E-07
  1323.0 -.2238932E-07
  1324.0 -.2052669E-07
  1325.0 -.1830556E-07
  1326.0 -.1576012E-07
  1327.0 -.1293033E-07
  1328.0 -.9860892E-08
  1329.0 -.6600776E-08
  1330.0 -.3202287E-08
  1331.0 0.2797582E-09
  1332.0 0.3788936E-08
  1333.0 0.7268196E-08
  1334.0 0.1066084E-07
  1335.0 0.1391140E-07
  1336.0 0.1696671E-07
  1337.0 0.1977669E-07
  1338.0 0.2229523E-07
  1339.0 0.2448110E-07
  1340.0 0.2629849E-07
  1341.0 0.2771771E-07
  1342.0 0.2871570E-07
  1343.0 0.2927639E-07
  1344.0 0.2939106E-07
  1345.0 0.2905847E-07
  1346.0 0.2828468E-07
  1347.0 0.2708340E-07
  1348.0 0.2547517E-07
  1349.0 0.2348760E-07
  1350.0 0.2115443E-07
  1351.0 0.1851517E-07
  1352.0 0.1561443E-07
  1353.0 0.1250099E-07
  1354.0 0.9227191E-08
  1355.0 0.5847849E-08
  1356.0 0.2419361E-08
  1357.0 -.1001256E-08
  1358.0 -.4357329E-08
  1359.0 -.7593549E-08
  1360.0 -.1065686E-07
  1361.0 -.1349752E-07
  1362.0 -.1606964E-07
  1363.0 -.1833240E-07
  1364.0 -.2025036E-07
  1365.0 -.2179422E-07
  1366.0 -.2294143E-07
  1367.0 -.2367629E-07
  1368.0 -.2399049E-07
  1369.0 -.2388304E-07
  1370.0 -.2336030E-07
  1371.0 -.2243593E-07
  1372.0 -.2113057E-07
  1373.0 -.1947148E-07
  1374.0 -.1749208E-07
  1375.0 -.1523122E-07
  1376.0 -.1273269E-07
  1377.0 -.1004425E-07
  1378.0 -.7216943E-08
  1379.0 -.4304060E-08
  1380.0 -.1360292E-08
  1381.0 0.1559240E-08
  1382.0 0.4400007E-08
  1383.0 0.7108971E-08
  1384.0 0.9635523E-08
  1385.0 0.1193235E-07
  1386.0 0.1395630E-07
  1387.0 0.1566910E-07
  1388.0 0.1703801E-07
  1389.0 0.1803644E-07
  1390.0 0.1864428E-07
  1391.0 0.1884840E-07
  1392.0 0.1864279E-07
  1393.0 0.1802863E-07
  1394.0 0.1701432E-07
  1395.0 0.1561533E-07
  1396.0 0.1385389E-07
  1397.0 0.1175855E-07
  1398.0 0.9363896E-08
  1399.0 0.6709679E-08
  1400.0 0.3840306E-08
  1401.0 0.8040332E-09
  1402.0 -.2347853E-08
  1403.0 -.5561972E-08
  1404.0 -.8783645E-08
  1405.0 -.1195791E-07
  1406.0 -.1503038E-07
  1407.0 -.1794834E-07
  1408.0 -.2066126E-07
  1409.0 -.2312210E-07
  1410.0 -.2528769E-07
  1411.0 -.2711967E-07
  1412.0 -.2858506E-07
  1413.0 -.2965677E-07
  1414.0 -.3031403E-07
  1415.0 -.3054286E-07
  1416.0 -.3033589E-07
  1417.0 -.2969299E-07
  1418.0 -.2862084E-07
  1419.0 -.2713289E-07
  1420.0 -.2524927E-07
  1421.0 -.2299628E-07
  1422.0 -.2040585E-07
  1423.0 -.1751529E-07
  1424.0 -.1436638E-07
  1425.0 -.1100482E-07
  1426.0 -.7479366E-08
  1427.0 -.3841234E-08
  1428.0 -.1430049E-09
  1429.0 0.3562003E-08
  1430.0 0.7220696E-08
  1431.0 0.1078102E-07
  1432.0 0.1419269E-07
  1433.0 0.1740810E-07
  1434.0 0.2038292E-07
  1435.0 0.2307679E-07
  1436.0 0.2545394E-07
  1437.0 0.2748363E-07
  1438.0 0.2914057E-07
  1439.0 0.3040525E-07
  1440.0 0.3126419E-07
  1441.0 0.3171004E-07
  1442.0 0.3174151E-07
  1443.0 0.3136358E-07
  1444.0 0.3058679E-07
  1445.0 0.2942764E-07
  1446.0 0.2790770E-07
  1447.0 0.2605344E-07
  1448.0 0.2389573E-07
  1449.0 0.2146918E-07
  1450.0 0.1881161E-07
  1451.0 0.1596347E-07
  1452.0 0.1296701E-07
  1453.0 0.9865762E-08
  1454.0 0.6703715E-08
  1455.0 0.3524782E-08
  1456.0 0.3720250E-09
  1457.0 -.2712904E-08
  1458.0 -.5690345E-08
  1459.0 -.8523253E-08
  1460.0 -.1117753E-07
  1461.0 -.1362264E-07
  1462.0 -.1583175E-07
  1463.0 -.1778223E-07
  1464.0 -.1945569E-07
  1465.0 -.2083817E-07
  1466.0 -.2192022E-07
  1467.0 -.2269691E-07
  1468.0 -.2316770E-07
  1469.0 -.2333627E-07
  1470.0 -.2321040E-07
  1471.0 -.2280162E-07
  1472.0 -.2212498E-07
  1473.0 -.2119860E-07
  1474.0 -.2004324E-07
  1475.0 -.1868214E-07
  1476.0 -.1714028E-07
  1477.0 -.1544410E-07
  1478.0 -.1362103E-07
  1479.0 -.1169905E-07
  1480.0 -.9706216E-08
  1481.0 -.7670357E-08
  1482.0 -.5618541E-08
  1483.0 -.3576873E-08
  1484.0 -.1570077E-08
  1485.0 0.3787082E-09
  1486.0 0.2248222E-08
  1487.0 0.4019248E-08
  1488.0 0.5674759E-08
  1489.0 0.7200026E-08
  1490.0 0.8582710E-08
  1491.0 0.9812771E-08
  1492.0 0.1088261E-07
  1493.0 0.1178695E-07
  1494.0 0.1252270E-07
  1495.0 0.1308885E-07
  1496.0 0.1348641E-07
  1497.0 0.1371824E-07
  1498.0 0.1378874E-07
  1499.0 0.1370390E-07
  1500.0 0.1347091E-07
  1501.0 0.1309811E-07
  1502.0 0.1259471E-07
  1503.0 0.1197065E-07
  1504.0 0.1123652E-07
  1505.0 0.1040320E-07
  1506.0 0.9481970E-08
  1507.0 0.8484133E-08
  1508.0 0.7421149E-08
  1509.0 0.6304322E-08
  1510.0 0.5144873E-08
  1511.0 0.3953834E-08
  1512.0 0.2741988E-08
  1513.0 0.1519857E-08
  1514.0 0.2976736E-09
  1515.0 -.9146277E-09
  1516.0 -.2107424E-08
  1517.0 -.3271378E-08
  1518.0 -.4397475E-08
  1519.0 -.5477002E-08
  1520.0 -.6501532E-08
  1521.0 -.7462951E-08
  1522.0 -.8353485E-08
  1523.0 -.9165709E-08
  1524.0 -.9892537E-08
  1525.0 -.1052732E-07
  1526.0 -.1106388E-07
  1527.0 -.1149655E-07
  1528.0 -.1182025E-07
  1529.0 -.1203059E-07
  1530.0 -.1212387E-07
  1531.0 -.1209731E-07
  1532.0 -.1194899E-07
  1533.0 -.1167797E-07
  1534.0 -.1128446E-07
  1535.0 -.1076982E-07
  1536.0 -.1013659E-07
  1537.0 -.9388674E-08
  1538.0 -.8531248E-08
  1539.0 -.7570856E-08
  1540.0 -.6515386E-08
  1541.0 -.5374088E-08
  1542.0 -.4157485E-08
  1543.0 -.2877342E-08
  1544.0 -.1546547E-08
  1545.0 -.1790360E-09
  1546.0 0.1210368E-08
  1547.0 0.2606111E-08
  1548.0 0.3992086E-08
  1549.0 0.5351832E-08
  1550.0 0.6668753E-08
  1551.0 0.7926340E-08
  1552.0 0.9108405E-08
  1553.0 0.1019933E-07
  1554.0 0.1118430E-07
  1555.0 0.1204958E-07
  1556.0 0.1278267E-07
  1557.0 0.1337257E-07
  1558.0 0.1381001E-07
  1559.0 0.1408757E-07
  1560.0 0.1419986E-07
  1561.0 0.1414366E-07
  1562.0 0.1391799E-07
  1563.0 0.1352423E-07
  1564.0 0.1296598E-07
  1565.0 0.1224933E-07
  1566.0 0.1138250E-07
  1567.0 0.1037598E-07
  1568.0 0.9242282E-08
  1569.0 0.7995842E-08
  1570.0 0.6652780E-08
  1571.0 0.5230723E-08
  1572.0 0.3748498E-08
  1573.0 0.2225921E-08
  1574.0 0.6834403E-09
  1575.0 -.8581172E-09
  1576.0 -.2377892E-08
  1577.0 -.3855304E-08
  1578.0 -.5270345E-08
  1579.0 -.6603929E-08
  1580.0 -.7838127E-08
  1581.0 -.8956524E-08
  1582.0 -.9944384E-08
  1583.0 -.1078895E-07
  1584.0 -.1147954E-07
  1585.0 -.1200785E-07
  1586.0 -.1236793E-07
  1587.0 -.1255633E-07
  1588.0 -.1257213E-07
  1589.0 -.1241699E-07
  1590.0 -.1209500E-07
  1591.0 -.1161265E-07
  1592.0 -.1097879E-07
  1593.0 -.1020429E-07
  1594.0 -.9302005E-08
  1595.0 -.8286474E-08
  1596.0 -.7173707E-08
  1597.0 -.5980905E-08
  1598.0 -.4726154E-08
  1599.0 -.3428176E-08
  1600.0 -.2105964E-08
  1601.0 -.7785482E-09
  1602.0 0.5353502E-09
  1603.0 0.1817586E-08
  1604.0 0.3050862E-08
  1605.0 0.4218987E-08
  1606.0 0.5307095E-08
  1607.0 0.6301864E-08
  1608.0 0.7191666E-08
  1609.0 0.7966729E-08
  1610.0 0.8619229E-08
  1611.0 0.9143353E-08
  1612.0 0.9535366E-08
  1613.0 0.9793528E-08
  1614.0 0.9918179E-08
  1615.0 0.9911597E-08
  1616.0 0.9777883E-08
  1617.0 0.9522887E-08
  1618.0 0.9154016E-08
  1619.0 0.8680084E-08
  1620.0 0.8111086E-08
  1621.0 0.7458079E-08
  1622.0 0.6732852E-08
  1623.0 0.5947799E-08
  1624.0 0.5115656E-08
  1625.0 0.4249278E-08
  1626.0 0.3361478E-08
  1627.0 0.2464785E-08
  1628.0 0.1571268E-08
  1629.0 0.6923783E-09
  1630.0 -.1612046E-09
  1631.0 -.9796983E-09
  1632.0 -.1754326E-08
  1633.0 -.2477388E-08
  1634.0 -.3142343E-08
  1635.0 -.3743797E-08
  1636.0 -.4277567E-08
  1637.0 -.4740634E-08
  1638.0 -.5131124E-08
  1639.0 -.5448247E-08
  1640.0 -.5692246E-08
  1641.0 -.5864323E-08
  1642.0 -.5966507E-08
  1643.0 -.6001586E-08
  1644.0 -.5973007E-08
  1645.0 -.5884742E-08
  1646.0 -.5741203E-08
  1647.0 -.5547114E-08
  1648.0 -.5307388E-08
  1649.0 -.5027093E-08
  1650.0 -.4711325E-08
  1651.0 -.4365117E-08
  1652.0 -.3993390E-08
  1653.0 -.3600886E-08
  1654.0 -.3192146E-08
  1655.0 -.2771457E-08
  1656.0 -.2342830E-08
  1657.0 -.1910008E-08
  1658.0 -.1476445E-08
  1659.0 -.1045332E-08
  1660.0 -.6196177E-09
  1661.0 -.2020052E-09
  1662.0 0.2049952E-09
  1663.0 0.5990444E-09
  1664.0 0.9779553E-09
  1665.0 0.1339647E-08
  1666.0 0.1682130E-08
  1667.0 0.2003490E-08
  1668.0 0.2301853E-08
  1669.0 0.2575392E-08
  1670.0 0.2822325E-08
  1671.0 0.3040905E-08
  1672.0 0.3229454E-08
  1673.0 0.3386361E-08
  1674.0 0.3510130E-08
  1675.0 0.3599402E-08
  1676.0 0.3653010E-08
  1677.0 0.3669995E-08
  1678.0 0.3649686E-08
  1679.0 0.3591731E-08
  1680.0 0.3496147E-08
  1681.0 0.3363352E-08
  1682.0 0.3194234E-08
  1683.0 0.2990164E-08
  1684.0 0.2753027E-08
  1685.0 0.2485240E-08
  1686.0 0.2189759E-08
  1687.0 0.1870075E-08
  1688.0 0.1530182E-08
  1689.0 0.1174561E-08
  1690.0 0.8081346E-09
  1691.0 0.4361893E-09
  1692.0 0.6431705E-10
  1693.0 -.3016699E-09
  1694.0 -.6558368E-09
  1695.0 -.9922313E-09
  1696.0 -.1304992E-08
  1697.0 -.1588471E-08
  1698.0 -.1837341E-08
  1699.0 -.2046729E-08
  1700.0 -.2212323E-08
  1701.0 -.2330484E-08
  1702.0 -.2398352E-08
  1703.0 -.2413929E-08
  1704.0 -.2376171E-08
  1705.0 -.2285029E-08
  1706.0 -.2141515E-08
  1707.0 -.1947702E-08
  1708.0 -.1706753E-08
  1709.0 -.1422873E-08
  1710.0 -.1101291E-08
  1711.0 -.7481708E-09
  1712.0 -.3705489E-09
  1713.0 0.2379608E-10
  1714.0 0.4264617E-09
  1715.0 0.8285660E-09
  1716.0 0.1220915E-08
  1717.0 0.1594177E-08
  1718.0 0.1939057E-08
  1719.0 0.2246510E-08
  1720.0 0.2507891E-08
  1721.0 0.2715186E-08
  1722.0 0.2861184E-08
  1723.0 0.2939628E-08
  1724.0 0.2945403E-08
  1725.0 0.2874683E-08
  1726.0 0.2725020E-08
  1727.0 0.2495480E-08
  1728.0 0.2186694E-08
  1729.0 0.1800907E-08
  1730.0 0.1341993E-08
  1731.0 0.8154247E-09
  1732.0 0.2282524E-09
  1733.0 -.4110202E-09
  1734.0 -.1092514E-08
  1735.0 -.1805138E-08
  1736.0 -.2536762E-08
  1737.0 -.3274393E-08
  1738.0 -.4004418E-08
  1739.0 -.4712831E-08
  1740.0 -.5385484E-08
  1741.0 -.6008342E-08
  1742.0 -.6567750E-08
  1743.0 -.7050728E-08
  1744.0 -.7445164E-08
  1745.0 -.7740135E-08
  1746.0 -.7926076E-08
  1747.0 -.7995077E-08
  1748.0 -.7940997E-08
  1749.0 -.7759597E-08
  1750.0 -.7448823E-08
  1751.0 -.7008698E-08
  1752.0 -.6441539E-08
  1753.0 -.5751895E-08
  1754.0 -.4946508E-08
  1755.0 -.4034310E-08
  1756.0 -.3026261E-08
  1757.0 -.1935238E-08
  1758.0 -.7758387E-09
  1759.0 0.4358291E-09
  1760.0 0.1682385E-08
  1761.0 0.2945477E-08
  1762.0 0.4206024E-08
  1763.0 0.5444606E-08
  1764.0 0.6641677E-08
  1765.0 0.7778012E-08
  1766.0 0.8834937E-08
  1767.0 0.9794721E-08
  1768.0 0.1064087E-07
  1769.0 0.1135837E-07
  1770.0 0.1193400E-07
  1771.0 0.1235664E-07
  1772.0 0.1261732E-07
  1773.0 0.1270953E-07
  1774.0 0.1262934E-07
  1775.0 0.1237541E-07
  1776.0 0.1194913E-07
  1777.0 0.1135456E-07
  1778.0 0.1059841E-07
  1779.0 0.9689960E-08
  1780.0 0.8640919E-08
  1781.0 0.7465248E-08
  1782.0 0.6178931E-08
  1783.0 0.4799757E-08
  1784.0 0.3347060E-08
  1785.0 0.1841344E-08
  1786.0 0.3040207E-09
  1787.0 -.1242958E-08
  1788.0 -.2777431E-08
  1789.0 -.4277404E-08
  1790.0 -.5721393E-08
  1791.0 -.7088743E-08
  1792.0 -.8359969E-08
  1793.0 -.9517062E-08
  1794.0 -.1054377E-07
  1795.0 -.1142587E-07
  1796.0 -.1215130E-07
  1797.0 -.1271044E-07
  1798.0 -.1309619E-07
  1799.0 -.1330407E-07
  1800.0 -.1333228E-07
  1801.0 -.1318171E-07
  1802.0 -.1285588E-07
  1803.0 -.1236089E-07
  1804.0 -.1170525E-07
  1805.0 -.1089978E-07
  1806.0 -.9957352E-08
  1807.0 -.8892729E-08
  1808.0 -.7722235E-08
  1809.0 -.6463549E-08
  1810.0 -.5135354E-08
  1811.0 -.3757047E-08
  1812.0 -.2348451E-08
  1813.0 -.9294763E-09
  1814.0 0.4801983E-09
  1815.0 0.1861404E-08
  1816.0 0.3195791E-08
  1817.0 0.4466064E-08
  1818.0 0.5656258E-08
  1819.0 0.6751946E-08
  1820.0 0.7740404E-08
  1821.0 0.8610797E-08
  1822.0 0.9354271E-08
  1823.0 0.9964057E-08
  1824.0 0.1043552E-07
  1825.0 0.1076611E-07
  1826.0 0.1095543E-07
  1827.0 0.1100513E-07
  1828.0 0.1091879E-07
  1829.0 0.1070180E-07
  1830.0 0.1036133E-07
  1831.0 0.9905959E-08
  1832.0 0.9345676E-08
  1833.0 0.8691535E-08
  1834.0 0.7955495E-08
  1835.0 0.7150251E-08
  1836.0 0.6288893E-08
  1837.0 0.5384767E-08
  1838.0 0.4451215E-08
  1839.0 0.3501395E-08
  1840.0 0.2548061E-08
  1841.0 0.1603396E-08
  1842.0 0.6788274E-09
  1843.0 -.2150871E-09
  1844.0 -.1068797E-08
  1845.0 -.1873844E-08
  1846.0 -.2622945E-08
  1847.0 -.3310030E-08
  1848.0 -.3930268E-08
  1849.0 -.4480059E-08
  1850.0 -.4957012E-08
  1851.0 -.5359919E-08
  1852.0 -.5688656E-08
  1853.0 -.5944151E-08
  1854.0 -.6128241E-08
  1855.0 -.6243590E-08
  1856.0 -.6293585E-08
  1857.0 -.6282197E-08
  1858.0 -.6213881E-08
  1859.0 -.6093437E-08
  1860.0 -.5925901E-08
  1861.0 -.5716426E-08
  1862.0 -.5470187E-08
  1863.0 -.5192264E-08
  1864.0 -.4887595E-08
  1865.0 -.4560868E-08
  1866.0 -.4216449E-08
  1867.0 -.3858414E-08
  1868.0 -.3490415E-08
  1869.0 -.3115747E-08
  1870.0 -.2737302E-08
  1871.0 -.2357565E-08
  1872.0 -.1978684E-08
  1873.0 -.1602453E-08
  1874.0 -.1230377E-08
  1875.0 -.8637012E-09
  1876.0 -.5034668E-09
  1877.0 -.1505655E-09
  1878.0 0.1942099E-09
  1879.0 0.5301140E-09
  1880.0 0.8564013E-09
  1881.0 0.1172273E-08
  1882.0 0.1476858E-08
  1883.0 0.1769156E-08
  1884.0 0.2048039E-08
  1885.0 0.2312216E-08
  1886.0 0.2560256E-08
  1887.0 0.2790574E-08
  1888.0 0.3001443E-08
  1889.0 0.3191050E-08
  1890.0 0.3357496E-08
  1891.0 0.3498850E-08
  1892.0 0.3613207E-08
  1893.0 0.3698734E-08
  1894.0 0.3753730E-08
  1895.0 0.3776679E-08
  1896.0 0.3766305E-08
  1897.0 0.3721654E-08
  1898.0 0.3642119E-08
  1899.0 0.3527512E-08
  1900.0 0.3378084E-08
  1901.0 0.3194580E-08
  1902.0 0.2978236E-08
  1903.0 0.2730824E-08
  1904.0 0.2454638E-08
  1905.0 0.2152467E-08
  1906.0 0.1827605E-08
  1907.0 0.1483780E-08
  1908.0 0.1125139E-08
  1909.0 0.7561715E-09
  1910.0 0.3816330E-09
  1911.0 0.6496353E-11
  1912.0 -.3641686E-09
  1913.0 -.7252614E-09
  1914.0 -.1071753E-08
  1915.0 -.1398790E-08
  1916.0 -.1701784E-08
  1917.0 -.1976497E-08
  1918.0 -.2219152E-08
  1919.0 -.2426495E-08
  1920.0 -.2595883E-08
  1921.0 -.2725333E-08
  1922.0 -.2813589E-08
  1923.0 -.2860139E-08
  1924.0 -.2865256E-08
  1925.0 -.2829990E-08
  1926.0 -.2756163E-08
  1927.0 -.2646338E-08
  1928.0 -.2503783E-08
  1929.0 -.2332402E-08
  1930.0 -.2136677E-08
  1931.0 -.1921551E-08
  1932.0 -.1692376E-08
  1933.0 -.1454754E-08
  1934.0 -.1214453E-08
  1935.0 -.9772659E-09
  1936.0 -.7489098E-09
  1937.0 -.5348703E-09
  1938.0 -.3403003E-09
  1939.0 -.1698858E-09
  1940.0 -.2775321E-10
  1941.0 0.8265200E-10
  1942.0 0.1586311E-09
  1943.0 0.1983214E-09
  1944.0 0.2007484E-09
  1945.0 0.1658583E-09
  1946.0 0.9455126E-10
  1947.0 -.1133717E-10
  1948.0 -.1490430E-09
  1949.0 -.3149209E-09
  1950.0 -.5045073E-09
  1951.0 -.7125988E-09
  1952.0 -.9333475E-09
  1953.0 -.1160381E-08
  1954.0 -.1386932E-08
  1955.0 -.1605969E-08
  1956.0 -.1810358E-08
  1957.0 -.1992999E-08
  1958.0 -.2147015E-08
  1959.0 -.2265865E-08
  1960.0 -.2343552E-08
  1961.0 -.2374719E-08
  1962.0 -.2354827E-08
  1963.0 -.2280253E-08
  1964.0 -.2148411E-08
  1965.0 -.1957840E-08
  1966.0 -.1708280E-08
  1967.0 -.1400703E-08
  1968.0 -.1037358E-08
  1969.0 -.6217522E-09
  1970.0 -.1586390E-09
  1971.0 0.3460477E-09
  1972.0 0.8852608E-09
  1973.0 0.1450943E-08
  1974.0 0.2034154E-08
  1975.0 0.2625210E-08
  1976.0 0.3213840E-08
  1977.0 0.3789386E-08
  1978.0 0.4340966E-08
  1979.0 0.4857686E-08
  1980.0 0.5328848E-08
  1981.0 0.5744151E-08
  1982.0 0.6093881E-08
  1983.0 0.6369143E-08
  1984.0 0.6562004E-08
  1985.0 0.6665704E-08
  1986.0 0.6674787E-08
  1987.0 0.6585264E-08
  1988.0 0.6394695E-08
  1989.0 0.6102272E-08
  1990.0 0.5708922E-08
  1991.0 0.5217283E-08
  1992.0 0.4631746E-08
  1993.0 0.3958379E-08
  1994.0 0.3204893E-08
  1995.0 0.2380541E-08
  1996.0 0.1495996E-08
  1997.0 0.5631886E-09
  1998.0 -.4048593E-09
  1999.0 -.1394228E-08
  2000.0 -.2390332E-08
  2001.0 -.3378135E-08
  2002.0 -.4342418E-08
  2003.0 -.5267995E-08
  2004.0 -.6139999E-08
  2005.0 -.6944116E-08
  2006.0 -.7666852E-08
  2007.0 -.8295746E-08
  2008.0 -.8819583E-08
  2009.0 -.9228668E-08
  2010.0 -.9514888E-08
  2011.0 -.9671957E-08
  2012.0 -.9695540E-08
  2013.0 -.9583286E-08
  2014.0 -.9334980E-08
  2015.0 -.8952411E-08
  2016.0 -.8439623E-08
  2017.0 -.7802602E-08
  2018.0 -.7049365E-08
  2019.0 -.6189751E-08
  2020.0 -.5235389E-08
  2021.0 -.4199434E-08
  2022.0 -.3096372E-08
  2023.0 -.1941845E-08
  2024.0 -.7523721E-09
  2025.0 0.4549045E-09
  2026.0 0.1662483E-08
  2027.0 0.2852788E-08
  2028.0 0.4008438E-08
  2029.0 0.5112534E-08
  2030.0 0.6148947E-08
  2031.0 0.7102511E-08
  2032.0 0.7959338E-08
  2033.0 0.8706995E-08
  2034.0 0.9334733E-08
  2035.0 0.9833607E-08
  2036.0 0.1019669E-07
  2037.0 0.1041909E-07
  2038.0 0.1049810E-07
  2039.0 0.1043318E-07
  2040.0 0.1022601E-07
  2041.0 0.9880415E-08
  2042.0 0.9402285E-08
  2043.0 0.8799488E-08
  2044.0 0.8081763E-08
  2045.0 0.7260544E-08
  2046.0 0.6348698E-08
  2047.0 0.5360397E-08
  2048.0 0.4310826E-08
  2049.0 0.3215977E-08
  2050.0 0.2092360E-08
  2051.0 0.9567226E-09
  2052.0 -.1741836E-09
  2053.0 -.1283901E-08
  2054.0 -.2356510E-08
  2055.0 -.3376878E-08
  2056.0 -.4330903E-08
  2057.0 -.5205718E-08
  2058.0 -.5989873E-08
  2059.0 -.6673520E-08
  2060.0 -.7248528E-08
  2061.0 -.7708607E-08
  2062.0 -.8049382E-08
  2063.0 -.8268383E-08
  2064.0 -.8365125E-08
  2065.0 -.8341051E-08
  2066.0 -.8199442E-08
  2067.0 -.7945400E-08
  2068.0 -.7585658E-08
  2069.0 -.7128489E-08
  2070.0 -.6583510E-08
  2071.0 -.5961487E-08
  2072.0 -.5274183E-08
  2073.0 -.4534074E-08
  2074.0 -.3754181E-08
  2075.0 -.2947807E-08
  2076.0 -.2128304E-08
  2077.0 -.1308858E-08
  2078.0 -.5022904E-09
  2079.0 0.2791976E-09
  2080.0 0.1024188E-08
  2081.0 0.1722226E-08
  2082.0 0.2363984E-08
  2083.0 0.2941383E-08
  2084.0 0.3447717E-08
  2085.0 0.3877707E-08
  2086.0 0.4227587E-08
  2087.0 0.4495099E-08
  2088.0 0.4679511E-08
  2089.0 0.4781573E-08
  2090.0 0.4803484E-08
  2091.0 0.4748775E-08
  2092.0 0.4622238E-08
  2093.0 0.4429793E-08
  2094.0 0.4178320E-08
  2095.0 0.3875545E-08
  2096.0 0.3529860E-08
  2097.0 0.3150100E-08
  2098.0 0.2745426E-08
  2099.0 0.2325112E-08
  2100.0 0.1898364E-08
  2101.0 0.1474138E-08
  2102.0 0.1061000E-08
  2103.0 0.6669396E-09
  2104.0 0.2992513E-09
  2105.0 -.3560289E-10
  2106.0 -.3320893E-09
  2107.0 -.5856929E-09
  2108.0 -.7929799E-09
  2109.0 -.9516370E-09
  2110.0 -.1060486E-08
  2111.0 -.1119488E-08
  2112.0 -.1129705E-08
  2113.0 -.1093263E-08
  2114.0 -.1013271E-08
  2115.0 -.8937469E-09
  2116.0 -.7395063E-09
  2117.0 -.5560409E-09
  2118.0 -.3494090E-09
  2119.0 -.1260729E-09
  2120.0 0.1072235E-09
  2121.0 0.3436154E-09
  2122.0 0.5762577E-09
  2123.0 0.7984639E-09
  2124.0 0.1003861E-08
  2125.0 0.1186501E-08
  2126.0 0.1340993E-08
  2127.0 0.1462609E-08
  2128.0 0.1547365E-08
  2129.0 0.1592126E-08
  2130.0 0.1594626E-08
  2131.0 0.1553537E-08
  2132.0 0.1468488E-08
  2133.0 0.1340050E-08
  2134.0 0.1169738E-08
  2135.0 0.9599680E-09
  2136.0 0.7140043E-09
  2137.0 0.4358966E-09
  2138.0 0.1303884E-09
  2139.0 -.1971767E-09
  2140.0 -.5409544E-09
  2141.0 -.8947211E-09
  2142.0 -.1252004E-08
  2143.0 -.1606190E-08
  2144.0 -.1950667E-08
  2145.0 -.2278944E-08
  2146.0 -.2584781E-08
  2147.0 -.2862292E-08
  2148.0 -.3106066E-08
  2149.0 -.3311270E-08
  2150.0 -.3473722E-08
  2151.0 -.3589982E-08
  2152.0 -.3657402E-08
  2153.0 -.3674181E-08
  2154.0 -.3639366E-08
  2155.0 -.3552905E-08
  2156.0 -.3415622E-08
  2157.0 -.3229191E-08
  2158.0 -.2996108E-08
  2159.0 -.2719649E-08
  2160.0 -.2403794E-08
  2161.0 -.2053146E-08
  2162.0 -.1672871E-08
  2163.0 -.1268575E-08
  2164.0 -.8462184E-09
  2165.0 -.4120015E-09
  2166.0 0.2773797E-10
  2167.0 0.4666435E-09
  2168.0 0.8984388E-09
  2169.0 0.1317043E-08
  2170.0 0.1716666E-08
  2171.0 0.2091888E-08
  2172.0 0.2437777E-08
  2173.0 0.2749934E-08
  2174.0 0.3024562E-08
  2175.0 0.3258525E-08
  2176.0 0.3449383E-08
  2177.0 0.3595402E-08
  2178.0 0.3695598E-08
  2179.0 0.3749697E-08
  2180.0 0.3758132E-08
  2181.0 0.3722055E-08
  2182.0 0.3643220E-08
  2183.0 0.3523994E-08
  2184.0 0.3367274E-08
  2185.0 0.3176428E-08
  2186.0 0.2955202E-08
  2187.0 0.2707672E-08
  2188.0 0.2438125E-08
  2189.0 0.2151006E-08
  2190.0 0.1850806E-08
  2191.0 0.1542005E-08
  2192.0 0.1228975E-08
  2193.0 0.9159144E-09
  2194.0 0.6067756E-09
  2195.0 0.3052044E-09
  2196.0 0.1449218E-10
  2197.0 -.2624728E-09
  2198.0 -.5232356E-09
  2199.0 -.7657975E-09
  2200.0 -.9886295E-09
  2201.0 -.1190672E-08
  2202.0 -.1371330E-08
  2203.0 -.1530447E-08
  2204.0 -.1668288E-08
  2205.0 -.1785499E-08
  2206.0 -.1883056E-08
  2207.0 -.1962227E-08
  2208.0 -.2024513E-08
  2209.0 -.2071592E-08
  2210.0 -.2105250E-08
  2211.0 -.2127331E-08
  2212.0 -.2139671E-08
  2213.0 -.2144052E-08
  2214.0 -.2142111E-08
  2215.0 -.2135338E-08
  2216.0 -.2124993E-08
  2217.0 -.2112088E-08
  2218.0 -.2097358E-08
  2219.0 -.2081223E-08
  2220.0 -.2063797E-08
  2221.0 -.2044853E-08
  2222.0 -.2023868E-08
  2223.0 -.2000013E-08
  2224.0 -.1972175E-08
  2225.0 -.1939001E-08
  2226.0 -.1898932E-08
  2227.0 -.1850247E-08
  2228.0 -.1791123E-08
  2229.0 -.1719686E-08
  2230.0 -.1634072E-08
  2231.0 -.1532495E-08
  2232.0 -.1413303E-08
  2233.0 -.1275045E-08
  2234.0 -.1116532E-08
  2235.0 -.9368951E-09
  2236.0 -.7356296E-09
  2237.0 -.5126535E-09
  2238.0 -.2683322E-09
  2239.0 -.3518258E-11
  2240.0 0.2804312E-09
  2241.0 0.5816493E-09
  2242.0 0.8977528E-09
  2243.0 0.1225855E-08
  2244.0 0.1562597E-08
  2245.0 0.1904167E-08
  2246.0 0.2246358E-08
  2247.0 0.2584616E-08
  2248.0 0.2914104E-08
  2249.0 0.3229782E-08
  2250.0 0.3526479E-08
  2251.0 0.3798972E-08
  2252.0 0.4042104E-08
  2253.0 0.4250860E-08
  2254.0 0.4420444E-08
  2255.0 0.4546418E-08
  2256.0 0.4624766E-08
  2257.0 0.4651974E-08
  2258.0 0.4625160E-08
  2259.0 0.4542088E-08
  2260.0 0.4401289E-08
  2261.0 0.4202080E-08
  2262.0 0.3944659E-08
  2263.0 0.3630072E-08
  2264.0 0.3260279E-08
  2265.0 0.2838147E-08
  2266.0 0.2367447E-08
  2267.0 0.1852810E-08
  2268.0 0.1299690E-08
  2269.0 0.7143320E-09
  2270.0 0.1036694E-09
  2271.0 -.5247434E-09
  2272.0 -.1162828E-08
  2273.0 -.1802101E-08
  2274.0 -.2433779E-08
  2275.0 -.3048911E-08
  2276.0 -.3638524E-08
  2277.0 -.4193725E-08
  2278.0 -.4705902E-08
  2279.0 -.5166775E-08
  2280.0 -.5568634E-08
  2281.0 -.5904393E-08
  2282.0 -.6167747E-08
  2283.0 -.6353302E-08
  2284.0 -.6456642E-08
  2285.0 -.6474456E-08
  2286.0 -.6404608E-08
  2287.0 -.6246174E-08
  2288.0 -.5999548E-08
  2289.0 -.5666367E-08
  2290.0 -.5249628E-08
  2291.0 -.4753574E-08
  2292.0 -.4183738E-08
  2293.0 -.3546818E-08
  2294.0 -.2850665E-08
  2295.0 -.2104146E-08
  2296.0 -.1317058E-08
  2297.0 -.4999780E-09
  2298.0 0.3358649E-09
  2299.0 0.1178742E-08
  2300.0 0.2016604E-08
  2301.0 0.2837234E-08
  2302.0 0.3628454E-08
  2303.0 0.4378281E-08
  2304.0 0.5075113E-08
  2305.0 0.5707929E-08
  2306.0 0.6266422E-08
  2307.0 0.6741215E-08
  2308.0 0.7123959E-08
  2309.0 0.7407519E-08
  2310.0 0.7586061E-08
  2311.0 0.7655201E-08
  2312.0 0.7612044E-08
  2313.0 0.7455252E-08
  2314.0 0.7185150E-08
  2315.0 0.6803647E-08
  2316.0 0.6314307E-08
  2317.0 0.5722265E-08
  2318.0 0.5034205E-08
  2319.0 0.4258289E-08
  2320.0 0.3403992E-08
  2321.0 0.2482064E-08
  2322.0 0.1504309E-08
  2323.0 0.4834929E-09
  2324.0 -.5668866E-09
  2325.0 -.1632759E-08
  2326.0 -.2699692E-08
  2327.0 -.3753088E-08
  2328.0 -.4778400E-08
  2329.0 -.5761349E-08
  2330.0 -.6688108E-08
  2331.0 -.7545534E-08
  2332.0 -.8321337E-08
  2333.0 -.9004277E-08
  2334.0 -.9584316E-08
  2335.0 -.1005281E-07
  2336.0 -.1040254E-07
  2337.0 -.1062794E-07
  2338.0 -.1072509E-07
  2339.0 -.1069185E-07
  2340.0 -.1052782E-07
  2341.0 -.1023439E-07
  2342.0 -.9814739E-08
  2343.0 -.9273711E-08
  2344.0 -.8617847E-08
  2345.0 -.7855231E-08
  2346.0 -.6995344E-08
  2347.0 -.6049005E-08
  2348.0 -.5028150E-08
  2349.0 -.3945667E-08
  2350.0 -.2815236E-08
  2351.0 -.1651092E-08
  2352.0 -.4678465E-09
  2353.0 0.7197318E-09
  2354.0 0.1896937E-08
  2355.0 0.3049323E-08
  2356.0 0.4162916E-08
  2357.0 0.5224411E-08
  2358.0 0.6221354E-08
  2359.0 0.7142300E-08
  2360.0 0.7976972E-08
  2361.0 0.8716417E-08
  2362.0 0.9353054E-08
  2363.0 0.9880901E-08
  2364.0 0.1029541E-07
  2365.0 0.1059373E-07
  2366.0 0.1077465E-07
  2367.0 0.1083848E-07
  2368.0 0.1078721E-07
  2369.0 0.1062428E-07
  2370.0 0.1035459E-07
  2371.0 0.9984393E-08
  2372.0 0.9521105E-08
  2373.0 0.8973282E-08
  2374.0 0.8350345E-08
  2375.0 0.7662526E-08
  2376.0 0.6920575E-08
  2377.0 0.6135713E-08
  2378.0 0.5319365E-08
  2379.0 0.4482990E-08
  2380.0 0.3637924E-08
  2381.0 0.2795199E-08
  2382.0 0.1965371E-08
  2383.0 0.1158391E-08
  2384.0 0.3834460E-09
  2385.0 -.3511459E-09
  2386.0 -.1038048E-08
  2387.0 -.1670987E-08
  2388.0 -.2244817E-08
  2389.0 -.2755550E-08
  2390.0 -.3200406E-08
  2391.0 -.3577779E-08
  2392.0 -.3887253E-08
  2393.0 -.4129519E-08
  2394.0 -.4306374E-08
  2395.0 -.4420565E-08
  2396.0 -.4475783E-08
  2397.0 -.4476514E-08
  2398.0 -.4427894E-08
  2399.0 -.4335646E-08
