     0.0 0.0000000E+00
     1.0 0.1741410E-17
     2.0 -.1597688E-16
     3.0 -.1216504E-15
     4.0 -.4293006E-15
     5.0 -.1096416E-14
     6.0 -.2319522E-14
     7.0 -.4328007E-14
     8.0 -.7376889E-14
     9.0 -.1173864E-13
    10.0 -.1769421E-13
    11.0 -.2552355E-13
    12.0 -.3549604E-13
    13.0 -.4786098E-13
    14.0 -.6283843E-13
    15.0 -.8061069E-13
    16.0 -.1013145E-12
    17.0 -.1250342E-12
    18.0 -.1517960E-12
    19.0 -.1815627E-12
    20.0 -.2142309E-12
    21.0 -.2496275E-12
    22.0 -.2875084E-12
    23.0 -.3275577E-12
    24.0 -.3693879E-12
    25.0 -.4125403E-12
    26.0 -.4564862E-12
    27.0 -.5006295E-12
    28.0 -.5443076E-12
    29.0 -.5867952E-12
    30.0 -.6273067E-12
    31.0 -.6650001E-12
    32.0 -.6989802E-12
    33.0 -.7283040E-12
    34.0 -.7519863E-12
    35.0 -.7690048E-12
    36.0 -.7783087E-12
    37.0 -.7788261E-12
    38.0 -.7694758E-12
    39.0 -.7491768E-12
    40.0 -.7168624E-12
    41.0 -.6714938E-12
    42.0 -.6120767E-12
    43.0 -.5376786E-12
    44.0 -.4474455E-12
    45.0 -.3406209E-12
    46.0 -.2165660E-12
    47.0 -.7477647E-13
    48.0 0.8509902E-13
    49.0 0.2632430E-12
    50.0 0.4596551E-12
    51.0 0.6741412E-12
    52.0 0.9063061E-12
    53.0 0.1155548E-11
    54.0 0.1421062E-11
    55.0 0.1701843E-11
    56.0 0.1996700E-11
    57.0 0.2304269E-11
    58.0 0.2623034E-11
    59.0 0.2951356E-11
    60.0 0.3287504E-11
    61.0 0.3629684E-11
    62.0 0.3976078E-11
    63.0 0.4324891E-11
    64.0 0.4674378E-11
    65.0 0.5022900E-11
    66.0 0.5368944E-11
    67.0 0.5711170E-11
    68.0 0.6048441E-11
    69.0 0.6379844E-11
    70.0 0.6704716E-11
    71.0 0.7022646E-11
    72.0 0.7333486E-11
    73.0 0.7637344E-11
    74.0 0.7934564E-11
    75.0 0.8225706E-11
    76.0 0.8511529E-11
    77.0 0.8792917E-11
    78.0 0.9070874E-11
    79.0 0.9346439E-11
    80.0 0.9620668E-11
    81.0 0.9894531E-11
    82.0 0.1016891E-10
    83.0 0.1044450E-10
    84.0 0.1072178E-10
    85.0 0.1100096E-10
    86.0 0.1128201E-10
    87.0 0.1156451E-10
    88.0 0.1184775E-10
    89.0 0.1213066E-10
    90.0 0.1241189E-10
    91.0 0.1268977E-10
    92.0 0.1296235E-10
    93.0 0.1322752E-10
    94.0 0.1348299E-10
    95.0 0.1372642E-10
    96.0 0.1395542E-10
    97.0 0.1416775E-10
    98.0 0.1436126E-10
    99.0 0.1453411E-10
   100.0 0.1468474E-10
   101.0 0.1481198E-10
   102.0 0.1491515E-10
   103.0 0.1499425E-10
   104.0 0.1504981E-10
   105.0 0.1508311E-10
   106.0 0.1509604E-10
   107.0 0.1509115E-10
   108.0 0.1507160E-10
   109.0 0.1504099E-10
   110.0 0.1500341E-10
   111.0 0.1496323E-10
   112.0 0.1492497E-10
   113.0 0.1489323E-10
   114.0 0.1487247E-10
   115.0 0.1486685E-10
   116.0 0.1488016E-10
   117.0 0.1491558E-10
   118.0 0.1497555E-10
   119.0 0.1506174E-10
   120.0 0.1517483E-10
   121.0 0.1531452E-10
   122.0 0.1547941E-10
   123.0 0.1566710E-10
   124.0 0.1587403E-10
   125.0 0.1609572E-10
   126.0 0.1632667E-10
   127.0 0.1656064E-10
   128.0 0.1679070E-10
   129.0 0.1700938E-10
   130.0 0.1720890E-10
   131.0 0.1738145E-10
   132.0 0.1751924E-10
   133.0 0.1761490E-10
   134.0 0.1766159E-10
   135.0 0.1765323E-10
   136.0 0.1758481E-10
   137.0 0.1745240E-10
   138.0 0.1725345E-10
   139.0 0.1698679E-10
   140.0 0.1665284E-10
   141.0 0.1625351E-10
   142.0 0.1579236E-10
   143.0 0.1527441E-10
   144.0 0.1470614E-10
   145.0 0.1409534E-10
   146.0 0.1345091E-10
   147.0 0.1278271E-10
   148.0 0.1210129E-10
   149.0 0.1141761E-10
   150.0 0.1074280E-10
   151.0 0.1008785E-10
   152.0 0.9463317E-11
   153.0 0.8879011E-11
   154.0 0.8343786E-11
   155.0 0.7865233E-11
   156.0 0.7449469E-11
   157.0 0.7100931E-11
   158.0 0.6822280E-11
   159.0 0.6614252E-11
   160.0 0.6475609E-11
   161.0 0.6403175E-11
   162.0 0.6391837E-11
   163.0 0.6434703E-11
   164.0 0.6523197E-11
   165.0 0.6647314E-11
   166.0 0.6795840E-11
   167.0 0.6956595E-11
   168.0 0.7116791E-11
   169.0 0.7263328E-11
   170.0 0.7383121E-11
   171.0 0.7463455E-11
   172.0 0.7492299E-11
   173.0 0.7458643E-11
   174.0 0.7352765E-11
   175.0 0.7166511E-11
   176.0 0.6893498E-11
   177.0 0.6529285E-11
   178.0 0.6071529E-11
   179.0 0.5519993E-11
   180.0 0.4876643E-11
   181.0 0.4145520E-11
   182.0 0.3332706E-11
   183.0 0.2446126E-11
   184.0 0.1495379E-11
   185.0 0.4914802E-12
   186.0 -.5534234E-12
   187.0 -.1626371E-11
   188.0 -.2713898E-11
   189.0 -.3802399E-11
   190.0 -.4878483E-11
   191.0 -.5929303E-11
   192.0 -.6942890E-11
   193.0 -.7908454E-11
   194.0 -.8816654E-11
   195.0 -.9659821E-11
   196.0 -.1043216E-10
   197.0 -.1112986E-10
   198.0 -.1175119E-10
   199.0 -.1229652E-10
   200.0 -.1276825E-10
   201.0 -.1317079E-10
   202.0 -.1351032E-10
   203.0 -.1379467E-10
   204.0 -.1403305E-10
   205.0 -.1423578E-10
   206.0 -.1441396E-10
   207.0 -.1457917E-10
   208.0 -.1474311E-10
   209.0 -.1491731E-10
   210.0 -.1511269E-10
   211.0 -.1533934E-10
   212.0 -.1560618E-10
   213.0 -.1592068E-10
   214.0 -.1628875E-10
   215.0 -.1671440E-10
   216.0 -.1719980E-10
   217.0 -.1774506E-10
   218.0 -.1834835E-10
   219.0 -.1900584E-10
   220.0 -.1971200E-10
   221.0 -.2045955E-10
   222.0 -.2123984E-10
   223.0 -.2204299E-10
   224.0 -.2285831E-10
   225.0 -.2367454E-10
   226.0 -.2448027E-10
   227.0 -.2526422E-10
   228.0 -.2601568E-10
   229.0 -.2672480E-10
   230.0 -.2738298E-10
   231.0 -.2798307E-10
   232.0 -.2851976E-10
   233.0 -.2898970E-10
   234.0 -.2939161E-10
   235.0 -.2972656E-10
   236.0 -.2999785E-10
   237.0 -.3021101E-10
   238.0 -.3037365E-10
   239.0 -.3049544E-10
   240.0 -.3058783E-10
   241.0 -.3066354E-10
   242.0 -.3073661E-10
   243.0 -.3082171E-10
   244.0 -.3093387E-10
   245.0 -.3108798E-10
   246.0 -.3129844E-10
   247.0 -.3157858E-10
   248.0 -.3194026E-10
   249.0 -.3239351E-10
   250.0 -.3294616E-10
   251.0 -.3360335E-10
   252.0 -.3436754E-10
   253.0 -.3523795E-10
   254.0 -.3621081E-10
   255.0 -.3727889E-10
   256.0 -.3843189E-10
   257.0 -.3965631E-10
   258.0 -.4093588E-10
   259.0 -.4225145E-10
   260.0 -.4358183E-10
   261.0 -.4490378E-10
   262.0 -.4619288E-10
   263.0 -.4742365E-10
   264.0 -.4857049E-10
   265.0 -.4960814E-10
   266.0 -.5051226E-10
   267.0 -.5126010E-10
   268.0 -.5183118E-10
   269.0 -.5220763E-10
   270.0 -.5237494E-10
   271.0 -.5232234E-10
   272.0 -.5204319E-10
   273.0 -.5153522E-10
   274.0 -.5080095E-10
   275.0 -.4984755E-10
   276.0 -.4868708E-10
   277.0 -.4733618E-10
   278.0 -.4581613E-10
   279.0 -.4415233E-10
   280.0 -.4237383E-10
   281.0 -.4051316E-10
   282.0 -.3860525E-10
   283.0 -.3668719E-10
   284.0 -.3479741E-10
   285.0 -.3297462E-10
   286.0 -.3125724E-10
   287.0 -.2968271E-10
   288.0 -.2828639E-10
   289.0 -.2710068E-10
   290.0 -.2615475E-10
   291.0 -.2547330E-10
   292.0 -.2507626E-10
   293.0 -.2497807E-10
   294.0 -.2518728E-10
   295.0 -.2570624E-10
   296.0 -.2653086E-10
   297.0 -.2765046E-10
   298.0 -.2904796E-10
   299.0 -.3069987E-10
   300.0 -.3257671E-10
   301.0 -.3464343E-10
   302.0 -.3685989E-10
   303.0 -.3918159E-10
   304.0 -.4156051E-10
   305.0 -.4394581E-10
   306.0 -.4628471E-10
   307.0 -.4852374E-10
   308.0 -.5060958E-10
   309.0 -.5249003E-10
   310.0 -.5411512E-10
   311.0 -.5543817E-10
   312.0 -.5641657E-10
   313.0 -.5701302E-10
   314.0 -.5719598E-10
   315.0 -.5694064E-10
   316.0 -.5622923E-10
   317.0 -.5505205E-10
   318.0 -.5340731E-10
   319.0 -.5130145E-10
   320.0 -.4874938E-10
   321.0 -.4577426E-10
   322.0 -.4240713E-10
   323.0 -.3868663E-10
   324.0 -.3465852E-10
   325.0 -.3037476E-10
   326.0 -.2589285E-10
   327.0 -.2127473E-10
   328.0 -.1658600E-10
   329.0 -.1189447E-10
   330.0 -.7269189E-11
   331.0 -.2779103E-11
   332.0 0.1508119E-11
   333.0 0.5527497E-11
   334.0 0.9217752E-11
   335.0 0.1252276E-10
   336.0 0.1539240E-10
   337.0 0.1778388E-10
   338.0 0.1966234E-10
   339.0 0.2100194E-10
   340.0 0.2178628E-10
   341.0 0.2200915E-10
   342.0 0.2167445E-10
   343.0 0.2079681E-10
   344.0 0.1940113E-10
   345.0 0.1752256E-10
   346.0 0.1520614E-10
   347.0 0.1250591E-10
   348.0 0.9484391E-11
   349.0 0.6211515E-11
   350.0 0.2763505E-11
   351.0 -.7782986E-12
   352.0 -.4328929E-11
   353.0 -.7801071E-11
   354.0 -.1110680E-10
   355.0 -.1415900E-10
   356.0 -.1687301E-10
   357.0 -.1916826E-10
   358.0 -.2096983E-10
   359.0 -.2220972E-10
   360.0 -.2282861E-10
   361.0 -.2277680E-10
   362.0 -.2201553E-10
   363.0 -.2051775E-10
   364.0 -.1826911E-10
   365.0 -.1526829E-10
   366.0 -.1152750E-10
   367.0 -.7072386E-11
   368.0 -.1942036E-11
   369.0 0.3811485E-11
   370.0 0.1012383E-10
   371.0 0.1691917E-10
   372.0 0.2411130E-10
   373.0 0.3160508E-10
   374.0 0.3929782E-10
   375.0 0.4708109E-10
   376.0 0.5484228E-10
   377.0 0.6246699E-10
   378.0 0.6984077E-10
   379.0 0.7685119E-10
   380.0 0.8338998E-10
   381.0 0.8935521E-10
   382.0 0.9465299E-10
   383.0 0.9919980E-10
   384.0 0.1029238E-09
   385.0 0.1057665E-09
   386.0 0.1076847E-09
   387.0 0.1086508E-09
   388.0 0.1086539E-09
   389.0 0.1077010E-09
   390.0 0.1058163E-09
   391.0 0.1030422E-09
   392.0 0.9943821E-10
   393.0 0.9508033E-10
   394.0 0.9006030E-10
   395.0 0.8448457E-10
   396.0 0.7847213E-10
   397.0 0.7215276E-10
   398.0 0.6566529E-10
   399.0 0.5915506E-10
   400.0 0.5277133E-10
   401.0 0.4666485E-10
   402.0 0.4098494E-10
   403.0 0.3587704E-10
   404.0 0.3147956E-10
   405.0 0.2792159E-10
   406.0 0.2532005E-10
   407.0 0.2377715E-10
   408.0 0.2337851E-10
   409.0 0.2419076E-10
   410.0 0.2626013E-10
   411.0 0.2961085E-10
   412.0 0.3424427E-10
   413.0 0.4013784E-10
   414.0 0.4724534E-10
   415.0 0.5549679E-10
   416.0 0.6479901E-10
   417.0 0.7503660E-10
   418.0 0.8607355E-10
   419.0 0.9775481E-10
   420.0 0.1099088E-09
   421.0 0.1223499E-09
   422.0 0.1348810E-09
   423.0 0.1472975E-09
   424.0 0.1593897E-09
   425.0 0.1709473E-09
   426.0 0.1817625E-09
   427.0 0.1916342E-09
   428.0 0.2003719E-09
   429.0 0.2077987E-09
   430.0 0.2137559E-09
   431.0 0.2181054E-09
   432.0 0.2207342E-09
   433.0 0.2215561E-09
   434.0 0.2205146E-09
   435.0 0.2175855E-09
   436.0 0.2127772E-09
   437.0 0.2061329E-09
   438.0 0.1977313E-09
   439.0 0.1876855E-09
   440.0 0.1761432E-09
   441.0 0.1632852E-09
   442.0 0.1493232E-09
   443.0 0.1344980E-09
   444.0 0.1190765E-09
   445.0 0.1033468E-09
   446.0 0.8761535E-10
   447.0 0.7220210E-10
   448.0 0.5743536E-10
   449.0 0.4364594E-10
   450.0 0.3116237E-10
   451.0 0.2030427E-10
   452.0 0.1137663E-10
   453.0 0.4663803E-11
   454.0 0.4233669E-12
   455.0 -.1119631E-11
   456.0 0.2215869E-12
   457.0 0.4590525E-11
   458.0 0.1208237E-10
   459.0 0.2273985E-10
   460.0 0.3654950E-10
   461.0 0.5343878E-10
   462.0 0.7327391E-10
   463.0 0.9585858E-10
   464.0 0.1209334E-09
   465.0 0.1481769E-09
   466.0 0.1772061E-09
   467.0 0.2075808E-09
   468.0 0.2388056E-09
   469.0 0.2703349E-09
   470.0 0.3015789E-09
   471.0 0.3319095E-09
   472.0 0.3606699E-09
   473.0 0.3871789E-09
   474.0 0.4107439E-09
   475.0 0.4306682E-09
   476.0 0.4462628E-09
   477.0 0.4568560E-09
   478.0 0.4618031E-09
   479.0 0.4605020E-09
   480.0 0.4523990E-09
   481.0 0.4370009E-09
   482.0 0.4138893E-09
   483.0 0.3827255E-09
   484.0 0.3432618E-09
   485.0 0.2953507E-09
   486.0 0.2389513E-09
   487.0 0.1741343E-09
   488.0 0.1010896E-09
   489.0 0.2012709E-10
   490.0 -.6831969E-10
   491.0 -.1636949E-09
   492.0 -.2653200E-09
   493.0 -.3723987E-09
   494.0 -.4840217E-09
   495.0 -.5991732E-09
   496.0 -.7167394E-09
   497.0 -.8355165E-09
   498.0 -.9542307E-09
   499.0 -.1071542E-08
   500.0 -.1186067E-08
   501.0 -.1296383E-08
   502.0 -.1401063E-08
   503.0 -.1498682E-08
   504.0 -.1587831E-08
   505.0 -.1667153E-08
   506.0 -.1735343E-08
   507.0 -.1791182E-08
   508.0 -.1833547E-08
   509.0 -.1861433E-08
   510.0 -.1873967E-08
   511.0 -.1870425E-08
   512.0 -.1850250E-08
   513.0 -.1813058E-08
   514.0 -.1758654E-08
   515.0 -.1687038E-08
   516.0 -.1598411E-08
   517.0 -.1493182E-08
   518.0 -.1371962E-08
   519.0 -.1235571E-08
   520.0 -.1085035E-08
   521.0 -.9215619E-09
   522.0 -.7465540E-09
   523.0 -.5615810E-09
   524.0 -.3683713E-09
   525.0 -.1687937E-09
   526.0 0.3516362E-10
   527.0 0.2414132E-09
   528.0 0.4477909E-09
   529.0 0.6520832E-09
   530.0 0.8520511E-09
   531.0 0.1045457E-08
   532.0 0.1230095E-08
   533.0 0.1403813E-08
   534.0 0.1564544E-08
   535.0 0.1710336E-08
   536.0 0.1839371E-08
   537.0 0.1949989E-08
   538.0 0.2040725E-08
   539.0 0.2110315E-08
   540.0 0.2157725E-08
   541.0 0.2182152E-08
   542.0 0.2183060E-08
   543.0 0.2160173E-08
   544.0 0.2113498E-08
   545.0 0.2043309E-08
   546.0 0.1950170E-08
   547.0 0.1834917E-08
   548.0 0.1698660E-08
   549.0 0.1542764E-08
   550.0 0.1368857E-08
   551.0 0.1178786E-08
   552.0 0.9746173E-09
   553.0 0.7586164E-09
   554.0 0.5332030E-09
   555.0 0.3009488E-09
   556.0 0.6453232E-10
   557.0 -.1732867E-09
   558.0 -.4096984E-09
   559.0 -.6418777E-09
   560.0 -.8670180E-09
   561.0 -.1082363E-08
   562.0 -.1285242E-08
   563.0 -.1473109E-08
   564.0 -.1643557E-08
   565.0 -.1794368E-08
   566.0 -.1923534E-08
   567.0 -.2029280E-08
   568.0 -.2110098E-08
   569.0 -.2164747E-08
   570.0 -.2192305E-08
   571.0 -.2192152E-08
   572.0 -.2164001E-08
   573.0 -.2107893E-08
   574.0 -.2024202E-08
   575.0 -.1913654E-08
   576.0 -.1777287E-08
   577.0 -.1616475E-08
   578.0 -.1432899E-08
   579.0 -.1228531E-08
   580.0 -.1005621E-08
   581.0 -.7666652E-09
   582.0 -.5143828E-09
   583.0 -.2516871E-09
   584.0 0.1835005E-10
   585.0 0.2925326E-09
   586.0 0.5675784E-09
   587.0 0.8401547E-09
   588.0 0.1106925E-08
   589.0 0.1364580E-08
   590.0 0.1609891E-08
   591.0 0.1839734E-08
   592.0 0.2051150E-08
   593.0 0.2241359E-08
   594.0 0.2407827E-08
   595.0 0.2548268E-08
   596.0 0.2660693E-08
   597.0 0.2743445E-08
   598.0 0.2795202E-08
   599.0 0.2815026E-08
   600.0 0.2802351E-08
   601.0 0.2757011E-08
   602.0 0.2679247E-08
   603.0 0.2569708E-08
   604.0 0.2429441E-08
   605.0 0.2259885E-08
   606.0 0.2062868E-08
   607.0 0.1840581E-08
   608.0 0.1595547E-08
   609.0 0.1330601E-08
   610.0 0.1048861E-08
   611.0 0.7536866E-09
   612.0 0.4486337E-09
   613.0 0.1374205E-09
   614.0 -.1761261E-09
   615.0 -.4881162E-09
   616.0 -.7946450E-09
   617.0 -.1091849E-08
   618.0 -.1375952E-08
   619.0 -.1643318E-08
   620.0 -.1890492E-08
   621.0 -.2114274E-08
   622.0 -.2311725E-08
   623.0 -.2480233E-08
   624.0 -.2617556E-08
   625.0 -.2721836E-08
   626.0 -.2791643E-08
   627.0 -.2825982E-08
   628.0 -.2824325E-08
   629.0 -.2786613E-08
   630.0 -.2713273E-08
   631.0 -.2605195E-08
   632.0 -.2463731E-08
   633.0 -.2290699E-08
   634.0 -.2088331E-08
   635.0 -.1859253E-08
   636.0 -.1606474E-08
   637.0 -.1333317E-08
   638.0 -.1043386E-08
   639.0 -.7405203E-09
   640.0 -.4287382E-09
   641.0 -.1121840E-09
   642.0 0.2049351E-09
   643.0 0.5184013E-09
   644.0 0.8240500E-09
   645.0 0.1117826E-08
   646.0 0.1395841E-08
   647.0 0.1654441E-08
   648.0 0.1890232E-08
   649.0 0.2100155E-08
   650.0 0.2281522E-08
   651.0 0.2432046E-08
   652.0 0.2549891E-08
   653.0 0.2633672E-08
   654.0 0.2682507E-08
   655.0 0.2696004E-08
   656.0 0.2674271E-08
   657.0 0.2617931E-08
   658.0 0.2528078E-08
   659.0 0.2406298E-08
   660.0 0.2254605E-08
   661.0 0.2075441E-08
   662.0 0.1871620E-08
   663.0 0.1646291E-08
   664.0 0.1402890E-08
   665.0 0.1145076E-08
   666.0 0.8766897E-09
   667.0 0.6016819E-09
   668.0 0.3240599E-09
   669.0 0.4782171E-10
   670.0 -.2231038E-09
   671.0 -.4849177E-09
   672.0 -.7340034E-09
   673.0 -.9669948E-09
   674.0 -.1180806E-08
   675.0 -.1372694E-08
   676.0 -.1540296E-08
   677.0 -.1681656E-08
   678.0 -.1795250E-08
   679.0 -.1880018E-08
   680.0 -.1935363E-08
   681.0 -.1961161E-08
   682.0 -.1957762E-08
   683.0 -.1925963E-08
   684.0 -.1867007E-08
   685.0 -.1782546E-08
   686.0 -.1674608E-08
   687.0 -.1545568E-08
   688.0 -.1398092E-08
   689.0 -.1235101E-08
   690.0 -.1059700E-08
   691.0 -.8751376E-09
   692.0 -.6847511E-09
   693.0 -.4918924E-09
   694.0 -.2998835E-09
   695.0 -.1119554E-09
   696.0 0.6880877E-10
   697.0 0.2395240E-09
   698.0 0.3975493E-09
   699.0 0.5405346E-09
   700.0 0.6664556E-09
   701.0 0.7736449E-09
   702.0 0.8608188E-09
   703.0 0.9270923E-09
   704.0 0.9719943E-09
   705.0 0.9954602E-09
   706.0 0.9978396E-09
   707.0 0.9798736E-09
   708.0 0.9426827E-09
   709.0 0.8877371E-09
   710.0 0.8168231E-09
   711.0 0.7320067E-09
   712.0 0.6355921E-09
   713.0 0.5300708E-09
   714.0 0.4180759E-09
   715.0 0.3023239E-09
   716.0 0.1855648E-09
   717.0 0.7052577E-10
   718.0 -.4014067E-10
   719.0 -.1439113E-09
   720.0 -.2384404E-09
   721.0 -.3216011E-09
   722.0 -.3915369E-09
   723.0 -.4466857E-09
   724.0 -.4858199E-09
   725.0 -.5080656E-09
   726.0 -.5129176E-09
   727.0 -.5002547E-09
   728.0 -.4703378E-09
   729.0 -.4238070E-09
   730.0 -.3616677E-09
   731.0 -.2852719E-09
   732.0 -.1962940E-09
   733.0 -.9669406E-10
   734.0 0.1131663E-10
   735.0 0.1253195E-09
   736.0 0.2427368E-09
   737.0 0.3608818E-09
   738.0 0.4770093E-09
   739.0 0.5883754E-09
   740.0 0.6922824E-09
   741.0 0.7861435E-09
   742.0 0.8675268E-09
   743.0 0.9342075E-09
   744.0 0.9842157E-09
   745.0 0.1015872E-08
   746.0 0.1027828E-08
   747.0 0.1019092E-08
   748.0 0.9890625E-09
   749.0 0.9375287E-09
   750.0 0.8646925E-09
   751.0 0.7711621E-09
   752.0 0.6579502E-09
   753.0 0.5264620E-09
   754.0 0.3784621E-09
   755.0 0.2160640E-09
   756.0 0.4168007E-10
   757.0 -.1420103E-09
   758.0 -.3321078E-09
   759.0 -.5255442E-09
   760.0 -.7191358E-09
   761.0 -.9096393E-09
   762.0 -.1093807E-08
   763.0 -.1268446E-08
   764.0 -.1430477E-08
   765.0 -.1576984E-08
   766.0 -.1705279E-08
   767.0 -.1812931E-08
   768.0 -.1897831E-08
   769.0 -.1958220E-08
   770.0 -.1992729E-08
   771.0 -.2000388E-08
   772.0 -.1980671E-08
   773.0 -.1933485E-08
   774.0 -.1859195E-08
   775.0 -.1758595E-08
   776.0 -.1632921E-08
   777.0 -.1483810E-08
   778.0 -.1313294E-08
   779.0 -.1123751E-08
   780.0 -.9178745E-09
   781.0 -.6986233E-09
   782.0 -.4691766E-09
   783.0 -.2328809E-09
   784.0 0.6811120E-11
   785.0 0.2463911E-09
   786.0 0.4823573E-09
   787.0 0.7112713E-09
   788.0 0.9298142E-09
   789.0 0.1134841E-08
   790.0 0.1323435E-08
   791.0 0.1492946E-08
   792.0 0.1641037E-08
   793.0 0.1765720E-08
   794.0 0.1865391E-08
   795.0 0.1938838E-08
   796.0 0.1985265E-08
   797.0 0.2004316E-08
   798.0 0.1996040E-08
   799.0 0.1960922E-08
   800.0 0.1899829E-08
   801.0 0.1814036E-08
   802.0 0.1705160E-08
   803.0 0.1575149E-08
   804.0 0.1426233E-08
   805.0 0.1260887E-08
   806.0 0.1081777E-08
   807.0 0.8917282E-09
   808.0 0.6936566E-09
   809.0 0.4905242E-09
   810.0 0.2852962E-09
   811.0 0.8087699E-10
   812.0 -.1199262E-09
   813.0 -.3144512E-09
   814.0 -.5002253E-09
   815.0 -.6749967E-09
   816.0 -.8367684E-09
   817.0 -.9838238E-09
   818.0 -.1114748E-08
   819.0 -.1228438E-08
   820.0 -.1324108E-08
   821.0 -.1401303E-08
   822.0 -.1459879E-08
   823.0 -.1499996E-08
   824.0 -.1522112E-08
   825.0 -.1526937E-08
   826.0 -.1515436E-08
   827.0 -.1488773E-08
   828.0 -.1448297E-08
   829.0 -.1395485E-08
   830.0 -.1331931E-08
   831.0 -.1259281E-08
   832.0 -.1179214E-08
   833.0 -.1093398E-08
   834.0 -.1003447E-08
   835.0 -.9109080E-09
   836.0 -.8172036E-09
   837.0 -.7236323E-09
   838.0 -.6313280E-09
   839.0 -.5412557E-09
   840.0 -.4541899E-09
   841.0 -.3707131E-09
   842.0 -.2912129E-09
   843.0 -.2158862E-09
   844.0 -.1447453E-09
   845.0 -.7763348E-10
   846.0 -.1424309E-10
   847.0 0.4586515E-10
   848.0 0.1032368E-09
   849.0 0.1584944E-09
   850.0 0.2123127E-09
   851.0 0.2653828E-09
   852.0 0.3183851E-09
   853.0 0.3719576E-09
   854.0 0.4266697E-09
   855.0 0.4829910E-09
   856.0 0.5412698E-09
   857.0 0.6017091E-09
   858.0 0.6643529E-09
   859.0 0.7290714E-09
   860.0 0.7955541E-09
   861.0 0.8633019E-09
   862.0 0.9316390E-09
   863.0 0.9997094E-09
   864.0 0.1066496E-08
   865.0 0.1130836E-08
   866.0 0.1191447E-08
   867.0 0.1246937E-08
   868.0 0.1295862E-08
   869.0 0.1336733E-08
   870.0 0.1368064E-08
   871.0 0.1388410E-08
   872.0 0.1396393E-08
   873.0 0.1390755E-08
   874.0 0.1370383E-08
   875.0 0.1334346E-08
   876.0 0.1281931E-08
   877.0 0.1212670E-08
   878.0 0.1126356E-08
   879.0 0.1023083E-08
   880.0 0.9032359E-09
   881.0 0.7675166E-09
   882.0 0.6169423E-09
   883.0 0.4528346E-09
   884.0 0.2768228E-09
   885.0 0.9081330E-10
   886.0 -.1030237E-09
   887.0 -.3022853E-09
   888.0 -.5043711E-09
   889.0 -.7065212E-09
   890.0 -.9058594E-09
   891.0 -.1099438E-08
   892.0 -.1284287E-08
   893.0 -.1457470E-08
   894.0 -.1616128E-08
   895.0 -.1757533E-08
   896.0 -.1879139E-08
   897.0 -.1978636E-08
   898.0 -.2053978E-08
   899.0 -.2103437E-08
   900.0 -.2125641E-08
   901.0 -.2119586E-08
   902.0 -.2084684E-08
   903.0 -.2020755E-08
   904.0 -.1928059E-08
   905.0 -.1807282E-08
   906.0 -.1659540E-08
   907.0 -.1486366E-08
   908.0 -.1289679E-08
   909.0 -.1071776E-08
   910.0 -.8352787E-09
   911.0 -.5831100E-09
   912.0 -.3184400E-09
   913.0 -.4463796E-10
   914.0 0.2347787E-09
   915.0 0.5161991E-09
   916.0 0.7959772E-09
   917.0 0.1070488E-08
   918.0 0.1336186E-08
   919.0 0.1589665E-08
   920.0 0.1827694E-08
   921.0 0.2047286E-08
   922.0 0.2245738E-08
   923.0 0.2420658E-08
   924.0 0.2570018E-08
   925.0 0.2692159E-08
   926.0 0.2785824E-08
   927.0 0.2850182E-08
   928.0 0.2884812E-08
   929.0 0.2889703E-08
   930.0 0.2865260E-08
   931.0 0.2812276E-08
   932.0 0.2731907E-08
   933.0 0.2625645E-08
   934.0 0.2495295E-08
   935.0 0.2342906E-08
   936.0 0.2170763E-08
   937.0 0.1981318E-08
   938.0 0.1777148E-08
   939.0 0.1560904E-08
   940.0 0.1335270E-08
   941.0 0.1102904E-08
   942.0 0.8664023E-09
   943.0 0.6282528E-09
   944.0 0.3907978E-09
   945.0 0.1561968E-09
   946.0 -.7359598E-10
   947.0 -.2968571E-09
   948.0 -.5121115E-09
   949.0 -.7181400E-09
   950.0 -.9139836E-09
   951.0 -.1098935E-08
   952.0 -.1272542E-08
   953.0 -.1434574E-08
   954.0 -.1585017E-08
   955.0 -.1724036E-08
   956.0 -.1851946E-08
   957.0 -.1969186E-08
   958.0 -.2076276E-08
   959.0 -.2173780E-08
   960.0 -.2262268E-08
   961.0 -.2342283E-08
   962.0 -.2414298E-08
   963.0 -.2478682E-08
   964.0 -.2535677E-08
   965.0 -.2585377E-08
   966.0 -.2627684E-08
   967.0 -.2662329E-08
   968.0 -.2688831E-08
   969.0 -.2706511E-08
   970.0 -.2714509E-08
   971.0 -.2711769E-08
   972.0 -.2697080E-08
   973.0 -.2669102E-08
   974.0 -.2626389E-08
   975.0 -.2567433E-08
   976.0 -.2490707E-08
   977.0 -.2394720E-08
   978.0 -.2278051E-08
   979.0 -.2139418E-08
   980.0 -.1977713E-08
   981.0 -.1792085E-08
   982.0 -.1581957E-08
   983.0 -.1347089E-08
   984.0 -.1087630E-08
   985.0 -.8041356E-09
   986.0 -.4976193E-09
   987.0 -.1695595E-09
   988.0 0.1780777E-09
   989.0 0.5428339E-09
   990.0 0.9217673E-09
   991.0 0.1311465E-08
   992.0 0.1708075E-08
   993.0 0.2107324E-08
   994.0 0.2504602E-08
   995.0 0.2894976E-08
   996.0 0.3273286E-08
   997.0 0.3634210E-08
   998.0 0.3972339E-08
   999.0 0.4282281E-08
  1000.0 0.4558731E-08
  1001.0 0.4796594E-08
  1002.0 0.4991048E-08
  1003.0 0.5137663E-08
  1004.0 0.5232497E-08
  1005.0 0.5272157E-08
  1006.0 0.5253911E-08
  1007.0 0.5175737E-08
  1008.0 0.5036422E-08
  1009.0 0.4835585E-08
  1010.0 0.4573711E-08
  1011.0 0.4252226E-08
  1012.0 0.3873454E-08
  1013.0 0.3440649E-08
  1014.0 0.2957976E-08
  1015.0 0.2430459E-08
  1016.0 0.1863936E-08
  1017.0 0.1265005E-08
  1018.0 0.6409277E-09
  1019.0 -.4494376E-12
  1020.0 -.6508236E-09
  1021.0 -.1301530E-08
  1022.0 -.1943684E-08
  1023.0 -.2568318E-08
  1024.0 -.3166501E-08
  1025.0 -.3729514E-08
  1026.0 -.4248958E-08
  1027.0 -.4716931E-08
  1028.0 -.5126120E-08
  1029.0 -.5469969E-08
  1030.0 -.5742794E-08
  1031.0 -.5939856E-08
  1032.0 -.6057491E-08
  1033.0 -.6093202E-08
  1034.0 -.6045653E-08
  1035.0 -.5914774E-08
  1036.0 -.5701769E-08
  1037.0 -.5409103E-08
  1038.0 -.5040490E-08
  1039.0 -.4600853E-08
  1040.0 -.4096253E-08
  1041.0 -.3533848E-08
  1042.0 -.2921722E-08
  1043.0 -.2268835E-08
  1044.0 -.1584852E-08
  1045.0 -.8800087E-09
  1046.0 -.1649501E-09
  1047.0 0.5494354E-09
  1048.0 0.1252186E-08
  1049.0 0.1932449E-08
  1050.0 0.2579644E-08
  1051.0 0.3183657E-08
  1052.0 0.3734982E-08
  1053.0 0.4224894E-08
  1054.0 0.4645604E-08
  1055.0 0.4990353E-08
  1056.0 0.5253580E-08
  1057.0 0.5430977E-08
  1058.0 0.5519586E-08
  1059.0 0.5517832E-08
  1060.0 0.5425591E-08
  1061.0 0.5244155E-08
  1062.0 0.4976231E-08
  1063.0 0.4625913E-08
  1064.0 0.4198591E-08
  1065.0 0.3700900E-08
  1066.0 0.3140561E-08
  1067.0 0.2526307E-08
  1068.0 0.1867701E-08
  1069.0 0.1175005E-08
  1070.0 0.4589850E-09
  1071.0 -.2692482E-09
  1072.0 -.9984342E-09
  1073.0 -.1717342E-08
  1074.0 -.2414964E-08
  1075.0 -.3080694E-08
  1076.0 -.3704501E-08
  1077.0 -.4277098E-08
  1078.0 -.4790083E-08
  1079.0 -.5236100E-08
  1080.0 -.5608910E-08
  1081.0 -.5903531E-08
  1082.0 -.6116295E-08
  1083.0 -.6244897E-08
  1084.0 -.6288443E-08
  1085.0 -.6247415E-08
  1086.0 -.6123670E-08
  1087.0 -.5920428E-08
  1088.0 -.5642144E-08
  1089.0 -.5294447E-08
  1090.0 -.4884038E-08
  1091.0 -.4418549E-08
  1092.0 -.3906397E-08
  1093.0 -.3356653E-08
  1094.0 -.2778839E-08
  1095.0 -.2182791E-08
  1096.0 -.1578447E-08
  1097.0 -.9757004E-09
  1098.0 -.3842166E-09
  1099.0 0.1867411E-09
  1100.0 0.7284656E-09
  1101.0 0.1232957E-08
  1102.0 0.1693038E-08
  1103.0 0.2102494E-08
  1104.0 0.2456150E-08
  1105.0 0.2749967E-08
  1106.0 0.2981071E-08
  1107.0 0.3147808E-08
  1108.0 0.3249737E-08
  1109.0 0.3287627E-08
  1110.0 0.3263420E-08
  1111.0 0.3180162E-08
  1112.0 0.3041953E-08
  1113.0 0.2853805E-08
  1114.0 0.2621586E-08
  1115.0 0.2351838E-08
  1116.0 0.2051687E-08
  1117.0 0.1728665E-08
  1118.0 0.1390555E-08
  1119.0 0.1045274E-08
  1120.0 0.7006624E-09
  1121.0 0.3643655E-09
  1122.0 0.4368914E-10
  1123.0 -.2545647E-09
  1124.0 -.5241969E-09
  1125.0 -.7597420E-09
  1126.0 -.9565555E-09
  1127.0 -.1110903E-08
  1128.0 -.1220011E-08
  1129.0 -.1282122E-08
  1130.0 -.1296498E-08
  1131.0 -.1263430E-08
  1132.0 -.1184223E-08
  1133.0 -.1061148E-08
  1134.0 -.8973851E-09
  1135.0 -.6969433E-09
  1136.0 -.4645784E-09
  1137.0 -.2056785E-09
  1138.0 0.7385453E-10
  1139.0 0.3677221E-09
  1140.0 0.6693801E-09
  1141.0 0.9721512E-09
  1142.0 0.1269388E-08
  1143.0 0.1554596E-08
  1144.0 0.1821567E-08
  1145.0 0.2064507E-08
  1146.0 0.2278154E-08
  1147.0 0.2457872E-08
  1148.0 0.2599757E-08
  1149.0 0.2700706E-08
  1150.0 0.2758465E-08
  1151.0 0.2771685E-08
  1152.0 0.2739931E-08
  1153.0 0.2663707E-08
  1154.0 0.2544405E-08
  1155.0 0.2384312E-08
  1156.0 0.2186520E-08
  1157.0 0.1954904E-08
  1158.0 0.1693994E-08
  1159.0 0.1408910E-08
  1160.0 0.1105239E-08
  1161.0 0.7889372E-09
  1162.0 0.4661915E-09
  1163.0 0.1433073E-09
  1164.0 -.1734327E-09
  1165.0 -.4778788E-09
  1166.0 -.7641463E-09
  1167.0 -.1026727E-08
  1168.0 -.1260603E-08
  1169.0 -.1461334E-08
  1170.0 -.1625155E-08
  1171.0 -.1749035E-08
  1172.0 -.1830744E-08
  1173.0 -.1868872E-08
  1174.0 -.1862884E-08
  1175.0 -.1813089E-08
  1176.0 -.1720653E-08
  1177.0 -.1587558E-08
  1178.0 -.1416560E-08
  1179.0 -.1211125E-08
  1180.0 -.9753531E-09
  1181.0 -.7138982E-09
  1182.0 -.4318595E-09
  1183.0 -.1346857E-09
  1184.0 0.1719460E-09
  1185.0 0.4822351E-09
  1186.0 0.7903905E-09
  1187.0 0.1090731E-08
  1188.0 0.1377807E-08
  1189.0 0.1646513E-08
  1190.0 0.1892168E-08
  1191.0 0.2110629E-08
  1192.0 0.2298348E-08
  1193.0 0.2452455E-08
  1194.0 0.2570779E-08
  1195.0 0.2651934E-08
  1196.0 0.2695275E-08
  1197.0 0.2700943E-08
  1198.0 0.2669847E-08
  1199.0 0.2603607E-08
  1200.0 0.2504549E-08
  1201.0 0.2375605E-08
  1202.0 0.2220270E-08
  1203.0 0.2042510E-08
  1204.0 0.1846666E-08
  1205.0 0.1637349E-08
  1206.0 0.1419360E-08
  1207.0 0.1197549E-08
  1208.0 0.9767327E-09
  1209.0 0.7615683E-09
  1210.0 0.5564674E-09
  1211.0 0.3654943E-09
  1212.0 0.1922737E-09
  1213.0 0.3991935E-10
  1214.0 -.8903232E-10
  1215.0 -.1926736E-09
  1216.0 -.2697682E-09
  1217.0 -.3197637E-09
  1218.0 -.3427973E-09
  1219.0 -.3396986E-09
  1220.0 -.3119539E-09
  1221.0 -.2616650E-09
  1222.0 -.1914982E-09
  1223.0 -.1046120E-09
  1224.0 -.4583979E-11
  1225.0 0.1046828E-09
  1226.0 0.2190609E-09
  1227.0 0.3342891E-09
  1228.0 0.4460898E-09
  1229.0 0.5502671E-09
  1230.0 0.6428164E-09
  1231.0 0.7200228E-09
  1232.0 0.7785547E-09
  1233.0 0.8155569E-09
  1234.0 0.8287125E-09
  1235.0 0.8163167E-09
  1236.0 0.7773226E-09
  1237.0 0.7113720E-09
  1238.0 0.6188143E-09
  1239.0 0.5007113E-09
  1240.0 0.3588117E-09
  1241.0 0.1955277E-09
  1242.0 0.1387979E-10
  1243.0 -.1825612E-09
  1244.0 -.3897669E-09
  1245.0 -.6033190E-09
  1246.0 -.8185324E-09
  1247.0 -.1030552E-08
  1248.0 -.1234472E-08
  1249.0 -.1425451E-08
  1250.0 -.1598833E-08
  1251.0 -.1750264E-08
  1252.0 -.1875804E-08
  1253.0 -.1972033E-08
  1254.0 -.2036142E-08
  1255.0 -.2066016E-08
  1256.0 -.2060296E-08
  1257.0 -.2018444E-08
  1258.0 -.1940762E-08
  1259.0 -.1828419E-08
  1260.0 -.1683427E-08
  1261.0 -.1508639E-08
  1262.0 -.1307686E-08
  1263.0 -.1084924E-08
  1264.0 -.8453502E-09
  1265.0 -.5944945E-09
  1266.0 -.3383228E-09
  1267.0 -.8309854E-10
  1268.0 0.1647462E-09
  1269.0 0.3987534E-09
  1270.0 0.6125918E-09
  1271.0 0.8001982E-09
  1272.0 0.9559233E-09
  1273.0 0.1074669E-08
  1274.0 0.1152029E-08
  1275.0 0.1184391E-08
  1276.0 0.1169049E-08
  1277.0 0.1104293E-08
  1278.0 0.9894634E-09
  1279.0 0.8250042E-09
  1280.0 0.6124775E-09
  1281.0 0.3545622E-09
  1282.0 0.5502528E-10
  1283.0 -.2813321E-09
  1284.0 -.6487504E-09
  1285.0 -.1040616E-08
  1286.0 -.1449574E-08
  1287.0 -.1867686E-08
  1288.0 -.2286568E-08
  1289.0 -.2697570E-08
  1290.0 -.3091958E-08
  1291.0 -.3461099E-08
  1292.0 -.3796653E-08
  1293.0 -.4090742E-08
  1294.0 -.4336171E-08
  1295.0 -.4526552E-08
  1296.0 -.4656503E-08
  1297.0 -.4721761E-08
  1298.0 -.4719310E-08
  1299.0 -.4647461E-08
  1300.0 -.4505971E-08
  1301.0 -.4296005E-08
  1302.0 -.4020206E-08
  1303.0 -.3682650E-08
  1304.0 -.3288764E-08
  1305.0 -.2845305E-08
  1306.0 -.2360185E-08
  1307.0 -.1842356E-08
  1308.0 -.1301627E-08
  1309.0 -.7484839E-09
  1310.0 -.1938679E-09
  1311.0 0.3510417E-09
  1312.0 0.8750670E-09
  1313.0 0.1367287E-08
  1314.0 0.1817254E-08
  1315.0 0.2215262E-08
  1316.0 0.2552548E-08
  1317.0 0.2821515E-08
  1318.0 0.3015937E-08
  1319.0 0.3131115E-08
  1320.0 0.3164010E-08
  1321.0 0.3113359E-08
  1322.0 0.2979765E-08
  1323.0 0.2765685E-08
  1324.0 0.2475471E-08
  1325.0 0.2115298E-08
  1326.0 0.1693086E-08
  1327.0 0.1218364E-08
  1328.0 0.7021234E-09
  1329.0 0.1566042E-09
  1330.0 -.4049264E-09
  1331.0 -.9684374E-09
  1332.0 -.1519417E-08
  1333.0 -.2043160E-08
  1334.0 -.2525100E-08
  1335.0 -.2951092E-08
  1336.0 -.3307760E-08
  1337.0 -.3582798E-08
  1338.0 -.3765239E-08
  1339.0 -.3845750E-08
  1340.0 -.3816869E-08
  1341.0 -.3673231E-08
  1342.0 -.3411719E-08
  1343.0 -.3031615E-08
  1344.0 -.2534672E-08
  1345.0 -.1925176E-08
  1346.0 -.1209909E-08
  1347.0 -.3980909E-09
  1348.0 0.4987210E-09
  1349.0 0.1466820E-08
  1350.0 0.2490540E-08
  1351.0 0.3552543E-08
  1352.0 0.4634091E-08
  1353.0 0.5715383E-08
  1354.0 0.6775923E-08
  1355.0 0.7794918E-08
  1356.0 0.8751639E-08
  1357.0 0.9625893E-08
  1358.0 0.1039832E-07
  1359.0 0.1105091E-07
  1360.0 0.1156734E-07
  1361.0 0.1193325E-07
  1362.0 0.1213671E-07
  1363.0 0.1216839E-07
  1364.0 0.1202180E-07
  1365.0 0.1169359E-07
  1366.0 0.1118352E-07
  1367.0 0.1049466E-07
  1368.0 0.9633315E-08
  1369.0 0.8609017E-08
  1370.0 0.7434394E-08
  1371.0 0.6124998E-08
  1372.0 0.4699041E-08
  1373.0 0.3177139E-08
  1374.0 0.1581955E-08
  1375.0 -.6217703E-10
  1376.0 -.1729706E-08
  1377.0 -.3394277E-08
  1378.0 -.5029211E-08
  1379.0 -.6608020E-08
  1380.0 -.8104834E-08
  1381.0 -.9494954E-08
  1382.0 -.1075521E-07
  1383.0 -.1186454E-07
  1384.0 -.1280420E-07
  1385.0 -.1355833E-07
  1386.0 -.1411414E-07
  1387.0 -.1446214E-07
  1388.0 -.1459639E-07
  1389.0 -.1451462E-07
  1390.0 -.1421829E-07
  1391.0 -.1371247E-07
  1392.0 -.1300594E-07
  1393.0 -.1211091E-07
  1394.0 -.1104276E-07
  1395.0 -.9819918E-08
  1396.0 -.8463369E-08
  1397.0 -.6996337E-08
  1398.0 -.5443863E-08
  1399.0 -.3832284E-08
  1400.0 -.2188832E-08
  1401.0 -.5410326E-09
  1402.0 0.1083745E-08
  1403.0 0.2658787E-08
  1404.0 0.4158573E-08
  1405.0 0.5559171E-08
  1406.0 0.6838754E-08
  1407.0 0.7977899E-08
  1408.0 0.8959970E-08
  1409.0 0.9771405E-08
  1410.0 0.1040192E-07
  1411.0 0.1084468E-07
  1412.0 0.1109628E-07
  1413.0 0.1115695E-07
  1414.0 0.1103032E-07
  1415.0 0.1072337E-07
  1416.0 0.1024619E-07
  1417.0 0.9611838E-08
  1418.0 0.8835877E-08
  1419.0 0.7936140E-08
  1420.0 0.6932297E-08
  1421.0 0.5845342E-08
  1422.0 0.4697283E-08
  1423.0 0.3510579E-08
  1424.0 0.2307700E-08
  1425.0 0.1110669E-08
  1426.0 -.5938301E-10
  1427.0 -.1182632E-08
  1428.0 -.2240939E-08
  1429.0 -.3218191E-08
  1430.0 -.4100576E-08
  1431.0 -.4876835E-08
  1432.0 -.5538405E-08
  1433.0 -.6079568E-08
  1434.0 -.6497393E-08
  1435.0 -.6791830E-08
  1436.0 -.6965584E-08
  1437.0 -.7023884E-08
  1438.0 -.6974393E-08
  1439.0 -.6826838E-08
  1440.0 -.6592782E-08
  1441.0 -.6285258E-08
  1442.0 -.5918388E-08
  1443.0 -.5506986E-08
  1444.0 -.5066152E-08
  1445.0 -.4610891E-08
  1446.0 -.4155706E-08
  1447.0 -.3714206E-08
  1448.0 -.3298789E-08
  1449.0 -.2920296E-08
  1450.0 -.2587764E-08
  1451.0 -.2308228E-08
  1452.0 -.2086509E-08
  1453.0 -.1925164E-08
  1454.0 -.1824407E-08
  1455.0 -.1782146E-08
  1456.0 -.1794092E-08
  1457.0 -.1853876E-08
  1458.0 -.1953255E-08
  1459.0 -.2082384E-08
  1460.0 -.2230107E-08
  1461.0 -.2384301E-08
  1462.0 -.2532252E-08
  1463.0 -.2661010E-08
  1464.0 -.2757837E-08
  1465.0 -.2810588E-08
  1466.0 -.2808093E-08
  1467.0 -.2740546E-08
  1468.0 -.2599820E-08
  1469.0 -.2379808E-08
  1470.0 -.2076633E-08
  1471.0 -.1688877E-08
  1472.0 -.1217717E-08
  1473.0 -.6669800E-09
  1474.0 -.4316443E-10
  1475.0 0.6446335E-09
  1476.0 0.1384862E-08
  1477.0 0.2163715E-08
  1478.0 0.2965402E-08
  1479.0 0.3772484E-08
  1480.0 0.4566256E-08
  1481.0 0.5327162E-08
  1482.0 0.6035289E-08
  1483.0 0.6670822E-08
  1484.0 0.7214562E-08
  1485.0 0.7648468E-08
  1486.0 0.7956067E-08
  1487.0 0.8123017E-08
  1488.0 0.8137470E-08
  1489.0 0.7990530E-08
  1490.0 0.7676564E-08
  1491.0 0.7193440E-08
  1492.0 0.6542775E-08
  1493.0 0.5730041E-08
  1494.0 0.4764580E-08
  1495.0 0.3659562E-08
  1496.0 0.2431828E-08
  1497.0 0.1101673E-08
  1498.0 -.3074925E-09
  1499.0 -.1769535E-08
  1500.0 -.3256068E-08
  1501.0 -.4737013E-08
  1502.0 -.6181179E-08
  1503.0 -.7556896E-08
  1504.0 -.8832712E-08
  1505.0 -.9978066E-08
  1506.0 -.1096396E-07
  1507.0 -.1176366E-07
  1508.0 -.1235336E-07
  1509.0 -.1271269E-07
  1510.0 -.1282541E-07
  1511.0 -.1267977E-07
  1512.0 -.1226894E-07
  1513.0 -.1159129E-07
  1514.0 -.1065067E-07
  1515.0 -.9456365E-08
  1516.0 -.8023182E-08
  1517.0 -.6371256E-08
  1518.0 -.4525810E-08
  1519.0 -.2516809E-08
  1520.0 -.3783960E-09
  1521.0 0.1851575E-08
  1522.0 0.4132249E-08
  1523.0 0.6420552E-08
  1524.0 0.8671934E-08
  1525.0 0.1084127E-07
  1526.0 0.1288376E-07
  1527.0 0.1475582E-07
  1528.0 0.1641598E-07
  1529.0 0.1782575E-07
  1530.0 0.1895056E-07
  1531.0 0.1976041E-07
  1532.0 0.2023066E-07
  1533.0 0.2034270E-07
  1534.0 0.2008430E-07
  1535.0 0.1945019E-07
  1536.0 0.1844216E-07
  1537.0 0.1706943E-07
  1538.0 0.1534835E-07
  1539.0 0.1330253E-07
  1540.0 0.1096231E-07
  1541.0 0.8364552E-08
  1542.0 0.5551904E-08
  1543.0 0.2572213E-08
  1544.0 -.5222307E-09
  1545.0 -.3675732E-08
  1546.0 -.6830019E-08
  1547.0 -.9925349E-08
  1548.0 -.1290159E-07
  1549.0 -.1569927E-07
  1550.0 -.1826073E-07
  1551.0 -.2053127E-07
  1552.0 -.2246006E-07
  1553.0 -.2400115E-07
  1554.0 -.2511462E-07
  1555.0 -.2576698E-07
  1556.0 -.2593221E-07
  1557.0 -.2559220E-07
  1558.0 -.2473709E-07
  1559.0 -.2336572E-07
  1560.0 -.2148560E-07
  1561.0 -.1911300E-07
  1562.0 -.1627265E-07
  1563.0 -.1299738E-07
  1564.0 -.9327763E-08
  1565.0 -.5311293E-08
  1566.0 -.1001750E-08
  1567.0 0.3541769E-08
  1568.0 0.8255790E-08
  1569.0 0.1307354E-07
  1570.0 0.1792605E-07
  1571.0 0.2274328E-07
  1572.0 0.2745548E-07
  1573.0 0.3199398E-07
  1574.0 0.3629276E-07
  1575.0 0.4028923E-07
  1576.0 0.4392520E-07
  1577.0 0.4714813E-07
  1578.0 0.4991173E-07
  1579.0 0.5217656E-07
  1580.0 0.5391070E-07
  1581.0 0.5509037E-07
  1582.0 0.5569982E-07
  1583.0 0.5573160E-07
  1584.0 0.5518650E-07
  1585.0 0.5407380E-07
  1586.0 0.5240988E-07
  1587.0 0.5021885E-07
  1588.0 0.4753146E-07
  1589.0 0.4438428E-07
  1590.0 0.4081916E-07
  1591.0 0.3688218E-07
  1592.0 0.3262299E-07
  1593.0 0.2809340E-07
  1594.0 0.2334672E-07
  1595.0 0.1843671E-07
  1596.0 0.1341670E-07
  1597.0 0.8338434E-08
  1598.0 0.3251533E-08
  1599.0 -.1797459E-08
  1600.0 -.6765656E-08
  1601.0 -.1161446E-07
  1602.0 -.1630990E-07
  1603.0 -.2082304E-07
  1604.0 -.2513009E-07
  1605.0 -.2921249E-07
  1606.0 -.3305686E-07
  1607.0 -.3665476E-07
  1608.0 -.4000241E-07
  1609.0 -.4310005E-07
  1610.0 -.4595205E-07
  1611.0 -.4856542E-07
  1612.0 -.5094983E-07
  1613.0 -.5311684E-07
  1614.0 -.5507879E-07
  1615.0 -.5684841E-07
  1616.0 -.5843819E-07
  1617.0 -.5985925E-07
  1618.0 -.6112138E-07
  1619.0 -.6223166E-07
  1620.0 -.6319485E-07
  1621.0 -.6401228E-07
  1622.0 -.6468216E-07
  1623.0 -.6519909E-07
  1624.0 -.6555396E-07
  1625.0 -.6573435E-07
  1626.0 -.6572470E-07
  1627.0 -.6550637E-07
  1628.0 -.6505840E-07
  1629.0 -.6435802E-07
  1630.0 -.6338089E-07
  1631.0 -.6210252E-07
  1632.0 -.6049861E-07
  1633.0 -.5854590E-07
  1634.0 -.5622301E-07
  1635.0 -.5351150E-07
  1636.0 -.5039644E-07
  1637.0 -.4686735E-07
  1638.0 -.4291881E-07
  1639.0 -.3855122E-07
  1640.0 -.3377118E-07
  1641.0 -.2859210E-07
  1642.0 -.2303447E-07
  1643.0 -.1712573E-07
  1644.0 -.1090070E-07
  1645.0 -.4401036E-08
  1646.0 0.2324689E-08
  1647.0 0.9221729E-08
  1648.0 0.1622969E-07
  1649.0 0.2328319E-07
  1650.0 0.3031280E-07
  1651.0 0.3724606E-07
  1652.0 0.4400838E-07
  1653.0 0.5052448E-07
  1654.0 0.5671916E-07
  1655.0 0.6251917E-07
  1656.0 0.6785370E-07
  1657.0 0.7265611E-07
  1658.0 0.7686517E-07
  1659.0 0.8042554E-07
  1660.0 0.8328982E-07
  1661.0 0.8541812E-07
  1662.0 0.8678039E-07
  1663.0 0.8735548E-07
  1664.0 0.8713312E-07
  1665.0 0.8611290E-07
  1666.0 0.8430507E-07
  1667.0 0.8173053E-07
  1668.0 0.7842043E-07
  1669.0 0.7441555E-07
  1670.0 0.6976586E-07
  1671.0 0.6453018E-07
  1672.0 0.5877422E-07
  1673.0 0.5257080E-07
  1674.0 0.4599773E-07
  1675.0 0.3913692E-07
  1676.0 0.3207332E-07
  1677.0 0.2489304E-07
  1678.0 0.1768252E-07
  1679.0 0.1052686E-07
  1680.0 0.3508580E-08
  1681.0 -.3293499E-08
  1682.0 -.9805611E-08
  1683.0 -.1595985E-07
  1684.0 -.2169537E-07
  1685.0 -.2695886E-07
  1686.0 -.3170550E-07
  1687.0 -.3589884E-07
  1688.0 -.3951198E-07
  1689.0 -.4252674E-07
  1690.0 -.4493419E-07
  1691.0 -.4673409E-07
  1692.0 -.4793470E-07
  1693.0 -.4855205E-07
  1694.0 -.4860954E-07
  1695.0 -.4813669E-07
  1696.0 -.4716874E-07
  1697.0 -.4574544E-07
  1698.0 -.4390975E-07
  1699.0 -.4170757E-07
  1700.0 -.3918617E-07
  1701.0 -.3639294E-07
  1702.0 -.3337518E-07
  1703.0 -.3017849E-07
  1704.0 -.2684656E-07
  1705.0 -.2341998E-07
  1706.0 -.1993606E-07
  1707.0 -.1642811E-07
  1708.0 -.1292537E-07
  1709.0 -.9452675E-08
  1710.0 -.6030585E-08
  1711.0 -.2675479E-08
  1712.0 0.6002060E-09
  1713.0 0.3787541E-08
  1714.0 0.6880678E-08
  1715.0 0.9876027E-08
  1716.0 0.1277195E-07
  1717.0 0.1556775E-07
  1718.0 0.1826308E-07
  1719.0 0.2085708E-07
  1720.0 0.2334775E-07
  1721.0 0.2573137E-07
  1722.0 0.2800164E-07
  1723.0 0.3014922E-07
  1724.0 0.3216168E-07
  1725.0 0.3402281E-07
  1726.0 0.3571259E-07
  1727.0 0.3720747E-07
  1728.0 0.3848012E-07
  1729.0 0.3950031E-07
  1730.0 0.4023498E-07
  1731.0 0.4064913E-07
  1732.0 0.4070669E-07
  1733.0 0.4037126E-07
  1734.0 0.3960725E-07
  1735.0 0.3838122E-07
  1736.0 0.3666278E-07
  1737.0 0.3442610E-07
  1738.0 0.3165089E-07
  1739.0 0.2832373E-07
  1740.0 0.2443942E-07
  1741.0 0.2000169E-07
  1742.0 0.1502429E-07
  1743.0 0.9531695E-08
  1744.0 0.3559812E-08
  1745.0 -.2843831E-08
  1746.0 -.9619914E-08
  1747.0 -.1669737E-07
  1748.0 -.2399392E-07
  1749.0 -.3141655E-07
  1750.0 -.3886262E-07
  1751.0 -.4622113E-07
  1752.0 -.5337371E-07
  1753.0 -.6019705E-07
  1754.0 -.6656430E-07
  1755.0 -.7234709E-07
  1756.0 -.7741846E-07
  1757.0 -.8165424E-07
  1758.0 -.8493638E-07
  1759.0 -.8715514E-07
  1760.0 -.8821132E-07
  1761.0 -.8801889E-07
  1762.0 -.8650721E-07
  1763.0 -.8362296E-07
  1764.0 -.7933258E-07
  1765.0 -.7362300E-07
  1766.0 -.6650367E-07
  1767.0 -.5800746E-07
  1768.0 -.4819087E-07
  1769.0 -.3713450E-07
  1770.0 -.2494280E-07
  1771.0 -.1174347E-07
  1772.0 0.2313799E-08
  1773.0 0.1705876E-07
  1774.0 0.3230255E-07
  1775.0 0.4784000E-07
  1776.0 0.6345245E-07
  1777.0 0.7891077E-07
  1778.0 0.9397890E-07
  1779.0 0.1084168E-06
  1780.0 0.1219846E-06
  1781.0 0.1344476E-06
  1782.0 0.1455775E-06
  1783.0 0.1551595E-06
  1784.0 0.1629937E-06
  1785.0 0.1689004E-06
  1786.0 0.1727225E-06
  1787.0 0.1743293E-06
  1788.0 0.1736199E-06
  1789.0 0.1705235E-06
  1790.0 0.1650042E-06
  1791.0 0.1570607E-06
  1792.0 0.1467280E-06
  1793.0 0.1340770E-06
  1794.0 0.1192153E-06
  1795.0 0.1022860E-06
  1796.0 0.8346553E-07
  1797.0 0.6296319E-07
  1798.0 0.4101737E-07
  1799.0 0.1789295E-07
  1800.0 -.6122175E-08
  1801.0 -.3072120E-07
  1802.0 -.5558284E-07
  1803.0 -.8037574E-07
  1804.0 -.1047637E-06
  1805.0 -.1284104E-06
  1806.0 -.1509846E-06
  1807.0 -.1721659E-06
  1808.0 -.1916483E-06
  1809.0 -.2091469E-06
  1810.0 -.2244009E-06
  1811.0 -.2371785E-06
  1812.0 -.2472813E-06
  1813.0 -.2545445E-06
  1814.0 -.2588464E-06
  1815.0 -.2601037E-06
  1816.0 -.2582755E-06
  1817.0 -.2533654E-06
  1818.0 -.2454213E-06
  1819.0 -.2345328E-06
  1820.0 -.2208327E-06
  1821.0 -.2044944E-06
  1822.0 -.1857287E-06
  1823.0 -.1647810E-06
  1824.0 -.1419281E-06
  1825.0 -.1174733E-06
  1826.0 -.9174356E-07
  1827.0 -.6508204E-07
  1828.0 -.3784484E-07
  1829.0 -.1039467E-07
  1830.0 0.1690434E-07
  1831.0 0.4369197E-07
  1832.0 0.6961791E-07
  1833.0 0.9434650E-07
  1834.0 0.1175619E-06
  1835.0 0.1389730E-06
  1836.0 0.1583171E-06
  1837.0 0.1753651E-06
  1838.0 0.1899224E-06
  1839.0 0.2018339E-06
  1840.0 0.2109843E-06
  1841.0 0.2173009E-06
  1842.0 0.2207530E-06
  1843.0 0.2213524E-06
  1844.0 0.2191534E-06
  1845.0 0.2142499E-06
  1846.0 0.2067749E-06
  1847.0 0.1968970E-06
  1848.0 0.1848177E-06
  1849.0 0.1707672E-06
  1850.0 0.1550011E-06
  1851.0 0.1377952E-06
  1852.0 0.1194413E-06
  1853.0 0.1002424E-06
  1854.0 0.8050687E-07
  1855.0 0.6054483E-07
  1856.0 0.4066157E-07
  1857.0 0.2115382E-07
  1858.0 0.2304866E-08
  1859.0 -.1561981E-07
  1860.0 -.3237655E-07
  1861.0 -.4774683E-07
  1862.0 -.6154031E-07
  1863.0 -.7359760E-07
  1864.0 -.8379178E-07
  1865.0 -.9202986E-07
  1866.0 -.9825398E-07
  1867.0 -.1024406E-06
  1868.0 -.1046011E-06
  1869.0 -.1047801E-06
  1870.0 -.1030541E-06
  1871.0 -.9952898E-07
  1872.0 -.9433834E-07
  1873.0 -.8763932E-07
  1874.0 -.7961072E-07
  1875.0 -.7044791E-07
  1876.0 -.6036005E-07
  1877.0 -.4956562E-07
  1878.0 -.3828852E-07
  1879.0 -.2675413E-07
  1880.0 -.1518493E-07
  1881.0 -.3797128E-08
  1882.0 0.7203189E-08
  1883.0 0.1762349E-07
  1884.0 0.2728764E-07
  1885.0 0.3603890E-07
  1886.0 0.4374180E-07
  1887.0 0.5028440E-07
  1888.0 0.5557910E-07
  1889.0 0.5956414E-07
  1890.0 0.6220358E-07
  1891.0 0.6348746E-07
  1892.0 0.6343104E-07
  1893.0 0.6207416E-07
  1894.0 0.5947915E-07
  1895.0 0.5573003E-07
  1896.0 0.5092942E-07
  1897.0 0.4519675E-07
  1898.0 0.3866547E-07
  1899.0 0.3147984E-07
  1900.0 0.2379241E-07
  1901.0 0.1576068E-07
  1902.0 0.7544172E-08
  1903.0 -.6986702E-09
  1904.0 -.8813297E-08
  1905.0 -.1665202E-07
  1906.0 -.2407640E-07
  1907.0 -.3095962E-07
  1908.0 -.3718853E-07
  1909.0 -.4266549E-07
  1910.0 -.4730970E-07
  1911.0 -.5105806E-07
  1912.0 -.5386632E-07
  1913.0 -.5570869E-07
  1914.0 -.5657854E-07
  1915.0 -.5648753E-07
  1916.0 -.5546498E-07
  1917.0 -.5355681E-07
  1918.0 -.5082402E-07
  1919.0 -.4734177E-07
  1920.0 -.4319651E-07
  1921.0 -.3848489E-07
  1922.0 -.3331102E-07
  1923.0 -.2778495E-07
  1924.0 -.2201959E-07
  1925.0 -.1612911E-07
  1926.0 -.1022642E-07
  1927.0 -.4421157E-08
  1928.0 0.1182354E-08
  1929.0 0.6486953E-08
  1930.0 0.1140422E-07
  1931.0 0.1585598E-07
  1932.0 0.1977546E-07
  1933.0 0.2310816E-07
  1934.0 0.2581274E-07
  1935.0 0.2786115E-07
  1936.0 0.2923885E-07
  1937.0 0.2994471E-07
  1938.0 0.2999073E-07
  1939.0 0.2940095E-07
  1940.0 0.2821118E-07
  1941.0 0.2646744E-07
  1942.0 0.2422510E-07
  1943.0 0.2154730E-07
  1944.0 0.1850339E-07
  1945.0 0.1516763E-07
  1946.0 0.1161732E-07
  1947.0 0.7931360E-08
  1948.0 0.4188557E-08
  1949.0 0.4660680E-09
  1950.0 -.3162019E-08
  1951.0 -.6626091E-08
  1952.0 -.9862188E-08
  1953.0 -.1281318E-07
  1954.0 -.1542956E-07
  1955.0 -.1767016E-07
  1956.0 -.1950287E-07
  1957.0 -.2090479E-07
  1958.0 -.2186240E-07
  1959.0 -.2237160E-07
  1960.0 -.2243733E-07
  1961.0 -.2207335E-07
  1962.0 -.2130150E-07
  1963.0 -.2015097E-07
  1964.0 -.1865758E-07
  1965.0 -.1686274E-07
  1966.0 -.1481245E-07
  1967.0 -.1255616E-07
  1968.0 -.1014570E-07
  1969.0 -.7634112E-08
  1970.0 -.5074562E-08
  1971.0 -.2519158E-08
  1972.0 -.1806484E-10
  1973.0 0.2381580E-08
  1974.0 0.4636426E-08
  1975.0 0.6707716E-08
  1976.0 0.8561913E-08
  1977.0 0.1017117E-07
  1978.0 0.1151373E-07
  1979.0 0.1257407E-07
  1980.0 0.1334315E-07
  1981.0 0.1381816E-07
  1982.0 0.1400250E-07
  1983.0 0.1390542E-07
  1984.0 0.1354157E-07
  1985.0 0.1293055E-07
  1986.0 0.1209624E-07
  1987.0 0.1106627E-07
  1988.0 0.9871100E-08
  1989.0 0.8543412E-08
  1990.0 0.7117308E-08
  1991.0 0.5627498E-08
  1992.0 0.4108557E-08
  1993.0 0.2594210E-08
  1994.0 0.1116616E-08
  1995.0 -.2942352E-09
  1996.0 -.1611075E-08
  1997.0 -.2809849E-08
  1998.0 -.3870113E-08
  1999.0 -.4775292E-08
  2000.0 -.5512904E-08
  2001.0 -.6074707E-08
  2002.0 -.6456624E-08
  2003.0 -.6658720E-08
  2004.0 -.6685028E-08
  2005.0 -.6543238E-08
  2006.0 -.6244485E-08
  2007.0 -.5802848E-08
  2008.0 -.5234968E-08
  2009.0 -.4559603E-08
  2010.0 -.3797037E-08
  2011.0 -.2968641E-08
  2012.0 -.2096292E-08
  2013.0 -.1201884E-08
  2014.0 -.3068270E-09
  2015.0 0.5684374E-09
  2016.0 0.1404841E-08
  2017.0 0.2185087E-08
  2018.0 0.2893964E-08
  2019.0 0.3518625E-08
  2020.0 0.4048784E-08
  2021.0 0.4476814E-08
  2022.0 0.4797906E-08
  2023.0 0.5009959E-08
  2024.0 0.5113613E-08
  2025.0 0.5112060E-08
  2026.0 0.5010911E-08
  2027.0 0.4817911E-08
  2028.0 0.4542727E-08
  2029.0 0.4196619E-08
  2030.0 0.3792086E-08
  2031.0 0.3342544E-08
  2032.0 0.2861963E-08
  2033.0 0.2364473E-08
  2034.0 0.1864054E-08
  2035.0 0.1374178E-08
  2036.0 0.9075002E-09
  2037.0 0.4755685E-09
  2038.0 0.8858609E-10
  2039.0 -.2447975E-09
  2040.0 -.5176564E-09
  2041.0 -.7248989E-09
  2042.0 -.8633319E-09
  2043.0 -.9316836E-09
  2044.0 -.9305829E-09
  2045.0 -.8624740E-09
  2046.0 -.7315100E-09
  2047.0 -.5433975E-09
  2048.0 -.3052099E-09
  2049.0 -.2517350E-10
  2050.0 0.2875697E-09
  2051.0 0.6232206E-09
  2052.0 0.9715712E-09
  2053.0 0.1322281E-08
  2054.0 0.1665140E-08
  2055.0 0.1990303E-08
  2056.0 0.2288554E-08
  2057.0 0.2551496E-08
  2058.0 0.2771749E-08
  2059.0 0.2943116E-08
  2060.0 0.3060716E-08
  2061.0 0.3121055E-08
  2062.0 0.3122110E-08
  2063.0 0.3063336E-08
  2064.0 0.2945660E-08
  2065.0 0.2771421E-08
  2066.0 0.2544295E-08
  2067.0 0.2269181E-08
  2068.0 0.1952064E-08
  2069.0 0.1599857E-08
  2070.0 0.1220210E-08
  2071.0 0.8213222E-09
  2072.0 0.4117365E-09
  2073.0 0.1500900E-12
  2074.0 -.4048130E-09
  2075.0 -.7947901E-09
  2076.0 -.1161860E-08
  2077.0 -.1498738E-08
  2078.0 -.1798905E-08
  2079.0 -.2056756E-08
  2080.0 -.2267703E-08
  2081.0 -.2428257E-08
  2082.0 -.2536093E-08
  2083.0 -.2590059E-08
  2084.0 -.2590185E-08
  2085.0 -.2537657E-08
  2086.0 -.2434751E-08
  2087.0 -.2284762E-08
  2088.0 -.2091907E-08
  2089.0 -.1861193E-08
  2090.0 -.1598300E-08
  2091.0 -.1309429E-08
  2092.0 -.1001135E-08
  2093.0 -.6801878E-09
  2094.0 -.3534154E-09
  2095.0 -.2753226E-10
  2096.0 0.2909942E-09
  2097.0 0.5960788E-09
  2098.0 0.8821422E-09
  2099.0 0.1144233E-08
  2100.0 0.1378084E-08
  2101.0 0.1580216E-08
  2102.0 0.1747964E-08
  2103.0 0.1879508E-08
  2104.0 0.1973893E-08
  2105.0 0.2030980E-08
  2106.0 0.2051457E-08
  2107.0 0.2036739E-08
  2108.0 0.1988942E-08
  2109.0 0.1910770E-08
  2110.0 0.1805427E-08
  2111.0 0.1676523E-08
  2112.0 0.1527955E-08
  2113.0 0.1363800E-08
  2114.0 0.1188204E-08
  2115.0 0.1005268E-08
  2116.0 0.8189515E-09
  2117.0 0.6329739E-09
  2118.0 0.4507387E-09
  2119.0 0.2752501E-09
  2120.0 0.1090670E-09
  2121.0 -.4574590E-10
  2122.0 -.1876419E-09
  2123.0 -.3155980E-09
  2124.0 -.4291185E-09
  2125.0 -.5282061E-09
  2126.0 -.6133338E-09
  2127.0 -.6853830E-09
  2128.0 -.7456100E-09
  2129.0 -.7955448E-09
  2130.0 -.8369461E-09
  2131.0 -.8717005E-09
  2132.0 -.9017524E-09
  2133.0 -.9290159E-09
  2134.0 -.9553044E-09
  2135.0 -.9822377E-09
  2136.0 -.1011207E-08
  2137.0 -.1043284E-08
  2138.0 -.1079196E-08
  2139.0 -.1119287E-08
  2140.0 -.1163490E-08
  2141.0 -.1211324E-08
  2142.0 -.1261907E-08
  2143.0 -.1313969E-08
  2144.0 -.1365885E-08
  2145.0 -.1415730E-08
  2146.0 -.1461324E-08
  2147.0 -.1500312E-08
  2148.0 -.1530238E-08
  2149.0 -.1548618E-08
  2150.0 -.1553030E-08
  2151.0 -.1541197E-08
  2152.0 -.1511076E-08
  2153.0 -.1460937E-08
  2154.0 -.1389434E-08
  2155.0 -.1295675E-08
  2156.0 -.1179280E-08
  2157.0 -.1040417E-08
  2158.0 -.8798461E-09
  2159.0 -.6989218E-09
  2160.0 -.4996017E-09
  2161.0 -.2844338E-09
  2162.0 -.5651588E-10
  2163.0 0.1805440E-09
  2164.0 0.4226877E-09
  2165.0 0.6654866E-09
  2166.0 0.9042268E-09
  2167.0 0.1134004E-08
  2168.0 0.1349831E-08
  2169.0 0.1546749E-08
  2170.0 0.1719931E-08
  2171.0 0.1864821E-08
  2172.0 0.1977227E-08
  2173.0 0.2053423E-08
  2174.0 0.2090274E-08
  2175.0 0.2085307E-08
  2176.0 0.2036791E-08
  2177.0 0.1943812E-08
  2178.0 0.1806307E-08
  2179.0 0.1625113E-08
  2180.0 0.1401953E-08
  2181.0 0.1139452E-08
  2182.0 0.8411018E-09
  2183.0 0.5112137E-09
  2184.0 0.1548571E-09
  2185.0 -.2222256E-09
  2186.0 -.6137111E-09
  2187.0 -.1012816E-08
  2188.0 -.1412411E-08
  2189.0 -.1805158E-08
  2190.0 -.2183660E-08
  2191.0 -.2540590E-08
  2192.0 -.2868845E-08
  2193.0 -.3161701E-08
  2194.0 -.3412925E-08
  2195.0 -.3616929E-08
  2196.0 -.3768890E-08
  2197.0 -.3864832E-08
  2198.0 -.3901757E-08
  2199.0 -.3877676E-08
  2200.0 -.3791704E-08
  2201.0 -.3644060E-08
  2202.0 -.3436091E-08
  2203.0 -.3170272E-08
  2204.0 -.2850160E-08
  2205.0 -.2480343E-08
  2206.0 -.2066371E-08
  2207.0 -.1614654E-08
  2208.0 -.1132361E-08
  2209.0 -.6272876E-09
  2210.0 -.1077122E-09
  2211.0 0.4177452E-09
  2212.0 0.9402897E-09
  2213.0 0.1451103E-08
  2214.0 0.1941513E-08
  2215.0 0.2403153E-08
  2216.0 0.2828124E-08
  2217.0 0.3209123E-08
  2218.0 0.3539603E-08
  2219.0 0.3813880E-08
  2220.0 0.4027248E-08
  2221.0 0.4176041E-08
  2222.0 0.4257760E-08
  2223.0 0.4271058E-08
  2224.0 0.4215782E-08
  2225.0 0.4093017E-08
  2226.0 0.3905002E-08
  2227.0 0.3655109E-08
  2228.0 0.3347812E-08
  2229.0 0.2988572E-08
  2230.0 0.2583723E-08
  2231.0 0.2140388E-08
  2232.0 0.1666327E-08
  2233.0 0.1169788E-08
  2234.0 0.6593749E-09
  2235.0 0.1438684E-09
  2236.0 -.3679170E-09
  2237.0 -.8673050E-09
  2238.0 -.1345907E-08
  2239.0 -.1795775E-08
  2240.0 -.2209530E-08
  2241.0 -.2580508E-08
  2242.0 -.2902866E-08
  2243.0 -.3171677E-08
  2244.0 -.3383013E-08
  2245.0 -.3534002E-08
  2246.0 -.3622875E-08
  2247.0 -.3648969E-08
  2248.0 -.3612752E-08
  2249.0 -.3515779E-08
  2250.0 -.3360653E-08
  2251.0 -.3150974E-08
  2252.0 -.2891244E-08
  2253.0 -.2586795E-08
  2254.0 -.2243656E-08
  2255.0 -.1868446E-08
  2256.0 -.1468251E-08
  2257.0 -.1050470E-08
  2258.0 -.6226943E-09
  2259.0 -.1925513E-09
  2260.0 0.2324206E-09
  2261.0 0.6449240E-09
  2262.0 0.1038012E-08
  2263.0 0.1405227E-08
  2264.0 0.1740687E-08
  2265.0 0.2039206E-08
  2266.0 0.2296359E-08
  2267.0 0.2508555E-08
  2268.0 0.2673068E-08
  2269.0 0.2788103E-08
  2270.0 0.2852773E-08
  2271.0 0.2867116E-08
  2272.0 0.2832075E-08
  2273.0 0.2749450E-08
  2274.0 0.2621845E-08
  2275.0 0.2452614E-08
  2276.0 0.2245776E-08
  2277.0 0.2005902E-08
  2278.0 0.1738078E-08
  2279.0 0.1447718E-08
  2280.0 0.1140525E-08
  2281.0 0.8223375E-09
  2282.0 0.4990366E-09
  2283.0 0.1764295E-09
  2284.0 -.1398556E-09
  2285.0 -.4444646E-09
  2286.0 -.7324123E-09
  2287.0 -.9991670E-09
  2288.0 -.1240711E-08
  2289.0 -.1453610E-08
  2290.0 -.1635055E-08
  2291.0 -.1782898E-08
  2292.0 -.1895659E-08
  2293.0 -.1972551E-08
  2294.0 -.2013463E-08
  2295.0 -.2018925E-08
  2296.0 -.1990103E-08
  2297.0 -.1928729E-08
  2298.0 -.1837055E-08
  2299.0 -.1717814E-08
  2300.0 -.1574104E-08
  2301.0 -.1409355E-08
  2302.0 -.1227232E-08
  2303.0 -.1031547E-08
  2304.0 -.8261982E-09
  2305.0 -.6150775E-09
  2306.0 -.4019920E-09
  2307.0 -.1906003E-09
  2308.0 0.1566119E-10
  2309.0 0.2136301E-09
  2310.0 0.4004742E-09
  2311.0 0.5737325E-09
  2312.0 0.7313471E-09
  2313.0 0.8716820E-09
  2314.0 0.9935428E-09
  2315.0 0.1096170E-08
  2316.0 0.1179242E-08
  2317.0 0.1242840E-08
  2318.0 0.1287444E-08
  2319.0 0.1313889E-08
  2320.0 0.1323311E-08
  2321.0 0.1317123E-08
  2322.0 0.1296956E-08
  2323.0 0.1264596E-08
  2324.0 0.1221938E-08
  2325.0 0.1170927E-08
  2326.0 0.1113504E-08
  2327.0 0.1051544E-08
  2328.0 0.9868217E-09
  2329.0 0.9209554E-09
  2330.0 0.8553667E-09
  2331.0 0.7912561E-09
  2332.0 0.7295730E-09
  2333.0 0.6709937E-09
  2334.0 0.6159199E-09
  2335.0 0.5644730E-09
  2336.0 0.5165014E-09
  2337.0 0.4715970E-09
  2338.0 0.4291184E-09
  2339.0 0.3882208E-09
  2340.0 0.3478876E-09
  2341.0 0.3069796E-09
  2342.0 0.2642754E-09
  2343.0 0.2185224E-09
  2344.0 0.1684865E-09
  2345.0 0.1130025E-09
  2346.0 0.5103066E-10
  2347.0 -.1830513E-10
  2348.0 -.9566296E-10
  2349.0 -.1814463E-09
  2350.0 -.2757709E-09
  2351.0 -.3784305E-09
  2352.0 -.4888836E-09
  2353.0 -.6062400E-09
  2354.0 -.7292510E-09
  2355.0 -.8563242E-09
  2356.0 -.9855319E-09
  2357.0 -.1114643E-08
  2358.0 -.1241150E-08
  2359.0 -.1362322E-08
  2360.0 -.1475239E-08
  2361.0 -.1576868E-08
  2362.0 -.1664114E-08
  2363.0 -.1733895E-08
  2364.0 -.1783212E-08
  2365.0 -.1809224E-08
  2366.0 -.1809324E-08
  2367.0 -.1781212E-08
  2368.0 -.1722964E-08
  2369.0 -.1633108E-08
  2370.0 -.1510672E-08
  2371.0 -.1355245E-08
  2372.0 -.1167028E-08
  2373.0 -.9468523E-09
  2374.0 -.6962186E-09
  2375.0 -.4173042E-09
  2376.0 -.1129563E-09
  2377.0 0.2133141E-09
  2378.0 0.5573698E-09
  2379.0 0.9144779E-09
  2380.0 0.1279374E-08
  2381.0 0.1646322E-08
  2382.0 0.2009207E-08
  2383.0 0.2361606E-08
  2384.0 0.2696900E-08
  2385.0 0.3008385E-08
  2386.0 0.3289382E-08
  2387.0 0.3533343E-08
  2388.0 0.3734000E-08
  2389.0 0.3885458E-08
  2390.0 0.3982338E-08
  2391.0 0.4019878E-08
  2392.0 0.3994037E-08
  2393.0 0.3901630E-08
  2394.0 0.3740368E-08
  2395.0 0.3508972E-08
  2396.0 0.3207239E-08
  2397.0 0.2836061E-08
  2398.0 0.2397489E-08
  2399.0 0.1894715E-08
