     0.0 0.0000000E+00
     1.0 0.3272918E-17
     2.0 -.8384856E-17
     3.0 -.9977345E-16
     4.0 -.3775818E-15
     5.0 -.9841665E-15
     6.0 -.2089498E-14
     7.0 -.3881780E-14
     8.0 -.6557304E-14
     9.0 -.1030993E-13
    10.0 -.1532066E-13
    11.0 -.2174766E-13
    12.0 -.2971732E-13
    13.0 -.3931654E-13
    14.0 -.5058659E-13
    15.0 -.6351885E-13
    16.0 -.7805239E-13
    17.0 -.9407360E-13
    18.0 -.1114177E-12
    19.0 -.1298718E-12
    20.0 -.1491800E-12
    21.0 -.1690493E-12
    22.0 -.1891567E-12
    23.0 -.2091566E-12
    24.0 -.2286885E-12
    25.0 -.2473848E-12
    26.0 -.2648779E-12
    27.0 -.2808061E-12
    28.0 -.2948189E-12
    29.0 -.3065809E-12
    30.0 -.3157748E-12
    31.0 -.3221020E-12
    32.0 -.3252833E-12
    33.0 -.3250576E-12
    34.0 -.3211799E-12
    35.0 -.3134191E-12
    36.0 -.3015548E-12
    37.0 -.2853748E-12
    38.0 -.2646723E-12
    39.0 -.2392444E-12
    40.0 -.2088911E-12
    41.0 -.1734150E-12
    42.0 -.1326230E-12
    43.0 -.8632881E-13
    44.0 -.3435636E-13
    45.0 0.2345545E-13
    46.0 0.8724710E-13
    47.0 0.1571326E-12
    48.0 0.2331937E-12
    49.0 0.3154739E-12
    50.0 0.4039734E-12
    51.0 0.4986457E-12
    52.0 0.5993950E-12
    53.0 0.7060764E-12
    54.0 0.8184977E-12
    55.0 0.9364211E-12
    56.0 0.1059575E-11
    57.0 0.1187656E-11
    58.0 0.1320344E-11
    59.0 0.1457312E-11
    60.0 0.1598243E-11
    61.0 0.1742837E-11
    62.0 0.1890825E-11
    63.0 0.2041990E-11
    64.0 0.2196165E-11
    65.0 0.2353247E-11
    66.0 0.2513197E-11
    67.0 0.2676042E-11
    68.0 0.2841872E-11
    69.0 0.3010825E-11
    70.0 0.3183079E-11
    71.0 0.3358827E-11
    72.0 0.3538258E-11
    73.0 0.3721527E-11
    74.0 0.3908732E-11
    75.0 0.4099874E-11
    76.0 0.4294832E-11
    77.0 0.4493333E-11
    78.0 0.4694933E-11
    79.0 0.4898974E-11
    80.0 0.5104593E-11
    81.0 0.5310701E-11
    82.0 0.5515989E-11
    83.0 0.5718934E-11
    84.0 0.5917824E-11
    85.0 0.6110794E-11
    86.0 0.6295858E-11
    87.0 0.6470977E-11
    88.0 0.6634103E-11
    89.0 0.6783255E-11
    90.0 0.6916596E-11
    91.0 0.7032505E-11
    92.0 0.7129652E-11
    93.0 0.7207077E-11
    94.0 0.7264230E-11
    95.0 0.7301064E-11
    96.0 0.7318062E-11
    97.0 0.7316257E-11
    98.0 0.7297244E-11
    99.0 0.7263190E-11
   100.0 0.7216779E-11
   101.0 0.7161174E-11
   102.0 0.7099978E-11
   103.0 0.7037202E-11
   104.0 0.6977171E-11
   105.0 0.6924381E-11
   106.0 0.6883348E-11
   107.0 0.6858438E-11
   108.0 0.6853726E-11
   109.0 0.6872804E-11
   110.0 0.6918623E-11
   111.0 0.6993332E-11
   112.0 0.7098141E-11
   113.0 0.7233223E-11
   114.0 0.7397606E-11
   115.0 0.7589162E-11
   116.0 0.7804538E-11
   117.0 0.8039242E-11
   118.0 0.8287674E-11
   119.0 0.8543275E-11
   120.0 0.8798628E-11
   121.0 0.9045727E-11
   122.0 0.9276111E-11
   123.0 0.9481217E-11
   124.0 0.9652566E-11
   125.0 0.9782068E-11
   126.0 0.9862343E-11
   127.0 0.9886963E-11
   128.0 0.9850721E-11
   129.0 0.9749862E-11
   130.0 0.9582296E-11
   131.0 0.9347720E-11
   132.0 0.9047752E-11
   133.0 0.8685958E-11
   134.0 0.8267814E-11
   135.0 0.7800674E-11
   136.0 0.7293548E-11
   137.0 0.6756985E-11
   138.0 0.6202709E-11
   139.0 0.5643404E-11
   140.0 0.5092257E-11
   141.0 0.4562626E-11
   142.0 0.4067618E-11
   143.0 0.3619649E-11
   144.0 0.3230047E-11
   145.0 0.2908644E-11
   146.0 0.2663421E-11
   147.0 0.2500176E-11
   148.0 0.2422289E-11
   149.0 0.2430495E-11
   150.0 0.2522804E-11
   151.0 0.2694445E-11
   152.0 0.2937950E-11
   153.0 0.3243254E-11
   154.0 0.3597960E-11
   155.0 0.3987624E-11
   156.0 0.4396177E-11
   157.0 0.4806350E-11
   158.0 0.5200129E-11
   159.0 0.5559406E-11
   160.0 0.5866415E-11
   161.0 0.6104361E-11
   162.0 0.6257960E-11
   163.0 0.6313924E-11
   164.0 0.6261471E-11
   165.0 0.6092707E-11
   166.0 0.5802893E-11
   167.0 0.5390779E-11
   168.0 0.4858658E-11
   169.0 0.4212397E-11
   170.0 0.3461339E-11
   171.0 0.2618172E-11
   172.0 0.1698508E-11
   173.0 0.7205634E-12
   174.0 -.2953833E-12
   175.0 -.1327534E-11
   176.0 -.2353201E-11
   177.0 -.3349538E-11
   178.0 -.4294138E-11
   179.0 -.5165786E-11
   180.0 -.5945146E-11
   181.0 -.6615331E-11
   182.0 -.7162498E-11
   183.0 -.7576323E-11
   184.0 -.7850388E-11
   185.0 -.7982499E-11
   186.0 -.7974700E-11
   187.0 -.7833482E-11
   188.0 -.7569531E-11
   189.0 -.7197531E-11
   190.0 -.6735838E-11
   191.0 -.6206003E-11
   192.0 -.5632072E-11
   193.0 -.5040091E-11
   194.0 -.4457236E-11
   195.0 -.3911116E-11
   196.0 -.3428905E-11
   197.0 -.3036606E-11
   198.0 -.2758175E-11
   199.0 -.2614850E-11
   200.0 -.2624508E-11
   201.0 -.2800976E-11
   202.0 -.3153707E-11
   203.0 -.3687312E-11
   204.0 -.4401400E-11
   205.0 -.5290515E-11
   206.0 -.6344154E-11
   207.0 -.7547032E-11
   208.0 -.8879388E-11
   209.0 -.1031753E-10
   210.0 -.1183431E-10
   211.0 -.1339994E-10
   212.0 -.1498264E-10
   213.0 -.1654966E-10
   214.0 -.1806792E-10
   215.0 -.1950503E-10
   216.0 -.2083012E-10
   217.0 -.2201470E-10
   218.0 -.2303336E-10
   219.0 -.2386454E-10
   220.0 -.2449112E-10
   221.0 -.2490082E-10
   222.0 -.2508670E-10
   223.0 -.2504718E-10
   224.0 -.2478637E-10
   225.0 -.2431378E-10
   226.0 -.2364425E-10
   227.0 -.2279764E-10
   228.0 -.2179823E-10
   229.0 -.2067434E-10
   230.0 -.1945750E-10
   231.0 -.1818182E-10
   232.0 -.1688308E-10
   233.0 -.1559806E-10
   234.0 -.1436349E-10
   235.0 -.1321525E-10
   236.0 -.1218759E-10
   237.0 -.1131229E-10
   238.0 -.1061781E-10
   239.0 -.1012883E-10
   240.0 -.9865439E-11
   241.0 -.9842787E-11
   242.0 -.1007069E-10
   243.0 -.1055327E-10
   244.0 -.1128895E-10
   245.0 -.1227023E-10
   246.0 -.1348400E-10
   247.0 -.1491155E-10
   248.0 -.1652897E-10
   249.0 -.1830755E-10
   250.0 -.2021432E-10
   251.0 -.2221258E-10
   252.0 -.2426267E-10
   253.0 -.2632265E-10
   254.0 -.2834915E-10
   255.0 -.3029811E-10
   256.0 -.3212580E-10
   257.0 -.3378956E-10
   258.0 -.3524880E-10
   259.0 -.3646587E-10
   260.0 -.3740678E-10
   261.0 -.3804229E-10
   262.0 -.3834846E-10
   263.0 -.3830746E-10
   264.0 -.3790805E-10
   265.0 -.3714641E-10
   266.0 -.3602626E-10
   267.0 -.3455942E-10
   268.0 -.3276581E-10
   269.0 -.3067356E-10
   270.0 -.2831891E-10
   271.0 -.2574591E-10
   272.0 -.2300602E-10
   273.0 -.2015737E-10
   274.0 -.1726412E-10
   275.0 -.1439539E-10
   276.0 -.1162420E-10
   277.0 -.9026178E-11
   278.0 -.6678123E-11
   279.0 -.4656597E-11
   280.0 -.3036188E-11
   281.0 -.1887863E-11
   282.0 -.1277362E-11
   283.0 -.1263336E-11
   284.0 -.1895918E-11
   285.0 -.3215034E-11
   286.0 -.5248994E-11
   287.0 -.8013303E-11
   288.0 -.1150969E-10
   289.0 -.1572528E-10
   290.0 -.2063216E-10
   291.0 -.2618732E-10
   292.0 -.3233288E-10
   293.0 -.3899665E-10
   294.0 -.4609318E-10
   295.0 -.5352512E-10
   296.0 -.6118503E-10
   297.0 -.6895757E-10
   298.0 -.7672144E-10
   299.0 -.8435284E-10
   300.0 -.9172780E-10
   301.0 -.9872551E-10
   302.0 -.1052314E-09
   303.0 -.1111403E-09
   304.0 -.1163595E-09
   305.0 -.1208119E-09
   306.0 -.1244382E-09
   307.0 -.1271995E-09
   308.0 -.1290792E-09
   309.0 -.1300845E-09
   310.0 -.1302466E-09
   311.0 -.1296216E-09
   312.0 -.1282898E-09
   313.0 -.1263545E-09
   314.0 -.1239399E-09
   315.0 -.1211893E-09
   316.0 -.1182613E-09
   317.0 -.1153265E-09
   318.0 -.1125630E-09
   319.0 -.1101521E-09
   320.0 -.1082731E-09
   321.0 -.1070982E-09
   322.0 -.1067878E-09
   323.0 -.1074850E-09
   324.0 -.1093108E-09
   325.0 -.1123599E-09
   326.0 -.1166971E-09
   327.0 -.1223534E-09
   328.0 -.1293245E-09
   329.0 -.1375683E-09
   330.0 -.1470053E-09
   331.0 -.1575189E-09
   332.0 -.1689569E-09
   333.0 -.1811337E-09
   334.0 -.1938352E-09
   335.0 -.2068225E-09
   336.0 -.2198381E-09
   337.0 -.2326121E-09
   338.0 -.2448690E-09
   339.0 -.2563356E-09
   340.0 -.2667486E-09
   341.0 -.2758622E-09
   342.0 -.2834560E-09
   343.0 -.2893414E-09
   344.0 -.2933696E-09
   345.0 -.2954355E-09
   346.0 -.2954843E-09
   347.0 -.2935134E-09
   348.0 -.2895748E-09
   349.0 -.2837769E-09
   350.0 -.2762816E-09
   351.0 -.2673034E-09
   352.0 -.2571042E-09
   353.0 -.2459875E-09
   354.0 -.2342932E-09
   355.0 -.2223861E-09
   356.0 -.2106491E-09
   357.0 -.1994710E-09
   358.0 -.1892368E-09
   359.0 -.1803163E-09
   360.0 -.1730514E-09
   361.0 -.1677478E-09
   362.0 -.1646619E-09
   363.0 -.1639944E-09
   364.0 -.1658800E-09
   365.0 -.1703828E-09
   366.0 -.1774900E-09
   367.0 -.1871114E-09
   368.0 -.1990775E-09
   369.0 -.2131421E-09
   370.0 -.2289865E-09
   371.0 -.2462256E-09
   372.0 -.2644169E-09
   373.0 -.2830706E-09
   374.0 -.3016629E-09
   375.0 -.3196482E-09
   376.0 -.3364761E-09
   377.0 -.3516049E-09
   378.0 -.3645194E-09
   379.0 -.3747443E-09
   380.0 -.3818625E-09
   381.0 -.3855263E-09
   382.0 -.3854724E-09
   383.0 -.3815299E-09
   384.0 -.3736302E-09
   385.0 -.3618135E-09
   386.0 -.3462291E-09
   387.0 -.3271371E-09
   388.0 -.3049050E-09
   389.0 -.2799992E-09
   390.0 -.2529774E-09
   391.0 -.2244738E-09
   392.0 -.1951862E-09
   393.0 -.1658561E-09
   394.0 -.1372506E-09
   395.0 -.1101409E-09
   396.0 -.8527973E-10
   397.0 -.6338166E-10
   398.0 -.4509907E-10
   399.0 -.3100284E-10
   400.0 -.2156334E-10
   401.0 -.1713356E-10
   402.0 -.1793526E-10
   403.0 -.2404885E-10
   404.0 -.3540611E-10
   405.0 -.5178819E-10
   406.0 -.7282586E-10
   407.0 -.9800698E-10
   408.0 -.1266852E-09
   409.0 -.1580956E-09
   410.0 -.1913724E-09
   411.0 -.2255701E-09
   412.0 -.2596895E-09
   413.0 -.2927053E-09
   414.0 -.3235925E-09
   415.0 -.3513584E-09
   416.0 -.3750724E-09
   417.0 -.3938936E-09
   418.0 -.4070990E-09
   419.0 -.4141084E-09
   420.0 -.4145073E-09
   421.0 -.4080607E-09
   422.0 -.3947294E-09
   423.0 -.3746772E-09
   424.0 -.3482713E-09
   425.0 -.3160785E-09
   426.0 -.2788573E-09
   427.0 -.2375400E-09
   428.0 -.1932121E-09
   429.0 -.1470836E-09
   430.0 -.1004618E-09
   431.0 -.5471069E-10
   432.0 -.1121567E-10
   433.0 0.2865887E-10
   434.0 0.6360992E-10
   435.0 0.9243979E-10
   436.0 0.1140947E-09
   437.0 0.1277042E-09
   438.0 0.1326148E-09
   439.0 0.1284213E-09
   440.0 0.1149901E-09
   441.0 0.9247741E-10
   442.0 0.6133985E-10
   443.0 0.2233644E-10
   444.0 -.2347519E-10
   445.0 -.7475328E-10
   446.0 -.1298949E-09
   447.0 -.1870636E-09
   448.0 -.2442268E-09
   449.0 -.2992023E-09
   450.0 -.3497033E-09
   451.0 -.3933964E-09
   452.0 -.4279546E-09
   453.0 -.4511230E-09
   454.0 -.4607702E-09
   455.0 -.4549517E-09
   456.0 -.4319658E-09
   457.0 -.3904025E-09
   458.0 -.3291884E-09
   459.0 -.2476295E-09
   460.0 -.1454371E-09
   461.0 -.2275178E-10
   462.0 0.1198476E-09
   463.0 0.2813421E-09
   464.0 0.4602841E-09
   465.0 0.6548167E-09
   466.0 0.8627076E-09
   467.0 0.1081390E-08
   468.0 0.1308012E-08
   469.0 0.1539496E-08
   470.0 0.1772607E-08
   471.0 0.2004018E-08
   472.0 0.2230385E-08
   473.0 0.2448425E-08
   474.0 0.2654988E-08
   475.0 0.2847134E-08
   476.0 0.3022195E-08
   477.0 0.3177843E-08
   478.0 0.3312142E-08
   479.0 0.3423592E-08
   480.0 0.3511172E-08
   481.0 0.3574350E-08
   482.0 0.3613112E-08
   483.0 0.3627944E-08
   484.0 0.3619822E-08
   485.0 0.3590194E-08
   486.0 0.3540935E-08
   487.0 0.3474293E-08
   488.0 0.3392837E-08
   489.0 0.3299385E-08
   490.0 0.3196930E-08
   491.0 0.3088566E-08
   492.0 0.2977395E-08
   493.0 0.2866458E-08
   494.0 0.2758653E-08
   495.0 0.2656646E-08
   496.0 0.2562823E-08
   497.0 0.2479211E-08
   498.0 0.2407437E-08
   499.0 0.2348680E-08
   500.0 0.2303654E-08
   501.0 0.2272588E-08
   502.0 0.2255230E-08
   503.0 0.2250843E-08
   504.0 0.2258267E-08
   505.0 0.2275937E-08
   506.0 0.2301937E-08
   507.0 0.2334075E-08
   508.0 0.2369931E-08
   509.0 0.2406972E-08
   510.0 0.2442606E-08
   511.0 0.2474282E-08
   512.0 0.2499573E-08
   513.0 0.2516240E-08
   514.0 0.2522343E-08
   515.0 0.2516282E-08
   516.0 0.2496864E-08
   517.0 0.2463338E-08
   518.0 0.2415452E-08
   519.0 0.2353447E-08
   520.0 0.2278071E-08
   521.0 0.2190544E-08
   522.0 0.2092573E-08
   523.0 0.1986243E-08
   524.0 0.1874005E-08
   525.0 0.1758577E-08
   526.0 0.1642871E-08
   527.0 0.1529897E-08
   528.0 0.1422650E-08
   529.0 0.1324026E-08
   530.0 0.1236698E-08
   531.0 0.1163031E-08
   532.0 0.1104989E-08
   533.0 0.1064021E-08
   534.0 0.1041028E-08
   535.0 0.1036268E-08
   536.0 0.1049345E-08
   537.0 0.1079151E-08
   538.0 0.1123897E-08
   539.0 0.1181107E-08
   540.0 0.1247666E-08
   541.0 0.1319891E-08
   542.0 0.1393586E-08
   543.0 0.1464166E-08
   544.0 0.1526771E-08
   545.0 0.1576379E-08
   546.0 0.1607960E-08
   547.0 0.1616634E-08
   548.0 0.1597793E-08
   549.0 0.1547279E-08
   550.0 0.1461530E-08
   551.0 0.1337698E-08
   552.0 0.1173788E-08
   553.0 0.9687571E-09
   554.0 0.7225867E-09
   555.0 0.4363952E-09
   556.0 0.1124109E-09
   557.0 -.2460028E-09
   558.0 -.6343436E-09
   559.0 -.1047073E-08
   560.0 -.1477665E-08
   561.0 -.1918737E-08
   562.0 -.2362194E-08
   563.0 -.2799388E-08
   564.0 -.3221325E-08
   565.0 -.3618861E-08
   566.0 -.3982912E-08
   567.0 -.4304710E-08
   568.0 -.4576020E-08
   569.0 -.4789365E-08
   570.0 -.4938239E-08
   571.0 -.5017342E-08
   572.0 -.5022712E-08
   573.0 -.4951943E-08
   574.0 -.4804244E-08
   575.0 -.4580589E-08
   576.0 -.4283714E-08
   577.0 -.3918191E-08
   578.0 -.3490330E-08
   579.0 -.3008146E-08
   580.0 -.2481214E-08
   581.0 -.1920531E-08
   582.0 -.1338291E-08
   583.0 -.7476698E-09
   584.0 -.1625333E-09
   585.0 0.4028388E-09
   586.0 0.9340729E-09
   587.0 0.1417022E-08
   588.0 0.1838109E-08
   589.0 0.2184645E-08
   590.0 0.2445163E-08
   591.0 0.2609688E-08
   592.0 0.2670046E-08
   593.0 0.2620086E-08
   594.0 0.2455891E-08
   595.0 0.2175927E-08
   596.0 0.1781151E-08
   597.0 0.1275077E-08
   598.0 0.6637484E-09
   599.0 -.4430679E-10
   600.0 -.8382096E-09
   601.0 -.1704895E-08
   602.0 -.2629357E-08
   603.0 -.3594922E-08
   604.0 -.4583576E-08
   605.0 -.5576332E-08
   606.0 -.6553636E-08
   607.0 -.7495760E-08
   608.0 -.8383249E-08
   609.0 -.9197374E-08
   610.0 -.9920520E-08
   611.0 -.1053662E-07
   612.0 -.1103154E-07
   613.0 -.1139343E-07
   614.0 -.1161306E-07
   615.0 -.1168398E-07
   616.0 -.1160281E-07
   617.0 -.1136936E-07
   618.0 -.1098660E-07
   619.0 -.1046083E-07
   620.0 -.9801377E-08
   621.0 -.9020605E-08
   622.0 -.8133645E-08
   623.0 -.7158086E-08
   624.0 -.6113660E-08
   625.0 -.5021818E-08
   626.0 -.3905269E-08
   627.0 -.2787570E-08
   628.0 -.1692527E-08
   629.0 -.6437446E-09
   630.0 0.3359187E-09
   631.0 0.1224863E-08
   632.0 0.2003233E-08
   633.0 0.2653365E-08
   634.0 0.3160216E-08
   635.0 0.3511704E-08
   636.0 0.3699016E-08
   637.0 0.3716811E-08
   638.0 0.3563412E-08
   639.0 0.3240810E-08
   640.0 0.2754711E-08
   641.0 0.2114395E-08
   642.0 0.1332554E-08
   643.0 0.4250273E-09
   644.0 -.5895213E-09
   645.0 -.1690021E-08
   646.0 -.2853435E-08
   647.0 -.4055269E-08
   648.0 -.5270127E-08
   649.0 -.6472238E-08
   650.0 -.7636086E-08
   651.0 -.8736915E-08
   652.0 -.9751375E-08
   653.0 -.1065797E-07
   654.0 -.1143759E-07
   655.0 -.1207393E-07
   656.0 -.1255392E-07
   657.0 -.1286785E-07
   658.0 -.1300985E-07
   659.0 -.1297782E-07
   660.0 -.1277348E-07
   661.0 -.1240247E-07
   662.0 -.1187407E-07
   663.0 -.1120103E-07
   664.0 -.1039924E-07
   665.0 -.9487360E-08
   666.0 -.8486385E-08
   667.0 -.7419094E-08
   668.0 -.6309486E-08
   669.0 -.5182322E-08
   670.0 -.4062339E-08
   671.0 -.2973814E-08
   672.0 -.1939854E-08
   673.0 -.9819249E-09
   674.0 -.1192842E-09
   675.0 0.6314776E-09
   676.0 0.1256805E-08
   677.0 0.1746553E-08
   678.0 0.2094152E-08
   679.0 0.2296801E-08
   680.0 0.2355509E-08
   681.0 0.2274982E-08
   682.0 0.2063566E-08
   683.0 0.1732917E-08
   684.0 0.1297713E-08
   685.0 0.7752305E-09
   686.0 0.1848401E-09
   687.0 -.4525028E-09
   688.0 -.1114890E-08
   689.0 -.1780065E-08
   690.0 -.2426010E-08
   691.0 -.3031665E-08
   692.0 -.3577432E-08
   693.0 -.4045842E-08
   694.0 -.4421998E-08
   695.0 -.4694060E-08
   696.0 -.4853607E-08
   697.0 -.4895897E-08
   698.0 -.4820072E-08
   699.0 -.4629168E-08
   700.0 -.4330106E-08
   701.0 -.3933488E-08
   702.0 -.3453374E-08
   703.0 -.2906816E-08
   704.0 -.2313429E-08
   705.0 -.1694798E-08
   706.0 -.1073830E-08
   707.0 -.4740259E-09
   708.0 0.8126542E-10
   709.0 0.5696156E-09
   710.0 0.9702905E-09
   711.0 0.1265005E-08
   712.0 0.1438672E-08
   713.0 0.1479989E-08
   714.0 0.1382078E-08
   715.0 0.1142887E-08
   716.0 0.7655723E-09
   717.0 0.2586957E-09
   718.0 -.3637063E-09
   719.0 -.1082194E-08
   720.0 -.1872234E-08
   721.0 -.2704459E-08
   722.0 -.3545420E-08
   723.0 -.4358108E-08
   724.0 -.5102896E-08
   725.0 -.5738467E-08
   726.0 -.6222859E-08
   727.0 -.6514601E-08
   728.0 -.6573922E-08
   729.0 -.6363896E-08
   730.0 -.5851720E-08
   731.0 -.5009816E-08
   732.0 -.3816958E-08
   733.0 -.2259225E-08
   734.0 -.3309158E-09
   735.0 0.1964738E-08
   736.0 0.4615128E-08
   737.0 0.7597864E-08
   738.0 0.1088070E-07
   739.0 0.1442165E-07
   740.0 0.1816943E-07
   741.0 0.2206403E-07
   742.0 0.2603756E-07
   743.0 0.3001539E-07
   744.0 0.3391759E-07
   745.0 0.3766011E-07
   746.0 0.4115690E-07
   747.0 0.4432140E-07
   748.0 0.4706873E-07
   749.0 0.4931738E-07
   750.0 0.5099175E-07
   751.0 0.5202364E-07
   752.0 0.5235442E-07
   753.0 0.5193682E-07
   754.0 0.5073669E-07
   755.0 0.4873418E-07
   756.0 0.4592516E-07
   757.0 0.4232206E-07
   758.0 0.3795447E-07
   759.0 0.3286925E-07
   760.0 0.2713051E-07
   761.0 0.2081917E-07
   762.0 0.1403180E-07
   763.0 0.6879529E-08
   764.0 -.5136699E-09
   765.0 -.8013089E-08
   766.0 -.1547550E-07
   767.0 -.2275187E-07
   768.0 -.2969018E-07
   769.0 -.3613859E-07
   770.0 -.4194838E-07
   771.0 -.4697764E-07
   772.0 -.5109392E-07
   773.0 -.5417801E-07
   774.0 -.5612656E-07
   775.0 -.5685506E-07
   776.0 -.5630041E-07
   777.0 -.5442314E-07
   778.0 -.5120897E-07
   779.0 -.4667035E-07
   780.0 -.4084729E-07
   781.0 -.3380751E-07
   782.0 -.2564617E-07
   783.0 -.1648502E-07
   784.0 -.6470886E-08
   785.0 0.4226307E-08
   786.0 0.1541624E-07
   787.0 0.2689132E-07
   788.0 0.3843024E-07
   789.0 0.4980202E-07
   790.0 0.6077054E-07
   791.0 0.7109893E-07
   792.0 0.8055466E-07
   793.0 0.8891454E-07
   794.0 0.9596913E-07
   795.0 0.1015279E-06
   796.0 0.1054244E-06
   797.0 0.1075191E-06
   798.0 0.1077049E-06
   799.0 0.1059092E-06
   800.0 0.1020971E-06
   801.0 0.9627369E-07
   802.0 0.8848536E-07
   803.0 0.7881956E-07
   804.0 0.6740559E-07
   805.0 0.5441260E-07
   806.0 0.4004794E-07
   807.0 0.2455436E-07
   808.0 0.8206062E-08
   809.0 -.8695534E-08
   810.0 -.2582725E-07
   811.0 -.4284955E-07
   812.0 -.5941323E-07
   813.0 -.7516603E-07
   814.0 -.8975923E-07
   815.0 -.1028557E-06
   816.0 -.1141364E-06
   817.0 -.1233078E-06
   818.0 -.1301082E-06
   819.0 -.1343152E-06
   820.0 -.1357497E-06
   821.0 -.1342831E-06
   822.0 -.1298403E-06
   823.0 -.1224030E-06
   824.0 -.1120126E-06
   825.0 -.9877142E-07
   826.0 -.8284217E-07
   827.0 -.6444709E-07
   828.0 -.4386582E-07
   829.0 -.2143107E-07
   830.0 0.2475535E-08
   831.0 0.2742965E-07
   832.0 0.5297126E-07
   833.0 0.7861257E-07
   834.0 0.1038465E-06
   835.0 0.1281564E-06
   836.0 0.1510262E-06
   837.0 0.1719494E-06
   838.0 0.1904411E-06
   839.0 0.2060471E-06
   840.0 0.2183541E-06
   841.0 0.2269994E-06
   842.0 0.2316798E-06
   843.0 0.2321598E-06
   844.0 0.2282768E-06
   845.0 0.2199491E-06
   846.0 0.2071789E-06
   847.0 0.1900561E-06
   848.0 0.1687571E-06
   849.0 0.1435473E-06
   850.0 0.1147771E-06
   851.0 0.8287845E-07
   852.0 0.4835945E-07
   853.0 0.1179685E-07
   854.0 -.2617290E-07
   855.0 -.6486355E-07
   856.0 -.1035505E-06
   857.0 -.1414844E-06
   858.0 -.1779025E-06
   859.0 -.2120449E-06
   860.0 -.2431689E-06
   861.0 -.2705627E-06
   862.0 -.2935604E-06
   863.0 -.3115558E-06
   864.0 -.3240171E-06
   865.0 -.3304994E-06
   866.0 -.3306533E-06
   867.0 -.3242385E-06
   868.0 -.3111304E-06
   869.0 -.2913247E-06
   870.0 -.2649445E-06
   871.0 -.2322416E-06
   872.0 -.1935946E-06
   873.0 -.1495081E-06
   874.0 -.1006067E-06
   875.0 -.4762880E-07
   876.0 0.8584263E-08
   877.0 0.6709892E-07
   878.0 0.1269036E-06
   879.0 0.1869245E-06
   880.0 0.2460417E-06
   881.0 0.3031089E-06
   882.0 0.3569712E-06
   883.0 0.4064880E-06
   884.0 0.4505499E-06
   885.0 0.4881023E-06
   886.0 0.5181630E-06
   887.0 0.5398435E-06
   888.0 0.5523668E-06
   889.0 0.5550835E-06
   890.0 0.5474882E-06
   891.0 0.5292300E-06
   892.0 0.5001272E-06
   893.0 0.4601700E-06
   894.0 0.4095321E-06
   895.0 0.3485679E-06
   896.0 0.2778135E-06
   897.0 0.1979842E-06
   898.0 0.1099665E-06
   899.0 0.1480707E-07
   900.0 -.8629762E-07
   901.0 -.1920186E-06
   902.0 -.3009123E-06
   903.0 -.4114397E-06
   904.0 -.5219914E-06
   905.0 -.6309097E-06
   906.0 -.7365127E-06
   907.0 -.8371258E-06
   908.0 -.9311005E-06
   909.0 -.1016850E-05
   910.0 -.1092864E-05
   911.0 -.1157753E-05
   912.0 -.1210245E-05
   913.0 -.1249236E-05
   914.0 -.1273788E-05
   915.0 -.1283162E-05
   916.0 -.1276825E-05
   917.0 -.1254462E-05
   918.0 -.1215989E-05
   919.0 -.1161549E-05
   920.0 -.1091529E-05
   921.0 -.1006534E-05
   922.0 -.9074088E-06
   923.0 -.7952054E-06
   924.0 -.6711810E-06
   925.0 -.5367784E-06
   926.0 -.3936054E-06
   927.0 -.2434162E-06
   928.0 -.8808217E-07
   929.0 0.7043298E-07
   930.0 0.2301017E-06
   931.0 0.3888645E-06
   932.0 0.5446573E-06
   933.0 0.6954438E-06
   934.0 0.8392463E-06
   935.0 0.9741761E-06
   936.0 0.1098462E-05
   937.0 0.1210470E-05
   938.0 0.1308741E-05
   939.0 0.1392003E-05
   940.0 0.1459192E-05
   941.0 0.1509473E-05
   942.0 0.1542240E-05
   943.0 0.1557143E-05
   944.0 0.1554080E-05
   945.0 0.1533196E-05
   946.0 0.1494895E-05
   947.0 0.1439817E-05
   948.0 0.1368835E-05
   949.0 0.1283040E-05
   950.0 0.1183727E-05
   951.0 0.1072368E-05
   952.0 0.9505940E-06
   953.0 0.8201649E-06
   954.0 0.6829487E-06
   955.0 0.5408856E-06
   956.0 0.3959620E-06
   957.0 0.2501819E-06
   958.0 0.1055307E-06
   959.0 -.3604897E-07
   960.0 -.1726885E-06
   961.0 -.3026213E-06
   962.0 -.4242064E-06
   963.0 -.5359538E-06
   964.0 -.6365452E-06
   965.0 -.7248489E-06
   966.0 -.7999352E-06
   967.0 -.8610917E-06
   968.0 -.9078262E-06
   969.0 -.9398731E-06
   970.0 -.9571928E-06
   971.0 -.9599643E-06
   972.0 -.9485905E-06
   973.0 -.9236740E-06
   974.0 -.8860101E-06
   975.0 -.8365720E-06
   976.0 -.7764925E-06
   977.0 -.7070349E-06
   978.0 -.6295804E-06
   979.0 -.5455982E-06
   980.0 -.4566198E-06
   981.0 -.3642157E-06
   982.0 -.2699684E-06
   983.0 -.1754459E-06
   984.0 -.8217658E-07
   985.0 0.8373900E-08
   986.0 0.9482522E-07
   987.0 0.1759033E-06
   988.0 0.2504581E-06
   989.0 0.3174804E-06
   990.0 0.3761130E-06
   991.0 0.4256642E-06
   992.0 0.4656120E-06
   993.0 0.4956108E-06
   994.0 0.5154909E-06
   995.0 0.5252582E-06
   996.0 0.5250882E-06
   997.0 0.5153190E-06
   998.0 0.4964432E-06
   999.0 0.4690922E-06
  1000.0 0.4340220E-06
  1001.0 0.3921005E-06
  1002.0 0.3442843E-06
  1003.0 0.2916051E-06
  1004.0 0.2351451E-06
  1005.0 0.1760201E-06
  1006.0 0.1153573E-06
  1007.0 0.5427674E-07
  1008.0 -.6129040E-08
  1009.0 -.6481316E-07
  1010.0 -.1207912E-06
  1011.0 -.1731569E-06
  1012.0 -.2210952E-06
  1013.0 -.2638970E-06
  1014.0 -.3009639E-06
  1015.0 -.3318187E-06
  1016.0 -.3561117E-06
  1017.0 -.3736192E-06
  1018.0 -.3842475E-06
  1019.0 -.3880287E-06
  1020.0 -.3851164E-06
  1021.0 -.3757824E-06
  1022.0 -.3604040E-06
  1023.0 -.3394560E-06
  1024.0 -.3134991E-06
  1025.0 -.2831699E-06
  1026.0 -.2491612E-06
  1027.0 -.2122118E-06
  1028.0 -.1730923E-06
  1029.0 -.1325870E-06
  1030.0 -.9148118E-07
  1031.0 -.5054602E-07
  1032.0 -.1052479E-07
  1033.0 0.2787985E-07
  1034.0 0.6401753E-07
  1035.0 0.9730122E-07
  1036.0 0.1272151E-06
  1037.0 0.1533231E-06
  1038.0 0.1752740E-06
  1039.0 0.1928054E-06
  1040.0 0.2057458E-06
  1041.0 0.2140155E-06
  1042.0 0.2176247E-06
  1043.0 0.2166708E-06
  1044.0 0.2113341E-06
  1045.0 0.2018718E-06
  1046.0 0.1886101E-06
  1047.0 0.1719361E-06
  1048.0 0.1522893E-06
  1049.0 0.1301518E-06
  1050.0 0.1060356E-06
  1051.0 0.8047517E-07
  1052.0 0.5401411E-07
  1053.0 0.2719546E-07
  1054.0 0.5512820E-09
  1055.0 -.2540733E-07
  1056.0 -.5019909E-07
  1057.0 -.7338087E-07
  1058.0 -.9455542E-07
  1059.0 -.1133770E-06
  1060.0 -.1295567E-06
  1061.0 -.1428659E-06
  1062.0 -.1531391E-06
  1063.0 -.1602750E-06
  1064.0 -.1642369E-06
  1065.0 -.1650496E-06
  1066.0 -.1627989E-06
  1067.0 -.1576277E-06
  1068.0 -.1497294E-06
  1069.0 -.1393457E-06
  1070.0 -.1267576E-06
  1071.0 -.1122806E-06
  1072.0 -.9625496E-07
  1073.0 -.7904114E-07
  1074.0 -.6101018E-07
  1075.0 -.4253677E-07
  1076.0 -.2399162E-07
  1077.0 -.5734261E-08
  1078.0 0.1189353E-07
  1079.0 0.2857390E-07
  1080.0 0.4401844E-07
  1081.0 0.5797289E-07
  1082.0 0.7022091E-07
  1083.0 0.8058717E-07
  1084.0 0.8893930E-07
  1085.0 0.9518971E-07
  1086.0 0.9929445E-07
  1087.0 0.1012542E-06
  1088.0 0.1011115E-06
  1089.0 0.9894916E-07
  1090.0 0.9488707E-07
  1091.0 0.8907813E-07
  1092.0 0.8170502E-07
  1093.0 0.7297425E-07
  1094.0 0.6311218E-07
  1095.0 0.5235954E-07
  1096.0 0.4096587E-07
  1097.0 0.2918436E-07
  1098.0 0.1726660E-07
  1099.0 0.5457677E-08
  1100.0 -.6008754E-08
  1101.0 -.1691451E-07
  1102.0 -.2706101E-07
  1103.0 -.3627231E-07
  1104.0 -.4439817E-07
  1105.0 -.5131576E-07
  1106.0 -.5693150E-07
  1107.0 -.6118186E-07
  1108.0 -.6403318E-07
  1109.0 -.6548191E-07
  1110.0 -.6555275E-07
  1111.0 -.6429801E-07
  1112.0 -.6179429E-07
  1113.0 -.5814163E-07
  1114.0 -.5345884E-07
  1115.0 -.4788141E-07
  1116.0 -.4155779E-07
  1117.0 -.3464583E-07
  1118.0 -.2730922E-07
  1119.0 -.1971362E-07
  1120.0 -.1202330E-07
  1121.0 -.4397960E-08
  1122.0 0.3010911E-08
  1123.0 0.1006235E-07
  1124.0 0.1662877E-07
  1125.0 0.2259801E-07
  1126.0 0.2787523E-07
  1127.0 0.3238387E-07
  1128.0 0.3606685E-07
  1129.0 0.3888700E-07
  1130.0 0.4082674E-07
  1131.0 0.4188781E-07
  1132.0 0.4209059E-07
  1133.0 0.4147273E-07
  1134.0 0.4008755E-07
  1135.0 0.3800247E-07
  1136.0 0.3529667E-07
  1137.0 0.3205921E-07
  1138.0 0.2838646E-07
  1139.0 0.2437973E-07
  1140.0 0.2014290E-07
  1141.0 0.1578006E-07
  1142.0 0.1139307E-07
  1143.0 0.7079607E-08
  1144.0 0.2931084E-08
  1145.0 -.9690279E-09
  1146.0 -.4546829E-08
  1147.0 -.7739104E-08
  1148.0 -.1049428E-07
  1149.0 -.1277311E-07
  1150.0 -.1454897E-07
  1151.0 -.1580796E-07
  1152.0 -.1654853E-07
  1153.0 -.1678109E-07
  1154.0 -.1652733E-07
  1155.0 -.1581872E-07
  1156.0 -.1469609E-07
  1157.0 -.1320761E-07
  1158.0 -.1140777E-07
  1159.0 -.9355579E-08
  1160.0 -.7113083E-08
  1161.0 -.4743784E-08
  1162.0 -.2311005E-08
  1163.0 0.1235820E-09
  1164.0 0.2501291E-08
  1165.0 0.4767772E-08
  1166.0 0.6874094E-08
  1167.0 0.8777695E-08
  1168.0 0.1044308E-07
  1169.0 0.1184250E-07
  1170.0 0.1295613E-07
  1171.0 0.1377229E-07
  1172.0 0.1428745E-07
  1173.0 0.1450584E-07
  1174.0 0.1443906E-07
  1175.0 0.1410554E-07
  1176.0 0.1352966E-07
  1177.0 0.1274091E-07
  1178.0 0.1177315E-07
  1179.0 0.1066318E-07
  1180.0 0.9449968E-08
  1181.0 0.8173524E-08
  1182.0 0.6873641E-08
  1183.0 0.5589101E-08
  1184.0 0.4356550E-08
  1185.0 0.3209650E-08
  1186.0 0.2178332E-08
  1187.0 0.1288100E-08
  1188.0 0.5595184E-09
  1189.0 0.7857451E-11
  1190.0 -.3571953E-09
  1191.0 -.5315799E-09
  1192.0 -.5167859E-09
  1193.0 -.3196841E-09
  1194.0 0.4782566E-10
  1195.0 0.5693049E-09
  1196.0 0.1224284E-08
  1197.0 0.1988958E-08
  1198.0 0.2836908E-08
  1199.0 0.3739854E-08
  1200.0 0.4668454E-08
  1201.0 0.5593185E-08
  1202.0 0.6485043E-08
  1203.0 0.7316359E-08
  1204.0 0.8061519E-08
  1205.0 0.8697621E-08
  1206.0 0.9205015E-08
  1207.0 0.9567776E-08
  1208.0 0.9774098E-08
  1209.0 0.9816517E-08
  1210.0 0.9692060E-08
  1211.0 0.9402267E-08
  1212.0 0.8953097E-08
  1213.0 0.8354746E-08
  1214.0 0.7621249E-08
  1215.0 0.6770188E-08
  1216.0 0.5822106E-08
  1217.0 0.4800045E-08
  1218.0 0.3728848E-08
  1219.0 0.2634556E-08
  1220.0 0.1543738E-08
  1221.0 0.4827866E-09
  1222.0 -.5226889E-09
  1223.0 -.1448571E-08
  1224.0 -.2272765E-08
  1225.0 -.2975749E-08
  1226.0 -.3541035E-08
  1227.0 -.3955571E-08
  1228.0 -.4210027E-08
  1229.0 -.4298944E-08
  1230.0 -.4220929E-08
  1231.0 -.3978572E-08
  1232.0 -.3578422E-08
  1233.0 -.3030739E-08
  1234.0 -.2349274E-08
  1235.0 -.1550858E-08
  1236.0 -.6550269E-09
  1237.0 0.3164961E-09
  1238.0 0.1340337E-08
  1239.0 0.2391991E-08
  1240.0 0.3446473E-08
  1241.0 0.4478852E-08
  1242.0 0.5464839E-08
  1243.0 0.6381403E-08
  1244.0 0.7207194E-08
  1245.0 0.7923123E-08
  1246.0 0.8512692E-08
  1247.0 0.8962361E-08
  1248.0 0.9261898E-08
  1249.0 0.9404472E-08
  1250.0 0.9386808E-08
  1251.0 0.9209216E-08
  1252.0 0.8875557E-08
  1253.0 0.8393056E-08
  1254.0 0.7772144E-08
  1255.0 0.7026129E-08
  1256.0 0.6170844E-08
  1257.0 0.5224313E-08
  1258.0 0.4206257E-08
  1259.0 0.3137621E-08
  1260.0 0.2040124E-08
  1261.0 0.9356809E-09
  1262.0 -.1540065E-09
  1263.0 -.1207993E-08
  1264.0 -.2206508E-08
  1265.0 -.3131401E-08
  1266.0 -.3966489E-08
  1267.0 -.4697887E-08
  1268.0 -.5314268E-08
  1269.0 -.5807066E-08
  1270.0 -.6170551E-08
  1271.0 -.6401962E-08
  1272.0 -.6501447E-08
  1273.0 -.6471934E-08
  1274.0 -.6319124E-08
  1275.0 -.6051129E-08
  1276.0 -.5678340E-08
  1277.0 -.5213037E-08
  1278.0 -.4669100E-08
  1279.0 -.4061631E-08
  1280.0 -.3406557E-08
  1281.0 -.2720248E-08
  1282.0 -.2019120E-08
  1283.0 -.1319248E-08
  1284.0 -.6360197E-09
  1285.0 0.1622120E-10
  1286.0 0.6244548E-09
  1287.0 0.1177246E-08
  1288.0 0.1664961E-08
  1289.0 0.2079886E-08
  1290.0 0.2416421E-08
  1291.0 0.2671007E-08
  1292.0 0.2842230E-08
  1293.0 0.2930690E-08
  1294.0 0.2938915E-08
  1295.0 0.2871218E-08
  1296.0 0.2733480E-08
  1297.0 0.2532935E-08
  1298.0 0.2277928E-08
  1299.0 0.1977591E-08
  1300.0 0.1641611E-08
  1301.0 0.1279892E-08
  1302.0 0.9023171E-09
  1303.0 0.5184138E-09
  1304.0 0.1371621E-09
  1305.0 -.2332821E-09
  1306.0 -.5857744E-09
  1307.0 -.9143238E-09
  1308.0 -.1214235E-08
  1309.0 -.1482178E-08
  1310.0 -.1716207E-08
  1311.0 -.1915781E-08
  1312.0 -.2081701E-08
  1313.0 -.2215981E-08
  1314.0 -.2321770E-08
  1315.0 -.2403154E-08
  1316.0 -.2464961E-08
  1317.0 -.2512551E-08
  1318.0 -.2551632E-08
  1319.0 -.2587926E-08
  1320.0 -.2627016E-08
  1321.0 -.2674117E-08
  1322.0 -.2733782E-08
  1323.0 -.2809780E-08
  1324.0 -.2904901E-08
  1325.0 -.3020794E-08
  1326.0 -.3157906E-08
  1327.0 -.3315413E-08
  1328.0 -.3491152E-08
  1329.0 -.3681710E-08
  1330.0 -.3882436E-08
  1331.0 -.4087601E-08
  1332.0 -.4290488E-08
  1333.0 -.4483622E-08
  1334.0 -.4658971E-08
  1335.0 -.4808179E-08
  1336.0 -.4922845E-08
  1337.0 -.4994778E-08
  1338.0 -.5016258E-08
  1339.0 -.4980375E-08
  1340.0 -.4881238E-08
  1341.0 -.4714232E-08
  1342.0 -.4476252E-08
  1343.0 -.4165876E-08
  1344.0 -.3783530E-08
  1345.0 -.3331566E-08
  1346.0 -.2814357E-08
  1347.0 -.2238270E-08
  1348.0 -.1611631E-08
  1349.0 -.9446045E-09
  1350.0 -.2490794E-09
  1351.0 0.4615867E-09
  1352.0 0.1172784E-08
  1353.0 0.1868973E-08
  1354.0 0.2534008E-08
  1355.0 0.3151492E-08
  1356.0 0.3705176E-08
  1357.0 0.4179341E-08
  1358.0 0.4559217E-08
  1359.0 0.4831378E-08
  1360.0 0.4984073E-08
  1361.0 0.5007668E-08
  1362.0 0.4894904E-08
  1363.0 0.4641164E-08
  1364.0 0.4244769E-08
  1365.0 0.3707065E-08
  1366.0 0.3032585E-08
  1367.0 0.2229062E-08
  1368.0 0.1307398E-08
  1369.0 0.2815643E-09
  1370.0 -.8315929E-09
  1371.0 -.2012577E-08
  1372.0 -.3239570E-08
  1373.0 -.4488837E-08
  1374.0 -.5735098E-08
  1375.0 -.6952072E-08
  1376.0 -.8112957E-08
  1377.0 -.9191015E-08
  1378.0 -.1016009E-07
  1379.0 -.1099520E-07
  1380.0 -.1167314E-07
  1381.0 -.1217297E-07
  1382.0 -.1247658E-07
  1383.0 -.1256913E-07
  1384.0 -.1243949E-07
  1385.0 -.1208056E-07
  1386.0 -.1148963E-07
  1387.0 -.1066852E-07
  1388.0 -.9623721E-08
  1389.0 -.8366418E-08
  1390.0 -.6912445E-08
  1391.0 -.5282073E-08
  1392.0 -.3499800E-08
  1393.0 -.1594010E-08
  1394.0 0.4034949E-09
  1395.0 0.2457970E-08
  1396.0 0.4532347E-08
  1397.0 0.6587799E-08
  1398.0 0.8584545E-08
  1399.0 0.1048250E-07
  1400.0 0.1224200E-07
  1401.0 0.1382466E-07
  1402.0 0.1519403E-07
  1403.0 0.1631640E-07
  1404.0 0.1716147E-07
  1405.0 0.1770304E-07
  1406.0 0.1791948E-07
  1407.0 0.1779445E-07
  1408.0 0.1731710E-07
  1409.0 0.1648258E-07
  1410.0 0.1529221E-07
  1411.0 0.1375366E-07
  1412.0 0.1188083E-07
  1413.0 0.9693863E-08
  1414.0 0.7218925E-08
  1415.0 0.4487839E-08
  1416.0 0.1537660E-08
  1417.0 -.1589870E-08
  1418.0 -.4848913E-08
  1419.0 -.8190292E-08
  1420.0 -.1156222E-07
  1421.0 -.1491117E-07
  1422.0 -.1818283E-07
  1423.0 -.2132276E-07
  1424.0 -.2427766E-07
  1425.0 -.2699597E-07
  1426.0 -.2942896E-07
  1427.0 -.3153154E-07
  1428.0 -.3326286E-07
  1429.0 -.3458745E-07
  1430.0 -.3547550E-07
  1431.0 -.3590365E-07
  1432.0 -.3585528E-07
  1433.0 -.3532094E-07
  1434.0 -.3429860E-07
  1435.0 -.3279382E-07
  1436.0 -.3081945E-07
  1437.0 -.2839575E-07
  1438.0 -.2555015E-07
  1439.0 -.2231663E-07
  1440.0 -.1873542E-07
  1441.0 -.1485235E-07
  1442.0 -.1071805E-07
  1443.0 -.6387376E-08
  1444.0 -.1918358E-08
  1445.0 0.2628530E-08
  1446.0 0.7191429E-08
  1447.0 0.1170802E-07
  1448.0 0.1611648E-07
  1449.0 0.2035640E-07
  1450.0 0.2436983E-07
  1451.0 0.2810213E-07
  1452.0 0.3150266E-07
  1453.0 0.3452583E-07
  1454.0 0.3713154E-07
  1455.0 0.3928587E-07
  1456.0 0.4096165E-07
  1457.0 0.4213863E-07
  1458.0 0.4280403E-07
  1459.0 0.4295247E-07
  1460.0 0.4258602E-07
  1461.0 0.4171413E-07
  1462.0 0.4035371E-07
  1463.0 0.3852820E-07
  1464.0 0.3626773E-07
  1465.0 0.3360830E-07
  1466.0 0.3059125E-07
  1467.0 0.2726258E-07
  1468.0 0.2367200E-07
  1469.0 0.1987251E-07
  1470.0 0.1591926E-07
  1471.0 0.1186873E-07
  1472.0 0.7777953E-08
  1473.0 0.3703555E-08
  1474.0 -.2990660E-09
  1475.0 -.4176574E-08
  1476.0 -.7878450E-08
  1477.0 -.1135771E-07
  1478.0 -.1457156E-07
  1479.0 -.1748197E-07
  1480.0 -.2005616E-07
  1481.0 -.2226690E-07
  1482.0 -.2409308E-07
  1483.0 -.2551952E-07
  1484.0 -.2653746E-07
  1485.0 -.2714415E-07
  1486.0 -.2734318E-07
  1487.0 -.2714390E-07
  1488.0 -.2656143E-07
  1489.0 -.2561607E-07
  1490.0 -.2433306E-07
  1491.0 -.2274186E-07
  1492.0 -.2087579E-07
  1493.0 -.1877122E-07
  1494.0 -.1646712E-07
  1495.0 -.1400428E-07
  1496.0 -.1142459E-07
  1497.0 -.8770534E-08
  1498.0 -.6084234E-08
  1499.0 -.3407116E-08
  1500.0 -.7790584E-09
  1501.0 0.1762075E-08
  1502.0 0.4181019E-08
  1503.0 0.6445546E-08
  1504.0 0.8526889E-08
  1505.0 0.1040010E-07
  1506.0 0.1204432E-07
  1507.0 0.1344296E-07
  1508.0 0.1458386E-07
  1509.0 0.1545930E-07
  1510.0 0.1606604E-07
  1511.0 0.1640516E-07
  1512.0 0.1648191E-07
  1513.0 0.1630556E-07
  1514.0 0.1588900E-07
  1515.0 0.1524852E-07
  1516.0 0.1440338E-07
  1517.0 0.1337540E-07
  1518.0 0.1218852E-07
  1519.0 0.1086834E-07
  1520.0 0.9441668E-08
  1521.0 0.7936025E-08
  1522.0 0.6379142E-08
  1523.0 0.4798562E-08
  1524.0 0.3221141E-08
  1525.0 0.1672646E-08
  1526.0 0.1773780E-09
  1527.0 -.1242185E-08
  1528.0 -.2565697E-08
  1529.0 -.3775205E-08
  1530.0 -.4855368E-08
  1531.0 -.5793602E-08
  1532.0 -.6580222E-08
  1533.0 -.7208476E-08
  1534.0 -.7674596E-08
  1535.0 -.7977675E-08
  1536.0 -.8119670E-08
  1537.0 -.8105224E-08
  1538.0 -.7941500E-08
  1539.0 -.7637966E-08
  1540.0 -.7206197E-08
  1541.0 -.6659513E-08
  1542.0 -.6012786E-08
  1543.0 -.5282082E-08
  1544.0 -.4484340E-08
  1545.0 -.3637078E-08
  1546.0 -.2758062E-08
  1547.0 -.1864972E-08
  1548.0 -.9751252E-09
  1549.0 -.1051645E-09
  1550.0 0.7291991E-09
  1551.0 0.1513435E-08
  1552.0 0.2234405E-08
  1553.0 0.2880554E-08
  1554.0 0.3442072E-08
  1555.0 0.3910994E-08
  1556.0 0.4281301E-08
  1557.0 0.4548969E-08
  1558.0 0.4711970E-08
  1559.0 0.4770285E-08
  1560.0 0.4725780E-08
  1561.0 0.4582203E-08
  1562.0 0.4345029E-08
  1563.0 0.4021297E-08
  1564.0 0.3619486E-08
  1565.0 0.3149300E-08
  1566.0 0.2621477E-08
  1567.0 0.2047592E-08
  1568.0 0.1439794E-08
  1569.0 0.8106056E-09
  1570.0 0.1726906E-09
  1571.0 -.4613748E-09
  1572.0 -.1079333E-08
  1573.0 -.1669433E-08
  1574.0 -.2220658E-08
  1575.0 -.2722853E-08
  1576.0 -.3166946E-08
  1577.0 -.3545059E-08
  1578.0 -.3850619E-08
  1579.0 -.4078455E-08
  1580.0 -.4224887E-08
  1581.0 -.4287705E-08
  1582.0 -.4266271E-08
  1583.0 -.4161436E-08
  1584.0 -.3975533E-08
  1585.0 -.3712300E-08
  1586.0 -.3376821E-08
  1587.0 -.2975406E-08
  1588.0 -.2515462E-08
  1589.0 -.2005343E-08
  1590.0 -.1454242E-08
  1591.0 -.8719654E-09
  1592.0 -.2688099E-09
  1593.0 0.3446414E-09
  1594.0 0.9577028E-09
  1595.0 0.1559753E-08
  1596.0 0.2140411E-08
  1597.0 0.2689722E-08
  1598.0 0.3198294E-08
  1599.0 0.3657472E-08
  1600.0 0.4059453E-08
  1601.0 0.4397421E-08
  1602.0 0.4665628E-08
  1603.0 0.4859516E-08
  1604.0 0.4975704E-08
  1605.0 0.5012148E-08
  1606.0 0.4968041E-08
  1607.0 0.4843895E-08
  1608.0 0.4641486E-08
  1609.0 0.4363821E-08
  1610.0 0.4015082E-08
  1611.0 0.3600534E-08
  1612.0 0.3126461E-08
  1613.0 0.2600025E-08
  1614.0 0.2029165E-08
  1615.0 0.1422451E-08
  1616.0 0.7889629E-09
  1617.0 0.1381222E-09
  1618.0 -.5204440E-09
  1619.0 -.1177058E-08
  1620.0 -.1822144E-08
  1621.0 -.2446376E-08
  1622.0 -.3040813E-08
  1623.0 -.3597036E-08
  1624.0 -.4107282E-08
  1625.0 -.4564527E-08
  1626.0 -.4962609E-08
  1627.0 -.5296335E-08
  1628.0 -.5561482E-08
  1629.0 -.5754910E-08
  1630.0 -.5874572E-08
  1631.0 -.5919538E-08
  1632.0 -.5889997E-08
  1633.0 -.5787230E-08
  1634.0 -.5613615E-08
  1635.0 -.5372504E-08
  1636.0 -.5068226E-08
  1637.0 -.4706010E-08
  1638.0 -.4291837E-08
  1639.0 -.3832416E-08
  1640.0 -.3335015E-08
  1641.0 -.2807369E-08
  1642.0 -.2257561E-08
  1643.0 -.1693902E-08
  1644.0 -.1124787E-08
  1645.0 -.5585820E-09
  1646.0 -.3499191E-11
  1647.0 0.5325270E-09
  1648.0 0.1041950E-08
  1649.0 0.1517718E-08
  1650.0 0.1953376E-08
  1651.0 0.2343137E-08
  1652.0 0.2681983E-08
  1653.0 0.2965708E-08
  1654.0 0.3190989E-08
  1655.0 0.3355398E-08
  1656.0 0.3457445E-08
  1657.0 0.3496595E-08
  1658.0 0.3473236E-08
  1659.0 0.3388695E-08
  1660.0 0.3245178E-08
  1661.0 0.3045748E-08
  1662.0 0.2794264E-08
  1663.0 0.2495315E-08
  1664.0 0.2154145E-08
  1665.0 0.1776579E-08
  1666.0 0.1368913E-08
  1667.0 0.9378412E-09
  1668.0 0.4903433E-09
  1669.0 0.3358343E-10
  1670.0 -.4251962E-09
  1671.0 -.8787750E-09
  1672.0 -.1320060E-08
  1673.0 -.1742187E-08
  1674.0 -.2138614E-08
  1675.0 -.2503209E-08
  1676.0 -.2830349E-08
  1677.0 -.3114977E-08
  1678.0 -.3352674E-08
  1679.0 -.3539738E-08
  1680.0 -.3673203E-08
  1681.0 -.3750899E-08
  1682.0 -.3771461E-08
  1683.0 -.3734362E-08
  1684.0 -.3639918E-08
  1685.0 -.3489246E-08
  1686.0 -.3284299E-08
  1687.0 -.3027797E-08
  1688.0 -.2723201E-08
  1689.0 -.2374659E-08
  1690.0 -.1986970E-08
  1691.0 -.1565473E-08
  1692.0 -.1116016E-08
  1693.0 -.6448496E-09
  1694.0 -.1585466E-09
  1695.0 0.3360849E-09
  1696.0 0.8321001E-09
  1697.0 0.1322508E-08
  1698.0 0.1800375E-08
  1699.0 0.2258913E-08
  1700.0 0.2691579E-08
  1701.0 0.3092167E-08
  1702.0 0.3454881E-08
  1703.0 0.3774430E-08
  1704.0 0.4046110E-08
  1705.0 0.4265829E-08
  1706.0 0.4430227E-08
  1707.0 0.4536675E-08
  1708.0 0.4583330E-08
  1709.0 0.4569175E-08
  1710.0 0.4494016E-08
  1711.0 0.4358502E-08
  1712.0 0.4164112E-08
  1713.0 0.3913142E-08
  1714.0 0.3608664E-08
  1715.0 0.3254511E-08
  1716.0 0.2855213E-08
  1717.0 0.2415908E-08
  1718.0 0.1942331E-08
  1719.0 0.1440700E-08
  1720.0 0.9176214E-09
  1721.0 0.3800250E-09
  1722.0 -.1649519E-09
  1723.0 -.7100458E-09
  1724.0 -.1247991E-08
  1725.0 -.1771601E-08
  1726.0 -.2273882E-08
  1727.0 -.2748137E-08
  1728.0 -.3188043E-08
  1729.0 -.3587761E-08
  1730.0 -.3942007E-08
  1731.0 -.4246139E-08
  1732.0 -.4496217E-08
  1733.0 -.4689038E-08
  1734.0 -.4822254E-08
  1735.0 -.4894310E-08
  1736.0 -.4904544E-08
  1737.0 -.4853128E-08
  1738.0 -.4741137E-08
  1739.0 -.4570482E-08
  1740.0 -.4343894E-08
  1741.0 -.4064876E-08
  1742.0 -.3737654E-08
  1743.0 -.3367122E-08
  1744.0 -.2958748E-08
  1745.0 -.2518489E-08
  1746.0 -.2052730E-08
  1747.0 -.1568154E-08
  1748.0 -.1071648E-08
  1749.0 -.5702027E-09
  1750.0 -.7080585E-10
  1751.0 0.4196687E-09
  1752.0 0.8945646E-09
  1753.0 0.1347537E-08
  1754.0 0.1772657E-08
  1755.0 0.2164490E-08
  1756.0 0.2518185E-08
  1757.0 0.2829534E-08
  1758.0 0.3095032E-08
  1759.0 0.3311932E-08
  1760.0 0.3478284E-08
  1761.0 0.3592926E-08
  1762.0 0.3655533E-08
  1763.0 0.3666580E-08
  1764.0 0.3627334E-08
  1765.0 0.3539820E-08
  1766.0 0.3406799E-08
  1767.0 0.3231655E-08
  1768.0 0.3018398E-08
  1769.0 0.2771547E-08
  1770.0 0.2496049E-08
  1771.0 0.2197202E-08
  1772.0 0.1880545E-08
  1773.0 0.1551780E-08
  1774.0 0.1216658E-08
  1775.0 0.8808844E-09
  1776.0 0.5500204E-09
  1777.0 0.2293981E-09
  1778.0 -.7598256E-10
  1779.0 -.3615126E-09
  1780.0 -.6230600E-09
  1781.0 -.8570324E-09
  1782.0 -.1060420E-08
  1783.0 -.1230845E-08
  1784.0 -.1366580E-08
  1785.0 -.1466575E-08
  1786.0 -.1530453E-08
  1787.0 -.1558498E-08
  1788.0 -.1551648E-08
  1789.0 -.1511445E-08
  1790.0 -.1440002E-08
  1791.0 -.1339951E-08
  1792.0 -.1214370E-08
  1793.0 -.1066726E-08
  1794.0 -.9007945E-09
  1795.0 -.7205798E-09
  1796.0 -.5302299E-09
  1797.0 -.3339622E-09
  1798.0 -.1359698E-09
  1799.0 0.5965358E-10
  1800.0 0.2489922E-09
  1801.0 0.4283817E-09
  1802.0 0.5944757E-09
  1803.0 0.7442977E-09
  1804.0 0.8753025E-09
  1805.0 0.9854084E-09
  1806.0 0.1073024E-08
  1807.0 0.1137080E-08
  1808.0 0.1177027E-08
  1809.0 0.1192842E-08
  1810.0 0.1185006E-08
  1811.0 0.1154490E-08
  1812.0 0.1102719E-08
  1813.0 0.1031539E-08
  1814.0 0.9431473E-09
  1815.0 0.8400700E-09
  1816.0 0.7250693E-09
  1817.0 0.6011023E-09
  1818.0 0.4712407E-09
  1819.0 0.3386103E-09
  1820.0 0.2063167E-09
  1821.0 0.7738474E-10
  1822.0 -.4530963E-10
  1823.0 -.1590953E-09
  1824.0 -.2615611E-09
  1825.0 -.3506033E-09
  1826.0 -.4244642E-09
  1827.0 -.4817640E-09
  1828.0 -.5215260E-09
  1829.0 -.5431902E-09
  1830.0 -.5466142E-09
  1831.0 -.5320751E-09
  1832.0 -.5002543E-09
  1833.0 -.4522165E-09
  1834.0 -.3893798E-09
  1835.0 -.3134801E-09
  1836.0 -.2265280E-09
  1837.0 -.1307615E-09
  1838.0 -.2859541E-10
  1839.0 0.7743538E-10
  1840.0 0.1847329E-09
  1841.0 0.2906902E-09
  1842.0 0.3927509E-09
  1843.0 0.4884636E-09
  1844.0 0.5755322E-09
  1845.0 0.6518624E-09
  1846.0 0.7156078E-09
  1847.0 0.7652041E-09
  1848.0 0.7993991E-09
  1849.0 0.8172785E-09
  1850.0 0.8182773E-09
  1851.0 0.8021927E-09
  1852.0 0.7691829E-09
  1853.0 0.7197538E-09
  1854.0 0.6547583E-09
  1855.0 0.5753578E-09
  1856.0 0.4830099E-09
  1857.0 0.3794253E-09
  1858.0 0.2665343E-09
  1859.0 0.1464433E-09
  1860.0 0.2138836E-10
  1861.0 -.1063097E-09
  1862.0 -.2342928E-09
  1863.0 -.3602162E-09
  1864.0 -.4817923E-09
  1865.0 -.5968381E-09
  1866.0 -.7033151E-09
  1867.0 -.7993675E-09
  1868.0 -.8833571E-09
  1869.0 -.9538916E-09
  1870.0 -.1009848E-08
  1871.0 -.1050385E-08
  1872.0 -.1074962E-08
  1873.0 -.1083338E-08
  1874.0 -.1075569E-08
  1875.0 -.1052008E-08
  1876.0 -.1013287E-08
  1877.0 -.9602942E-09
  1878.0 -.8941589E-09
  1879.0 -.8162206E-09
  1880.0 -.7279990E-09
  1881.0 -.6311593E-09
  1882.0 -.5274775E-09
  1883.0 -.4188052E-09
  1884.0 -.3070314E-09
  1885.0 -.1940474E-09
  1886.0 -.8170942E-10
  1887.0 0.2819144E-10
  1888.0 0.1339627E-09
  1889.0 0.2340365E-09
  1890.0 0.3269947E-09
  1891.0 0.4115879E-09
  1892.0 0.4867535E-09
  1893.0 0.5516250E-09
  1894.0 0.6055405E-09
  1895.0 0.6480452E-09
  1896.0 0.6788908E-09
  1897.0 0.6980297E-09
  1898.0 0.7056042E-09
  1899.0 0.7019352E-09
  1900.0 0.6875094E-09
  1901.0 0.6629574E-09
  1902.0 0.6290368E-09
  1903.0 0.5866100E-09
  1904.0 0.5366227E-09
  1905.0 0.4800821E-09
  1906.0 0.4180367E-09
  1907.0 0.3515513E-09
  1908.0 0.2816921E-09
  1909.0 0.2095052E-09
  1910.0 0.1360030E-09
  1911.0 0.6214795E-10
  1912.0 -.1115767E-10
  1913.0 -.8308124E-10
  1914.0 -.1528671E-09
  1915.0 -.2198384E-09
  1916.0 -.2834039E-09
  1917.0 -.3430486E-09
  1918.0 -.3983422E-09
  1919.0 -.4489280E-09
  1920.0 -.4945169E-09
  1921.0 -.5348865E-09
  1922.0 -.5698662E-09
  1923.0 -.5993367E-09
  1924.0 -.6232205E-09
  1925.0 -.6414675E-09
  1926.0 -.6540624E-09
  1927.0 -.6610030E-09
  1928.0 -.6623068E-09
  1929.0 -.6580073E-09
  1930.0 -.6481408E-09
  1931.0 -.6327615E-09
  1932.0 -.6119327E-09
  1933.0 -.5857292E-09
  1934.0 -.5542454E-09
  1935.0 -.5175988E-09
  1936.0 -.4759337E-09
  1937.0 -.4294281E-09
  1938.0 -.3783046E-09
  1939.0 -.3228298E-09
  1940.0 -.2633267E-09
  1941.0 -.2001778E-09
  1942.0 -.1338318E-09
  1943.0 -.6480406E-10
  1944.0 0.6318785E-11
  1945.0 0.7887984E-10
  1946.0 0.1521533E-09
  1947.0 0.2253492E-09
  1948.0 0.2976197E-09
  1949.0 0.3680669E-09
  1950.0 0.4357538E-09
  1951.0 0.4997197E-09
  1952.0 0.5589899E-09
  1953.0 0.6125977E-09
  1954.0 0.6596008E-09
  1955.0 0.6990952E-09
  1956.0 0.7302440E-09
  1957.0 0.7522895E-09
  1958.0 0.7645747E-09
  1959.0 0.7665635E-09
  1960.0 0.7578576E-09
  1961.0 0.7382104E-09
  1962.0 0.7075387E-09
  1963.0 0.6659419E-09
  1964.0 0.6136979E-09
  1965.0 0.5512762E-09
  1966.0 0.4793325E-09
  1967.0 0.3987123E-09
  1968.0 0.3104358E-09
  1969.0 0.2156940E-09
  1970.0 0.1158288E-09
  1971.0 0.1231725E-10
  1972.0 -.9325132E-10
  1973.0 -.1992005E-09
  1974.0 -.3037944E-09
  1975.0 -.4052670E-09
  1976.0 -.5018557E-09
  1977.0 -.5918298E-09
  1978.0 -.6735305E-09
  1979.0 -.7453936E-09
  1980.0 -.8059926E-09
  1981.0 -.8540588E-09
  1982.0 -.8885162E-09
  1983.0 -.9085012E-09
  1984.0 -.9133878E-09
  1985.0 -.9028024E-09
  1986.0 -.8766360E-09
  1987.0 -.8350554E-09
  1988.0 -.7785027E-09
  1989.0 -.7076917E-09
  1990.0 -.6236041E-09
  1991.0 -.5274742E-09
  1992.0 -.4207699E-09
  1993.0 -.3051665E-09
  1994.0 -.1825271E-09
  1995.0 -.5486032E-10
  1996.0 0.7570580E-10
  1997.0 0.2069686E-09
  1998.0 0.3366871E-09
  1999.0 0.4626259E-09
  2000.0 0.5825956E-09
  2001.0 0.6944958E-09
  2002.0 0.7963550E-09
  2003.0 0.8863692E-09
  2004.0 0.9629383E-09
  2005.0 0.1024701E-08
  2006.0 0.1070552E-08
  2007.0 0.1099680E-08
  2008.0 0.1111581E-08
  2009.0 0.1106060E-08
  2010.0 0.1083252E-08
  2011.0 0.1043613E-08
  2012.0 0.9879165E-09
  2013.0 0.9172391E-09
  2014.0 0.8329422E-09
  2015.0 0.7366489E-09
  2016.0 0.6302122E-09
  2017.0 0.5156811E-09
  2018.0 0.3952614E-09
  2019.0 0.2712754E-09
  2020.0 0.1461142E-09
  2021.0 0.2219209E-10
  2022.0 -.9810012E-10
  2023.0 -.2124427E-09
  2024.0 -.3186316E-09
  2025.0 -.4146275E-09
  2026.0 -.4985903E-09
  2027.0 -.5689227E-09
  2028.0 -.6243026E-09
  2029.0 -.6637076E-09
  2030.0 -.6864382E-09
  2031.0 -.6921391E-09
  2032.0 -.6808003E-09
  2033.0 -.6527690E-09
  2034.0 -.6087358E-09
  2035.0 -.5497326E-09
  2036.0 -.4771071E-09
  2037.0 -.3925025E-09
  2038.0 -.2978261E-09
  2039.0 -.1952138E-09
  2040.0 -.8698944E-10
  2041.0 0.2438124E-10
  2042.0 0.1363367E-09
  2043.0 0.2462715E-09
  2044.0 0.3515869E-09
  2045.0 0.4497422E-09
  2046.0 0.5383080E-09
  2047.0 0.6150149E-09
  2048.0 0.6778003E-09
  2049.0 0.7248521E-09
  2050.0 0.7546506E-09
  2051.0 0.7659982E-09
  2052.0 0.7580476E-09
  2053.0 0.7303301E-09
  2054.0 0.6827632E-09
  2055.0 0.6156622E-09
  2056.0 0.5297390E-09
  2057.0 0.4260936E-09
  2058.0 0.3062026E-09
  2059.0 0.1718953E-09
  2060.0 0.2532364E-10
  2061.0 -.1310713E-09
  2062.0 -.2946004E-09
  2063.0 -.4623749E-09
  2064.0 -.6313524E-09
  2065.0 -.7983969E-09
  2066.0 -.9603287E-09
  2067.0 -.1113988E-08
  2068.0 -.1256286E-08
  2069.0 -.1384267E-08
  2070.0 -.1495170E-08
  2071.0 -.1586466E-08
  2072.0 -.1655925E-08
  2073.0 -.1701642E-08
  2074.0 -.1722095E-08
  2075.0 -.1716166E-08
  2076.0 -.1683170E-08
  2077.0 -.1622874E-08
  2078.0 -.1535511E-08
  2079.0 -.1421780E-08
  2080.0 -.1282837E-08
  2081.0 -.1120293E-08
  2082.0 -.9361826E-09
  2083.0 -.7329406E-09
  2084.0 -.5133651E-09
  2085.0 -.2805736E-09
  2086.0 -.3795779E-10
  2087.0 0.2108722E-09
  2088.0 0.4621434E-09
  2089.0 0.7119864E-09
  2090.0 0.9564876E-09
  2091.0 0.1191771E-08
  2092.0 0.1414038E-08
  2093.0 0.1619659E-08
  2094.0 0.1805211E-08
  2095.0 0.1967555E-08
  2096.0 0.2103877E-08
  2097.0 0.2211739E-08
  2098.0 0.2289136E-08
  2099.0 0.2334503E-08
  2100.0 0.2346787E-08
  2101.0 0.2325427E-08
  2102.0 0.2270395E-08
  2103.0 0.2182189E-08
  2104.0 0.2061829E-08
  2105.0 0.1910852E-08
  2106.0 0.1731286E-08
  2107.0 0.1525617E-08
  2108.0 0.1296756E-08
  2109.0 0.1048001E-08
  2110.0 0.7829795E-09
  2111.0 0.5055926E-09
  2112.0 0.2199562E-09
  2113.0 -.6966457E-10
  2114.0 -.3589206E-09
  2115.0 -.6434504E-09
  2116.0 -.9189475E-09
  2117.0 -.1181233E-08
  2118.0 -.1426321E-08
  2119.0 -.1650473E-08
  2120.0 -.1850285E-08
  2121.0 -.2022708E-08
  2122.0 -.2165124E-08
  2123.0 -.2275375E-08
  2124.0 -.2351818E-08
  2125.0 -.2393317E-08
  2126.0 -.2399293E-08
  2127.0 -.2369735E-08
  2128.0 -.2305164E-08
  2129.0 -.2206685E-08
  2130.0 -.2075906E-08
  2131.0 -.1914954E-08
  2132.0 -.1726437E-08
  2133.0 -.1513386E-08
  2134.0 -.1279211E-08
  2135.0 -.1027659E-08
  2136.0 -.7627339E-09
  2137.0 -.4886468E-09
  2138.0 -.2097401E-09
  2139.0 0.6958320E-10
  2140.0 0.3449293E-09
  2141.0 0.6119856E-09
  2142.0 0.8665940E-09
  2143.0 0.1104812E-08
  2144.0 0.1322982E-08
  2145.0 0.1517792E-08
  2146.0 0.1686325E-08
  2147.0 0.1826103E-08
  2148.0 0.1935137E-08
  2149.0 0.2011940E-08
  2150.0 0.2055579E-08
  2151.0 0.2065648E-08
  2152.0 0.2042310E-08
  2153.0 0.1986267E-08
  2154.0 0.1898754E-08
  2155.0 0.1781520E-08
  2156.0 0.1636776E-08
  2157.0 0.1467184E-08
  2158.0 0.1275776E-08
  2159.0 0.1065934E-08
  2160.0 0.8412954E-09
  2161.0 0.6057166E-09
  2162.0 0.3631869E-09
  2163.0 0.1177726E-09
  2164.0 -.1264690E-09
  2165.0 -.3655476E-09
  2166.0 -.5956143E-09
  2167.0 -.8130263E-09
  2168.0 -.1014407E-08
  2169.0 -.1196709E-08
  2170.0 -.1357251E-08
  2171.0 -.1493776E-08
  2172.0 -.1604475E-08
  2173.0 -.1688019E-08
  2174.0 -.1743580E-08
  2175.0 -.1770826E-08
  2176.0 -.1769934E-08
  2177.0 -.1741570E-08
  2178.0 -.1686879E-08
  2179.0 -.1607443E-08
  2180.0 -.1505247E-08
  2181.0 -.1382653E-08
  2182.0 -.1242321E-08
  2183.0 -.1087178E-08
  2184.0 -.9203378E-09
  2185.0 -.7450483E-09
  2186.0 -.5646236E-09
  2187.0 -.3823775E-09
  2188.0 -.2015545E-09
  2189.0 -.2527388E-10
  2190.0 0.1435376E-09
  2191.0 0.3021969E-09
  2192.0 0.4483162E-09
  2193.0 0.5798448E-09
  2194.0 0.6951069E-09
  2195.0 0.7928246E-09
  2196.0 0.8721384E-09
  2197.0 0.9326169E-09
  2198.0 0.9742569E-09
  2199.0 0.9974691E-09
  2200.0 0.1003062E-08
  2201.0 0.9922153E-09
  2202.0 0.9664448E-09
  2203.0 0.9275540E-09
  2204.0 0.8775887E-09
  2205.0 0.8187843E-09
  2206.0 0.7534968E-09
  2207.0 0.6841549E-09
  2208.0 0.6131899E-09
  2209.0 0.5429704E-09
  2210.0 0.4757466E-09
  2211.0 0.4135881E-09
  2212.0 0.3583346E-09
  2213.0 0.3115404E-09
  2214.0 0.2744389E-09
  2215.0 0.2479110E-09
  2216.0 0.2324501E-09
  2217.0 0.2281580E-09
  2218.0 0.2347340E-09
  2219.0 0.2514792E-09
  2220.0 0.2773125E-09
  2221.0 0.3107972E-09
  2222.0 0.3501720E-09
  2223.0 0.3933985E-09
  2224.0 0.4382100E-09
  2225.0 0.4821702E-09
  2226.0 0.5227401E-09
  2227.0 0.5573449E-09
  2228.0 0.5834444E-09
  2229.0 0.5986084E-09
  2230.0 0.6005858E-09
  2231.0 0.5873802E-09
  2232.0 0.5573076E-09
  2233.0 0.5090653E-09
  2234.0 0.4417765E-09
  2235.0 0.3550416E-09
  2236.0 0.2489716E-09
  2237.0 0.1242061E-09
  2238.0 -.1807182E-10
  2239.0 -.1761331E-09
  2240.0 -.3477226E-09
  2241.0 -.5300879E-09
  2242.0 -.7200135E-09
  2243.0 -.9138770E-09
  2244.0 -.1107715E-08
  2245.0 -.1297296E-08
  2246.0 -.1478208E-08
  2247.0 -.1645941E-08
  2248.0 -.1795994E-08
  2249.0 -.1923984E-08
  2250.0 -.2025724E-08
  2251.0 -.2097359E-08
  2252.0 -.2135437E-08
  2253.0 -.2137019E-08
  2254.0 -.2099774E-08
  2255.0 -.2022039E-08
  2256.0 -.1902901E-08
  2257.0 -.1742248E-08
  2258.0 -.1540803E-08
  2259.0 -.1300157E-08
  2260.0 -.1022761E-08
  2261.0 -.7119233E-09
  2262.0 -.3717784E-09
  2263.0 -.7232063E-11
  2264.0 0.3761018E-09
  2265.0 0.7719869E-09
  2266.0 0.1173663E-08
  2267.0 0.1573969E-08
  2268.0 0.1965458E-08
  2269.0 0.2340541E-08
  2270.0 0.2691643E-08
  2271.0 0.3011334E-08
  2272.0 0.3292499E-08
  2273.0 0.3528484E-08
  2274.0 0.3713249E-08
  2275.0 0.3841484E-08
  2276.0 0.3908801E-08
  2277.0 0.3911777E-08
  2278.0 0.3848120E-08
  2279.0 0.3716696E-08
  2280.0 0.3517661E-08
  2281.0 0.3252426E-08
  2282.0 0.2923733E-08
  2283.0 0.2535615E-08
  2284.0 0.2093374E-08
  2285.0 0.1603518E-08
  2286.0 0.1073673E-08
  2287.0 0.5124721E-09
  2288.0 -.7057262E-10
  2289.0 -.6652242E-09
  2290.0 -.1260702E-08
  2291.0 -.1845865E-08
  2292.0 -.2409408E-08
  2293.0 -.2940095E-08
  2294.0 -.3426940E-08
  2295.0 -.3859460E-08
  2296.0 -.4227855E-08
  2297.0 -.4523270E-08
  2298.0 -.4737915E-08
  2299.0 -.4865321E-08
  2300.0 -.4900459E-08
  2301.0 -.4839883E-08
  2302.0 -.4681863E-08
  2303.0 -.4426456E-08
  2304.0 -.4075554E-08
  2305.0 -.3632922E-08
  2306.0 -.3104171E-08
  2307.0 -.2496704E-08
  2308.0 -.1819659E-08
  2309.0 -.1083763E-08
  2310.0 -.3012026E-09
  2311.0 0.5145792E-09
  2312.0 0.1349068E-08
  2313.0 0.2186931E-08
  2314.0 0.3012261E-08
  2315.0 0.3808858E-08
  2316.0 0.4560511E-08
  2317.0 0.5251291E-08
  2318.0 0.5865836E-08
  2319.0 0.6389671E-08
  2320.0 0.6809457E-08
  2321.0 0.7113302E-08
  2322.0 0.7290977E-08
  2323.0 0.7334136E-08
  2324.0 0.7236583E-08
  2325.0 0.6994369E-08
  2326.0 0.6605937E-08
  2327.0 0.6072248E-08
  2328.0 0.5396781E-08
  2329.0 0.4585579E-08
  2330.0 0.3647200E-08
  2331.0 0.2592630E-08
  2332.0 0.1435148E-08
  2333.0 0.1901733E-09
  2334.0 -.1124945E-08
  2335.0 -.2491191E-08
  2336.0 -.3888141E-08
  2337.0 -.5294301E-08
  2338.0 -.6687392E-08
  2339.0 -.8044776E-08
  2340.0 -.9343753E-08
  2341.0 -.1056199E-07
  2342.0 -.1167784E-07
  2343.0 -.1267078E-07
  2344.0 -.1352167E-07
  2345.0 -.1421325E-07
  2346.0 -.1473024E-07
  2347.0 -.1505982E-07
  2348.0 -.1519181E-07
  2349.0 -.1511882E-07
  2350.0 -.1483646E-07
  2351.0 -.1434354E-07
  2352.0 -.1364196E-07
  2353.0 -.1273695E-07
  2354.0 -.1163679E-07
  2355.0 -.1035294E-07
  2356.0 -.8899752E-08
  2357.0 -.7294378E-08
  2358.0 -.5556459E-08
  2359.0 -.3707922E-08
  2360.0 -.1772599E-08
  2361.0 0.2240898E-09
  2362.0 0.2255511E-08
  2363.0 0.4294241E-08
  2364.0 0.6312458E-08
  2365.0 0.8282394E-08
  2366.0 0.1017672E-07
  2367.0 0.1196903E-07
  2368.0 0.1363418E-07
  2369.0 0.1514872E-07
  2370.0 0.1649128E-07
  2371.0 0.1764280E-07
  2372.0 0.1858696E-07
  2373.0 0.1931045E-07
  2374.0 0.1980288E-07
  2375.0 0.2005742E-07
  2376.0 0.2007049E-07
  2377.0 0.1984199E-07
  2378.0 0.1937535E-07
  2379.0 0.1867732E-07
  2380.0 0.1775804E-07
  2381.0 0.1663066E-07
  2382.0 0.1531138E-07
  2383.0 0.1381897E-07
  2384.0 0.1217463E-07
  2385.0 0.1040159E-07
  2386.0 0.8524733E-08
  2387.0 0.6570245E-08
  2388.0 0.4565192E-08
  2389.0 0.2537128E-08
  2390.0 0.5136316E-09
  2391.0 -.1478083E-08
  2392.0 -.3411564E-08
  2393.0 -.5261551E-08
  2394.0 -.7004287E-08
  2395.0 -.8617941E-08
  2396.0 -.1008285E-07
  2397.0 -.1138178E-07
  2398.0 -.1250025E-07
  2399.0 -.1342658E-07
