     0.0 0.0000000E+00
     1.0 0.3116645E-17
     2.0 -.2431394E-16
     3.0 -.1918622E-15
     4.0 -.6801055E-15
     5.0 -.1734369E-14
     6.0 -.3654926E-14
     7.0 -.6784553E-14
     8.0 -.1149449E-13
     9.0 -.1816913E-13
    10.0 -.2718988E-13
    11.0 -.3891889E-13
    12.0 -.5368308E-13
    13.0 -.7175916E-13
    14.0 -.9335998E-13
    15.0 -.1186226E-12
    16.0 -.1475986E-12
    17.0 -.1802463E-12
    18.0 -.2164258E-12
    19.0 -.2558962E-12
    20.0 -.2983150E-12
    21.0 -.3432398E-12
    22.0 -.3901319E-12
    23.0 -.4383613E-12
    24.0 -.4872138E-12
    25.0 -.5358977E-12
    26.0 -.5835526E-12
    27.0 -.6292576E-12
    28.0 -.6720406E-12
    29.0 -.7108865E-12
    30.0 -.7447464E-12
    31.0 -.7725467E-12
    32.0 -.7931975E-12
    33.0 -.8056004E-12
    34.0 -.8086593E-12
    35.0 -.8012891E-12
    36.0 -.7824255E-12
    37.0 -.7510381E-12
    38.0 -.7061408E-12
    39.0 -.6468059E-12
    40.0 -.5721803E-12
    41.0 -.4815011E-12
    42.0 -.3741126E-12
    43.0 -.2494860E-12
    44.0 -.1072368E-12
    45.0 0.5285515E-13
    46.0 0.2308282E-12
    47.0 0.4265224E-12
    48.0 0.6395651E-12
    49.0 0.8693598E-12
    50.0 0.1115080E-11
    51.0 0.1375667E-11
    52.0 0.1649833E-11
    53.0 0.1936075E-11
    54.0 0.2232686E-11
    55.0 0.2537784E-11
    56.0 0.2849347E-11
    57.0 0.3165244E-11
    58.0 0.3483281E-11
    59.0 0.3801264E-11
    60.0 0.4117035E-11
    61.0 0.4428546E-11
    62.0 0.4733915E-11
    63.0 0.5031470E-11
    64.0 0.5319834E-11
    65.0 0.5597950E-11
    66.0 0.5865141E-11
    67.0 0.6121139E-11
    68.0 0.6366115E-11
    69.0 0.6600679E-11
    70.0 0.6825911E-11
    71.0 0.7043300E-11
    72.0 0.7254749E-11
    73.0 0.7462515E-11
    74.0 0.7669143E-11
    75.0 0.7877405E-11
    76.0 0.8090214E-11
    77.0 0.8310499E-11
    78.0 0.8541152E-11
    79.0 0.8784886E-11
    80.0 0.9044121E-11
    81.0 0.9320922E-11
    82.0 0.9616852E-11
    83.0 0.9932924E-11
    84.0 0.1026951E-10
    85.0 0.1062628E-10
    86.0 0.1100218E-10
    87.0 0.1139540E-10
    88.0 0.1180342E-10
    89.0 0.1222298E-10
    90.0 0.1265019E-10
    91.0 0.1308062E-10
    92.0 0.1350934E-10
    93.0 0.1393109E-10
    94.0 0.1434044E-10
    95.0 0.1473186E-10
    96.0 0.1509997E-10
    97.0 0.1543961E-10
    98.0 0.1574610E-10
    99.0 0.1601528E-10
   100.0 0.1624371E-10
   101.0 0.1642879E-10
   102.0 0.1656886E-10
   103.0 0.1666349E-10
   104.0 0.1671338E-10
   105.0 0.1672046E-10
   106.0 0.1668785E-10
   107.0 0.1661975E-10
   108.0 0.1652135E-10
   109.0 0.1639866E-10
   110.0 0.1625841E-10
   111.0 0.1610765E-10
   112.0 0.1595378E-10
   113.0 0.1580410E-10
   114.0 0.1566565E-10
   115.0 0.1554495E-10
   116.0 0.1544775E-10
   117.0 0.1537886E-10
   118.0 0.1534191E-10
   119.0 0.1533920E-10
   120.0 0.1537162E-10
   121.0 0.1543854E-10
   122.0 0.1553778E-10
   123.0 0.1566568E-10
   124.0 0.1581722E-10
   125.0 0.1598593E-10
   126.0 0.1616435E-10
   127.0 0.1634404E-10
   128.0 0.1651590E-10
   129.0 0.1667047E-10
   130.0 0.1679817E-10
   131.0 0.1688966E-10
   132.0 0.1693609E-10
   133.0 0.1692947E-10
   134.0 0.1686290E-10
   135.0 0.1673083E-10
   136.0 0.1652931E-10
   137.0 0.1625610E-10
   138.0 0.1591083E-10
   139.0 0.1549507E-10
   140.0 0.1501234E-10
   141.0 0.1446804E-10
   142.0 0.1386932E-10
   143.0 0.1322495E-10
   144.0 0.1254511E-10
   145.0 0.1184110E-10
   146.0 0.1112500E-10
   147.0 0.1040942E-10
   148.0 0.9707087E-11
   149.0 0.9030521E-11
   150.0 0.8391618E-11
   151.0 0.7801337E-11
   152.0 0.7269357E-11
   153.0 0.6803821E-11
   154.0 0.6411011E-11
   155.0 0.6095189E-11
   156.0 0.5858442E-11
   157.0 0.5700558E-11
   158.0 0.5619038E-11
   159.0 0.5609123E-11
   160.0 0.5663819E-11
   161.0 0.5774179E-11
   162.0 0.5929394E-11
   163.0 0.6117147E-11
   164.0 0.6323840E-11
   165.0 0.6535001E-11
   166.0 0.6735587E-11
   167.0 0.6910357E-11
   168.0 0.7044344E-11
   169.0 0.7123094E-11
   170.0 0.7133136E-11
   171.0 0.7062224E-11
   172.0 0.6899713E-11
   173.0 0.6636777E-11
   174.0 0.6266574E-11
   175.0 0.5784518E-11
   176.0 0.5188289E-11
   177.0 0.4477911E-11
   178.0 0.3655752E-11
   179.0 0.2726445E-11
   180.0 0.1696803E-11
   181.0 0.5756423E-12
   182.0 -.6264217E-12
   183.0 -.1897218E-11
   184.0 -.3223261E-11
   185.0 -.4590046E-11
   186.0 -.5982369E-11
   187.0 -.7384622E-11
   188.0 -.8781120E-11
   189.0 -.1015637E-10
   190.0 -.1149540E-10
   191.0 -.1278401E-10
   192.0 -.1400904E-10
   193.0 -.1515858E-10
   194.0 -.1622222E-10
   195.0 -.1719111E-10
   196.0 -.1805819E-10
   197.0 -.1881829E-10
   198.0 -.1946813E-10
   199.0 -.2000645E-10
   200.0 -.2043391E-10
   201.0 -.2075321E-10
   202.0 -.2096893E-10
   203.0 -.2108748E-10
   204.0 -.2111708E-10
   205.0 -.2106747E-10
   206.0 -.2094997E-10
   207.0 -.2077721E-10
   208.0 -.2056294E-10
   209.0 -.2032185E-10
   210.0 -.2006944E-10
   211.0 -.1982163E-10
   212.0 -.1959467E-10
   213.0 -.1940480E-10
   214.0 -.1926802E-10
   215.0 -.1919979E-10
   216.0 -.1921481E-10
   217.0 -.1932667E-10
   218.0 -.1954763E-10
   219.0 -.1988830E-10
   220.0 -.2035745E-10
   221.0 -.2096169E-10
   222.0 -.2170532E-10
   223.0 -.2259009E-10
   224.0 -.2361513E-10
   225.0 -.2477672E-10
   226.0 -.2606832E-10
   227.0 -.2748060E-10
   228.0 -.2900134E-10
   229.0 -.3061572E-10
   230.0 -.3230638E-10
   231.0 -.3405375E-10
   232.0 -.3583624E-10
   233.0 -.3763080E-10
   234.0 -.3941313E-10
   235.0 -.4115834E-10
   236.0 -.4284120E-10
   237.0 -.4443713E-10
   238.0 -.4592240E-10
   239.0 -.4727475E-10
   240.0 -.4847413E-10
   241.0 -.4950300E-10
   242.0 -.5034709E-10
   243.0 -.5099565E-10
   244.0 -.5144182E-10
   245.0 -.5168315E-10
   246.0 -.5172164E-10
   247.0 -.5156369E-10
   248.0 -.5122031E-10
   249.0 -.5070695E-10
   250.0 -.5004318E-10
   251.0 -.4925239E-10
   252.0 -.4836112E-10
   253.0 -.4739875E-10
   254.0 -.4639666E-10
   255.0 -.4538741E-10
   256.0 -.4440415E-10
   257.0 -.4347945E-10
   258.0 -.4264473E-10
   259.0 -.4192924E-10
   260.0 -.4135930E-10
   261.0 -.4095732E-10
   262.0 -.4074139E-10
   263.0 -.4072456E-10
   264.0 -.4091429E-10
   265.0 -.4131228E-10
   266.0 -.4191408E-10
   267.0 -.4270935E-10
   268.0 -.4368177E-10
   269.0 -.4480947E-10
   270.0 -.4606559E-10
   271.0 -.4741880E-10
   272.0 -.4883423E-10
   273.0 -.5027427E-10
   274.0 -.5169968E-10
   275.0 -.5307074E-10
   276.0 -.5434816E-10
   277.0 -.5549453E-10
   278.0 -.5647525E-10
   279.0 -.5725982E-10
   280.0 -.5782266E-10
   281.0 -.5814399E-10
   282.0 -.5821076E-10
   283.0 -.5801686E-10
   284.0 -.5756383E-10
   285.0 -.5686099E-10
   286.0 -.5592493E-10
   287.0 -.5477974E-10
   288.0 -.5345621E-10
   289.0 -.5199094E-10
   290.0 -.5042577E-10
   291.0 -.4880641E-10
   292.0 -.4718103E-10
   293.0 -.4559909E-10
   294.0 -.4410980E-10
   295.0 -.4276034E-10
   296.0 -.4159461E-10
   297.0 -.4065177E-10
   298.0 -.3996452E-10
   299.0 -.3955820E-10
   300.0 -.3944944E-10
   301.0 -.3964545E-10
   302.0 -.4014329E-10
   303.0 -.4092964E-10
   304.0 -.4198063E-10
   305.0 -.4326209E-10
   306.0 -.4473034E-10
   307.0 -.4633261E-10
   308.0 -.4800864E-10
   309.0 -.4969179E-10
   310.0 -.5131079E-10
   311.0 -.5279172E-10
   312.0 -.5405976E-10
   313.0 -.5504159E-10
   314.0 -.5566725E-10
   315.0 -.5587258E-10
   316.0 -.5560105E-10
   317.0 -.5480612E-10
   318.0 -.5345242E-10
   319.0 -.5151779E-10
   320.0 -.4899428E-10
   321.0 -.4588928E-10
   322.0 -.4222574E-10
   323.0 -.3804278E-10
   324.0 -.3339497E-10
   325.0 -.2835203E-10
   326.0 -.2299750E-10
   327.0 -.1742736E-10
   328.0 -.1174823E-10
   329.0 -.6074956E-11
   330.0 -.5282745E-12
   331.0 0.4767863E-11
   332.0 0.9689523E-11
   333.0 0.1411548E-10
   334.0 0.1793056E-10
   335.0 0.2102848E-10
   336.0 0.2331503E-10
   337.0 0.2471058E-10
   338.0 0.2515279E-10
   339.0 0.2459867E-10
   340.0 0.2302627E-10
   341.0 0.2043637E-10
   342.0 0.1685301E-10
   343.0 0.1232388E-10
   344.0 0.6920287E-11
   345.0 0.7362059E-12
   346.0 -.6112923E-11
   347.0 -.1349209E-10
   348.0 -.2124903E-10
   349.0 -.2921717E-10
   350.0 -.3721874E-10
   351.0 -.4506848E-10
   352.0 -.5257745E-10
   353.0 -.5955737E-10
   354.0 -.6582452E-10
   355.0 -.7120429E-10
   356.0 -.7553514E-10
   357.0 -.7867280E-10
   358.0 -.8049415E-10
   359.0 -.8090059E-10
   360.0 -.7982094E-10
   361.0 -.7721430E-10
   362.0 -.7307190E-10
   363.0 -.6741848E-10
   364.0 -.6031313E-10
   365.0 -.5184905E-10
   366.0 -.4215312E-10
   367.0 -.3138440E-10
   368.0 -.1973194E-10
   369.0 -.7412102E-11
   370.0 0.5335126E-11
   371.0 0.1825002E-10
   372.0 0.3105785E-10
   373.0 0.4347374E-10
   374.0 0.5520831E-10
   375.0 0.6597355E-10
   376.0 0.7548839E-10
   377.0 0.8348464E-10
   378.0 0.8971317E-10
   379.0 0.9394956E-10
   380.0 0.9599958E-10
   381.0 0.9570356E-10
   382.0 0.9294185E-10
   383.0 0.8763893E-10
   384.0 0.7976481E-10
   385.0 0.6933997E-10
   386.0 0.5643463E-10
   387.0 0.4117043E-10
   388.0 0.2372022E-10
   389.0 0.4306201E-11
   390.0 -.1680249E-10
   391.0 -.3929328E-10
   392.0 -.6281384E-10
   393.0 -.8697847E-10
   394.0 -.1113736E-09
   395.0 -.1355649E-09
   396.0 -.1591053E-09
   397.0 -.1815428E-09
   398.0 -.2024295E-09
   399.0 -.2213300E-09
   400.0 -.2378308E-09
   401.0 -.2515499E-09
   402.0 -.2621441E-09
   403.0 -.2693188E-09
   404.0 -.2728347E-09
   405.0 -.2725150E-09
   406.0 -.2682524E-09
   407.0 -.2600129E-09
   408.0 -.2478388E-09
   409.0 -.2318535E-09
   410.0 -.2122598E-09
   411.0 -.1893408E-09
   412.0 -.1634564E-09
   413.0 -.1350405E-09
   414.0 -.1045943E-09
   415.0 -.7267939E-10
   416.0 -.3990961E-10
   417.0 -.6940045E-11
   418.0 0.2554347E-10
   419.0 0.5683752E-10
   420.0 0.8623517E-10
   421.0 0.1130379E-09
   422.0 0.1365718E-09
   423.0 0.1562016E-09
   424.0 0.1713452E-09
   425.0 0.1814873E-09
   426.0 0.1861920E-09
   427.0 0.1851171E-09
   428.0 0.1780224E-09
   429.0 0.1647792E-09
   430.0 0.1453784E-09
   431.0 0.1199355E-09
   432.0 0.8869209E-10
   433.0 0.5201710E-10
   434.0 0.1040403E-10
   435.0 -.3553342E-10
   436.0 -.8506858E-10
   437.0 -.1373737E-09
   438.0 -.1915305E-09
   439.0 -.2465468E-09
   440.0 -.3013717E-09
   441.0 -.3549158E-09
   442.0 -.4060706E-09
   443.0 -.4537313E-09
   444.0 -.4968161E-09
   445.0 -.5342922E-09
   446.0 -.5651959E-09
   447.0 -.5886540E-09
   448.0 -.6039063E-09
   449.0 -.6103224E-09
   450.0 -.6074223E-09
   451.0 -.5948874E-09
   452.0 -.5725757E-09
   453.0 -.5405284E-09
   454.0 -.4989777E-09
   455.0 -.4483475E-09
   456.0 -.3892530E-09
   457.0 -.3224956E-09
   458.0 -.2490515E-09
   459.0 -.1700625E-09
   460.0 -.8681719E-10
   461.0 -.7327952E-12
   462.0 0.8666774E-10
   463.0 0.1737808E-09
   464.0 0.2589495E-09
   465.0 0.3404918E-09
   466.0 0.4167314E-09
   467.0 0.4860265E-09
   468.0 0.5468075E-09
   469.0 0.5975935E-09
   470.0 0.6370356E-09
   471.0 0.6639341E-09
   472.0 0.6772687E-09
   473.0 0.6762212E-09
   474.0 0.6601864E-09
   475.0 0.6287968E-09
   476.0 0.5819273E-09
   477.0 0.5197096E-09
   478.0 0.4425229E-09
   479.0 0.3510031E-09
   480.0 0.2460313E-09
   481.0 0.1287226E-09
   482.0 0.4131160E-12
   483.0 -.1373607E-09
   484.0 -.2828840E-09
   485.0 -.4342897E-09
   486.0 -.5895864E-09
   487.0 -.7466937E-09
   488.0 -.9034660E-09
   489.0 -.1057734E-08
   490.0 -.1207339E-08
   491.0 -.1350159E-08
   492.0 -.1484154E-08
   493.0 -.1607389E-08
   494.0 -.1718066E-08
   495.0 -.1814559E-08
   496.0 -.1895430E-08
   497.0 -.1959453E-08
   498.0 -.2005641E-08
   499.0 -.2033247E-08
   500.0 -.2041789E-08
   501.0 -.2031045E-08
   502.0 -.2001067E-08
   503.0 -.1952162E-08
   504.0 -.1884902E-08
   505.0 -.1800110E-08
   506.0 -.1698846E-08
   507.0 -.1582386E-08
   508.0 -.1452210E-08
   509.0 -.1309975E-08
   510.0 -.1157485E-08
   511.0 -.9966754E-09
   512.0 -.8295767E-09
   513.0 -.6582886E-09
   514.0 -.4849497E-09
   515.0 -.3117036E-09
   516.0 -.1406760E-09
   517.0 0.2605860E-10
   518.0 0.1865045E-09
   519.0 0.3387697E-09
   520.0 0.4810923E-09
   521.0 0.6118608E-09
   522.0 0.7296388E-09
   523.0 0.8331785E-09
   524.0 0.9214359E-09
   525.0 0.9935881E-09
   526.0 0.1049039E-08
   527.0 0.1087425E-08
   528.0 0.1108620E-08
   529.0 0.1112734E-08
   530.0 0.1100118E-08
   531.0 0.1071344E-08
   532.0 0.1027210E-08
   533.0 0.9687227E-09
   534.0 0.8970817E-09
   535.0 0.8136654E-09
   536.0 0.7200126E-09
   537.0 0.6177993E-09
   538.0 0.5088194E-09
   539.0 0.3949507E-09
   540.0 0.2781405E-09
   541.0 0.1603702E-09
   542.0 0.4363005E-10
   543.0 -.7011042E-10
   544.0 -.1789285E-09
   545.0 -.2809813E-09
   546.0 -.3745277E-09
   547.0 -.4579577E-09
   548.0 -.5298166E-09
   549.0 -.5888289E-09
   550.0 -.6339165E-09
   551.0 -.6642165E-09
   552.0 -.6790972E-09
   553.0 -.6781664E-09
   554.0 -.6612820E-09
   555.0 -.6285510E-09
   556.0 -.5803325E-09
   557.0 -.5172253E-09
   558.0 -.4400662E-09
   559.0 -.3499110E-09
   560.0 -.2480169E-09
   561.0 -.1358189E-09
   562.0 -.1490473E-10
   563.0 0.1130141E-09
   564.0 0.2461373E-09
   565.0 0.3826073E-09
   566.0 0.5205519E-09
   567.0 0.6581117E-09
   568.0 0.7934938E-09
   569.0 0.9249878E-09
   570.0 0.1051025E-08
   571.0 0.1170197E-08
   572.0 0.1281292E-08
   573.0 0.1383329E-08
   574.0 0.1475571E-08
   575.0 0.1557550E-08
   576.0 0.1629082E-08
   577.0 0.1690270E-08
   578.0 0.1741511E-08
   579.0 0.1783485E-08
   580.0 0.1817155E-08
   581.0 0.1843731E-08
   582.0 0.1864663E-08
   583.0 0.1881606E-08
   584.0 0.1896386E-08
   585.0 0.1910954E-08
   586.0 0.1927347E-08
   587.0 0.1947650E-08
   588.0 0.1973928E-08
   589.0 0.2008198E-08
   590.0 0.2052361E-08
   591.0 0.2108165E-08
   592.0 0.2177156E-08
   593.0 0.2260632E-08
   594.0 0.2359608E-08
   595.0 0.2474780E-08
   596.0 0.2606503E-08
   597.0 0.2754764E-08
   598.0 0.2919176E-08
   599.0 0.3098967E-08
   600.0 0.3292995E-08
   601.0 0.3499740E-08
   602.0 0.3717348E-08
   603.0 0.3943639E-08
   604.0 0.4176155E-08
   605.0 0.4412195E-08
   606.0 0.4648868E-08
   607.0 0.4883135E-08
   608.0 0.5111879E-08
   609.0 0.5331954E-08
   610.0 0.5540248E-08
   611.0 0.5733748E-08
   612.0 0.5909583E-08
   613.0 0.6065104E-08
   614.0 0.6197912E-08
   615.0 0.6305917E-08
   616.0 0.6387379E-08
   617.0 0.6440934E-08
   618.0 0.6465632E-08
   619.0 0.6460946E-08
   620.0 0.6426767E-08
   621.0 0.6363438E-08
   622.0 0.6271716E-08
   623.0 0.6152756E-08
   624.0 0.6008104E-08
   625.0 0.5839644E-08
   626.0 0.5649552E-08
   627.0 0.5440294E-08
   628.0 0.5214507E-08
   629.0 0.4975007E-08
   630.0 0.4724676E-08
   631.0 0.4466469E-08
   632.0 0.4203303E-08
   633.0 0.3938007E-08
   634.0 0.3673308E-08
   635.0 0.3411746E-08
   636.0 0.3155642E-08
   637.0 0.2907059E-08
   638.0 0.2667777E-08
   639.0 0.2439270E-08
   640.0 0.2222676E-08
   641.0 0.2018803E-08
   642.0 0.1828132E-08
   643.0 0.1650814E-08
   644.0 0.1486692E-08
   645.0 0.1335308E-08
   646.0 0.1195953E-08
   647.0 0.1067673E-08
   648.0 0.9493322E-09
   649.0 0.8396275E-09
   650.0 0.7371345E-09
   651.0 0.6403559E-09
   652.0 0.5477601E-09
   653.0 0.4578076E-09
   654.0 0.3690072E-09
   655.0 0.2799271E-09
   656.0 0.1892500E-09
   657.0 0.9577733E-10
   658.0 -.1541696E-11
   659.0 -.1035961E-09
   660.0 -.2111142E-09
   661.0 -.3246234E-09
   662.0 -.4445072E-09
   663.0 -.5709556E-09
   664.0 -.7040111E-09
   665.0 -.8435572E-09
   666.0 -.9893568E-09
   667.0 -.1141031E-08
   668.0 -.1298138E-08
   669.0 -.1460127E-08
   670.0 -.1626396E-08
   671.0 -.1796299E-08
   672.0 -.1969169E-08
   673.0 -.2144299E-08
   674.0 -.2321009E-08
   675.0 -.2498600E-08
   676.0 -.2676391E-08
   677.0 -.2853709E-08
   678.0 -.3029894E-08
   679.0 -.3204286E-08
   680.0 -.3376238E-08
   681.0 -.3545088E-08
   682.0 -.3710163E-08
   683.0 -.3870783E-08
   684.0 -.4026212E-08
   685.0 -.4175720E-08
   686.0 -.4318501E-08
   687.0 -.4453748E-08
   688.0 -.4580588E-08
   689.0 -.4698165E-08
   690.0 -.4805552E-08
   691.0 -.4901861E-08
   692.0 -.4986207E-08
   693.0 -.5057741E-08
   694.0 -.5115695E-08
   695.0 -.5159404E-08
   696.0 -.5188322E-08
   697.0 -.5202084E-08
   698.0 -.5200505E-08
   699.0 -.5183687E-08
   700.0 -.5151950E-08
   701.0 -.5105952E-08
   702.0 -.5046657E-08
   703.0 -.4975371E-08
   704.0 -.4893779E-08
   705.0 -.4803919E-08
   706.0 -.4708162E-08
   707.0 -.4609243E-08
   708.0 -.4510210E-08
   709.0 -.4414385E-08
   710.0 -.4325313E-08
   711.0 -.4246727E-08
   712.0 -.4182464E-08
   713.0 -.4136383E-08
   714.0 -.4112307E-08
   715.0 -.4113895E-08
   716.0 -.4144619E-08
   717.0 -.4207578E-08
   718.0 -.4305483E-08
   719.0 -.4440522E-08
   720.0 -.4614293E-08
   721.0 -.4827717E-08
   722.0 -.5080992E-08
   723.0 -.5373499E-08
   724.0 -.5703784E-08
   725.0 -.6069552E-08
   726.0 -.6467627E-08
   727.0 -.6893978E-08
   728.0 -.7343751E-08
   729.0 -.7811334E-08
   730.0 -.8290401E-08
   731.0 -.8774028E-08
   732.0 -.9254792E-08
   733.0 -.9724902E-08
   734.0 -.1017634E-07
   735.0 -.1060097E-07
   736.0 -.1099082E-07
   737.0 -.1133808E-07
   738.0 -.1163538E-07
   739.0 -.1187599E-07
   740.0 -.1205384E-07
   741.0 -.1216380E-07
   742.0 -.1220179E-07
   743.0 -.1216485E-07
   744.0 -.1205133E-07
   745.0 -.1186086E-07
   746.0 -.1159451E-07
   747.0 -.1125475E-07
   748.0 -.1084548E-07
   749.0 -.1037198E-07
   750.0 -.9840871E-08
   751.0 -.9259984E-08
   752.0 -.8638263E-08
   753.0 -.7985652E-08
   754.0 -.7312837E-08
   755.0 -.6631145E-08
   756.0 -.5952264E-08
   757.0 -.5288082E-08
   758.0 -.4650404E-08
   759.0 -.4050730E-08
   760.0 -.3500007E-08
   761.0 -.3008442E-08
   762.0 -.2585222E-08
   763.0 -.2238362E-08
   764.0 -.1974479E-08
   765.0 -.1798661E-08
   766.0 -.1714323E-08
   767.0 -.1723108E-08
   768.0 -.1824832E-08
   769.0 -.2017446E-08
   770.0 -.2297010E-08
   771.0 -.2657839E-08
   772.0 -.3092465E-08
   773.0 -.3591839E-08
   774.0 -.4145441E-08
   775.0 -.4741495E-08
   776.0 -.5367149E-08
   777.0 -.6008713E-08
   778.0 -.6651961E-08
   779.0 -.7282307E-08
   780.0 -.7885177E-08
   781.0 -.8446221E-08
   782.0 -.8951584E-08
   783.0 -.9388223E-08
   784.0 -.9744102E-08
   785.0 -.1000843E-07
   786.0 -.1017196E-07
   787.0 -.1022697E-07
   788.0 -.1016763E-07
   789.0 -.9989937E-08
   790.0 -.9691924E-08
   791.0 -.9273572E-08
   792.0 -.8736918E-08
   793.0 -.8085918E-08
   794.0 -.7326431E-08
   795.0 -.6466093E-08
   796.0 -.5514157E-08
   797.0 -.4481314E-08
   798.0 -.3379498E-08
   799.0 -.2221697E-08
   800.0 -.1021653E-08
   801.0 0.2063262E-09
   802.0 0.1447639E-08
   803.0 0.2687668E-08
   804.0 0.3911974E-08
   805.0 0.5106566E-08
   806.0 0.6258127E-08
   807.0 0.7354174E-08
   808.0 0.8383293E-08
   809.0 0.9335243E-08
   810.0 0.1020111E-07
   811.0 0.1097340E-07
   812.0 0.1164607E-07
   813.0 0.1221464E-07
   814.0 0.1267609E-07
   815.0 0.1302896E-07
   816.0 0.1327322E-07
   817.0 0.1341021E-07
   818.0 0.1344257E-07
   819.0 0.1337413E-07
   820.0 0.1320979E-07
   821.0 0.1295536E-07
   822.0 0.1261750E-07
   823.0 0.1220351E-07
   824.0 0.1172120E-07
   825.0 0.1117886E-07
   826.0 0.1058498E-07
   827.0 0.9948334E-08
   828.0 0.9277754E-08
   829.0 0.8582006E-08
   830.0 0.7869946E-08
   831.0 0.7150232E-08
   832.0 0.6431409E-08
   833.0 0.5721858E-08
   834.0 0.5029809E-08
   835.0 0.4363308E-08
   836.0 0.3730206E-08
   837.0 0.3138209E-08
   838.0 0.2594822E-08
   839.0 0.2107387E-08
   840.0 0.1683109E-08
   841.0 0.1328925E-08
   842.0 0.1051569E-08
   843.0 0.8574969E-09
   844.0 0.7527967E-09
   845.0 0.7431388E-09
   846.0 0.8336388E-09
   847.0 0.1028755E-08
   848.0 0.1332186E-08
   849.0 0.1746664E-08
   850.0 0.2273794E-08
   851.0 0.2913984E-08
   852.0 0.3666162E-08
   853.0 0.4527672E-08
   854.0 0.5494119E-08
   855.0 0.6559254E-08
   856.0 0.7714788E-08
   857.0 0.8950384E-08
   858.0 0.1025365E-07
   859.0 0.1160995E-07
   860.0 0.1300272E-07
   861.0 0.1441334E-07
   862.0 0.1582137E-07
   863.0 0.1720477E-07
   864.0 0.1854017E-07
   865.0 0.1980318E-07
   866.0 0.2096875E-07
   867.0 0.2201167E-07
   868.0 0.2290704E-07
   869.0 0.2363064E-07
   870.0 0.2415972E-07
   871.0 0.2447340E-07
   872.0 0.2455328E-07
   873.0 0.2438409E-07
   874.0 0.2395412E-07
   875.0 0.2325586E-07
   876.0 0.2228635E-07
   877.0 0.2104773E-07
   878.0 0.1954746E-07
   879.0 0.1779859E-07
   880.0 0.1581999E-07
   881.0 0.1363631E-07
   882.0 0.1127787E-07
   883.0 0.8780432E-08
   884.0 0.6185012E-08
   885.0 0.3537138E-08
   886.0 0.8864635E-09
   887.0 -.1714078E-08
   888.0 -.4209141E-08
   889.0 -.6541925E-08
   890.0 -.8655197E-08
   891.0 -.1049252E-07
   892.0 -.1199938E-07
   893.0 -.1312442E-07
   894.0 -.1382077E-07
   895.0 -.1404714E-07
   896.0 -.1376918E-07
   897.0 -.1296041E-07
   898.0 -.1160341E-07
   899.0 -.9690584E-08
   900.0 -.7224968E-08
   901.0 -.4220761E-08
   902.0 -.7037079E-09
   903.0 0.3288784E-08
   904.0 0.7707661E-08
   905.0 0.1249273E-07
   906.0 0.1757300E-07
   907.0 0.2286772E-07
   908.0 0.2828738E-07
   909.0 0.3373511E-07
   910.0 0.3910809E-07
   911.0 0.4429935E-07
   912.0 0.4919982E-07
   913.0 0.5370045E-07
   914.0 0.5769402E-07
   915.0 0.6107781E-07
   916.0 0.6375579E-07
   917.0 0.6564065E-07
   918.0 0.6665645E-07
   919.0 0.6674023E-07
   920.0 0.6584440E-07
   921.0 0.6393810E-07
   922.0 0.6100863E-07
   923.0 0.5706302E-07
   924.0 0.5212857E-07
   925.0 0.4625320E-07
   926.0 0.3950581E-07
   927.0 0.3197555E-07
   928.0 0.2377128E-07
   929.0 0.1502032E-07
   930.0 0.5866705E-08
   931.0 -.3530865E-08
   932.0 -.1300147E-07
   933.0 -.2236482E-07
   934.0 -.3143438E-07
   935.0 -.4002088E-07
   936.0 -.4793577E-07
   937.0 -.5499524E-07
   938.0 -.6102396E-07
   939.0 -.6585883E-07
   940.0 -.6935305E-07
   941.0 -.7137947E-07
   942.0 -.7183431E-07
   943.0 -.7064002E-07
   944.0 -.6774803E-07
   945.0 -.6314118E-07
   946.0 -.5683523E-07
   947.0 -.4888017E-07
   948.0 -.3936051E-07
   949.0 -.2839564E-07
   950.0 -.1613813E-07
   951.0 -.2773211E-08
   952.0 0.1148433E-07
   953.0 0.2639261E-07
   954.0 0.4168662E-07
   955.0 0.5708205E-07
   956.0 0.7228029E-07
   957.0 0.8697410E-07
   958.0 0.1008521E-06
   959.0 0.1136064E-06
   960.0 0.1249375E-06
   961.0 0.1345612E-06
   962.0 0.1422147E-06
   963.0 0.1476625E-06
   964.0 0.1507030E-06
   965.0 0.1511730E-06
   966.0 0.1489529E-06
   967.0 0.1439713E-06
   968.0 0.1362077E-06
   969.0 0.1256964E-06
   970.0 0.1125269E-06
   971.0 0.9684504E-07
   972.0 0.7885270E-07
   973.0 0.5880652E-07
   974.0 0.3701458E-07
   975.0 0.1383313E-07
   976.0 -.1033837E-07
   977.0 -.3506326E-07
   978.0 -.5987450E-07
   979.0 -.8428236E-07
   980.0 -.1077831E-06
   981.0 -.1298683E-06
   982.0 -.1500341E-06
   983.0 -.1677916E-06
   984.0 -.1826771E-06
   985.0 -.1942618E-06
   986.0 -.2021626E-06
   987.0 -.2060505E-06
   988.0 -.2056601E-06
   989.0 -.2007982E-06
   990.0 -.1913496E-06
   991.0 -.1772845E-06
   992.0 -.1586624E-06
   993.0 -.1356351E-06
   994.0 -.1084484E-06
   995.0 -.7744364E-07
   996.0 -.4305317E-07
   997.0 -.5798932E-08
   998.0 0.3371359E-07
   999.0 0.7480213E-07
  1000.0 0.1167165E-06
  1001.0 0.1586490E-06
  1002.0 0.1997460E-06
  1003.0 0.2391210E-06
  1004.0 0.2758682E-06
  1005.0 0.3090797E-06
  1006.0 0.3378586E-06
  1007.0 0.3613369E-06
  1008.0 0.3786921E-06
  1009.0 0.3891620E-06
  1010.0 0.3920626E-06
  1011.0 0.3868019E-06
  1012.0 0.3728943E-06
  1013.0 0.3499739E-06
  1014.0 0.3178069E-06
  1015.0 0.2762987E-06
  1016.0 0.2255060E-06
  1017.0 0.1656370E-06
  1018.0 0.9705885E-07
  1019.0 0.2029648E-07
  1020.0 -.6396893E-07
  1021.0 -.1549044E-06
  1022.0 -.2515311E-06
  1023.0 -.3527368E-06
  1024.0 -.4572860E-06
  1025.0 -.5638337E-06
  1026.0 -.6709448E-06
  1027.0 -.7771113E-06
  1028.0 -.8807721E-06
  1029.0 -.9803369E-06
  1030.0 -.1074210E-05
  1031.0 -.1160808E-05
  1032.0 -.1238596E-05
  1033.0 -.1306098E-05
  1034.0 -.1361935E-05
  1035.0 -.1404835E-05
  1036.0 -.1433667E-05
  1037.0 -.1447455E-05
  1038.0 -.1445400E-05
  1039.0 -.1426893E-05
  1040.0 -.1391536E-05
  1041.0 -.1339145E-05
  1042.0 -.1269762E-05
  1043.0 -.1183666E-05
  1044.0 -.1081367E-05
  1045.0 -.9636046E-06
  1046.0 -.8313522E-06
  1047.0 -.6857926E-06
  1048.0 -.5283173E-06
  1049.0 -.3605126E-06
  1050.0 -.1841320E-06
  1051.0 -.1081909E-08
  1052.0 0.1866055E-06
  1053.0 0.3767972E-06
  1054.0 0.5672890E-06
  1055.0 0.7558324E-06
  1056.0 0.9401689E-06
  1057.0 0.1118059E-05
  1058.0 0.1287313E-05
  1059.0 0.1445825E-05
  1060.0 0.1591598E-05
  1061.0 0.1722780E-05
  1062.0 0.1837687E-05
  1063.0 0.1934823E-05
  1064.0 0.2012917E-05
  1065.0 0.2070922E-05
  1066.0 0.2108050E-05
  1067.0 0.2123778E-05
  1068.0 0.2117847E-05
  1069.0 0.2090282E-05
  1070.0 0.2041393E-05
  1071.0 0.1971749E-05
  1072.0 0.1882198E-05
  1073.0 0.1773849E-05
  1074.0 0.1648044E-05
  1075.0 0.1506356E-05
  1076.0 0.1350557E-05
  1077.0 0.1182596E-05
  1078.0 0.1004577E-05
  1079.0 0.8187217E-06
  1080.0 0.6273402E-06
  1081.0 0.4328051E-06
  1082.0 0.2375073E-06
  1083.0 0.4383202E-07
  1084.0 -.1458785E-06
  1085.0 -.3293576E-06
  1086.0 -.5044445E-06
  1087.0 -.6691159E-06
  1088.0 -.8215097E-06
  1089.0 -.9599504E-06
  1090.0 -.1082974E-05
  1091.0 -.1189349E-05
  1092.0 -.1278081E-05
  1093.0 -.1348429E-05
  1094.0 -.1399925E-05
  1095.0 -.1432355E-05
  1096.0 -.1445775E-05
  1097.0 -.1440503E-05
  1098.0 -.1417108E-05
  1099.0 -.1376397E-05
  1100.0 -.1319406E-05
  1101.0 -.1247373E-05
  1102.0 -.1161723E-05
  1103.0 -.1064042E-05
  1104.0 -.9560515E-06
  1105.0 -.8395739E-06
  1106.0 -.7165142E-06
  1107.0 -.5888249E-06
  1108.0 -.4584730E-06
  1109.0 -.3274178E-06
  1110.0 -.1975742E-06
  1111.0 -.7078931E-07
  1112.0 0.5118575E-07
  1113.0 0.1667189E-06
  1114.0 0.2743213E-06
  1115.0 0.3726651E-06
  1116.0 0.4606007E-06
  1117.0 0.5371697E-06
  1118.0 0.6016163E-06
  1119.0 0.6533926E-06
  1120.0 0.6921641E-06
  1121.0 0.7178042E-06
  1122.0 0.7303998E-06
  1123.0 0.7302340E-06
  1124.0 0.7177865E-06
  1125.0 0.6937128E-06
  1126.0 0.6588326E-06
  1127.0 0.6141116E-06
  1128.0 0.5606430E-06
  1129.0 0.4996249E-06
  1130.0 0.4323374E-06
  1131.0 0.3601224E-06
  1132.0 0.2843553E-06
  1133.0 0.2064269E-06
  1134.0 0.1277150E-06
  1135.0 0.4956577E-07
  1136.0 -.2673035E-07
  1137.0 -.9995649E-07
  1138.0 -.1689884E-06
  1139.0 -.2328105E-06
  1140.0 -.2905298E-06
  1141.0 -.3413877E-06
  1142.0 -.3847669E-06
  1143.0 -.4202007E-06
  1144.0 -.4473724E-06
  1145.0 -.4661206E-06
  1146.0 -.4764338E-06
  1147.0 -.4784484E-06
  1148.0 -.4724376E-06
  1149.0 -.4588087E-06
  1150.0 -.4380875E-06
  1151.0 -.4109049E-06
  1152.0 -.3779867E-06
  1153.0 -.3401330E-06
  1154.0 -.2982061E-06
  1155.0 -.2531087E-06
  1156.0 -.2057723E-06
  1157.0 -.1571346E-06
  1158.0 -.1081250E-06
  1159.0 -.5964797E-07
  1160.0 -.1256775E-07
  1161.0 0.3230656E-07
  1162.0 0.7423313E-07
  1163.0 0.1125493E-06
  1164.0 0.1466806E-06
  1165.0 0.1761492E-06
  1166.0 0.2005785E-06
  1167.0 0.2196979E-06
  1168.0 0.2333431E-06
  1169.0 0.2414574E-06
  1170.0 0.2440896E-06
  1171.0 0.2413868E-06
  1172.0 0.2335918E-06
  1173.0 0.2210345E-06
  1174.0 0.2041238E-06
  1175.0 0.1833358E-06
  1176.0 0.1592047E-06
  1177.0 0.1323105E-06
  1178.0 0.1032660E-06
  1179.0 0.7270621E-07
  1180.0 0.4127323E-07
  1181.0 0.9606685E-08
  1182.0 -.2167020E-07
  1183.0 -.5196078E-07
  1184.0 -.8070582E-07
  1185.0 -.1073928E-06
  1186.0 -.1315635E-06
  1187.0 -.1528226E-06
  1188.0 -.1708418E-06
  1189.0 -.1853633E-06
  1190.0 -.1962060E-06
  1191.0 -.2032624E-06
  1192.0 -.2065011E-06
  1193.0 -.2059640E-06
  1194.0 -.2017638E-06
  1195.0 -.1940796E-06
  1196.0 -.1831515E-06
  1197.0 -.1692733E-06
  1198.0 -.1527875E-06
  1199.0 -.1340748E-06
  1200.0 -.1135473E-06
  1201.0 -.9163872E-07
  1202.0 -.6879640E-07
  1203.0 -.4547172E-07
  1204.0 -.2211148E-07
  1205.0 0.8506943E-09
  1206.0 0.2300176E-07
  1207.0 0.4395708E-07
  1208.0 0.6336645E-07
  1209.0 0.8092032E-07
  1210.0 0.9635372E-07
  1211.0 0.1094507E-06
  1212.0 0.1200466E-06
  1213.0 0.1280294E-06
  1214.0 0.1333411E-06
  1215.0 0.1359758E-06
  1216.0 0.1359795E-06
  1217.0 0.1334466E-06
  1218.0 0.1285169E-06
  1219.0 0.1213718E-06
  1220.0 0.1122292E-06
  1221.0 0.1013372E-06
  1222.0 0.8897016E-07
  1223.0 0.7542067E-07
  1224.0 0.6099474E-07
  1225.0 0.4600440E-07
  1226.0 0.3076221E-07
  1227.0 0.1557419E-07
  1228.0 0.7351577E-09
  1229.0 -.1347750E-07
  1230.0 -.2680822E-07
  1231.0 -.3902752E-07
  1232.0 -.4993604E-07
  1233.0 -.5936682E-07
  1234.0 -.6718795E-07
  1235.0 -.7330361E-07
  1236.0 -.7765528E-07
  1237.0 -.8022074E-07
  1238.0 -.8101420E-07
  1239.0 -.8008354E-07
  1240.0 -.7750978E-07
  1241.0 -.7340281E-07
  1242.0 -.6789899E-07
  1243.0 -.6115732E-07
  1244.0 -.5335535E-07
  1245.0 -.4468522E-07
  1246.0 -.3534881E-07
  1247.0 -.2555412E-07
  1248.0 -.1550999E-07
  1249.0 -.5422606E-08
  1250.0 0.4509041E-08
  1251.0 0.1409659E-07
  1252.0 0.2316586E-07
  1253.0 0.3155984E-07
  1254.0 0.3914121E-07
  1255.0 0.4579431E-07
  1256.0 0.5142683E-07
  1257.0 0.5597059E-07
  1258.0 0.5938208E-07
  1259.0 0.6164274E-07
  1260.0 0.6275773E-07
  1261.0 0.6275535E-07
  1262.0 0.6168546E-07
  1263.0 0.5961769E-07
  1264.0 0.5663907E-07
  1265.0 0.5285136E-07
  1266.0 0.4836895E-07
  1267.0 0.4331539E-07
  1268.0 0.3782065E-07
  1269.0 0.3201822E-07
  1270.0 0.2604212E-07
  1271.0 0.2002401E-07
  1272.0 0.1409048E-07
  1273.0 0.8360769E-08
  1274.0 0.2944295E-08
  1275.0 -.2060969E-08
  1276.0 -.6570374E-08
  1277.0 -.1051370E-07
  1278.0 -.1383604E-07
  1279.0 -.1649840E-07
  1280.0 -.1847786E-07
  1281.0 -.1976726E-07
  1282.0 -.2037475E-07
  1283.0 -.2032300E-07
  1284.0 -.1964810E-07
  1285.0 -.1839786E-07
  1286.0 -.1663070E-07
  1287.0 -.1441355E-07
  1288.0 -.1182004E-07
  1289.0 -.8928804E-08
  1290.0 -.5821075E-08
  1291.0 -.2579016E-08
  1292.0 0.7162054E-09
  1293.0 0.3986335E-08
  1294.0 0.7157563E-08
  1295.0 0.1016216E-07
  1296.0 0.1293964E-07
  1297.0 0.1543795E-07
  1298.0 0.1761424E-07
  1299.0 0.1943547E-07
  1300.0 0.2087874E-07
  1301.0 0.2193148E-07
  1302.0 0.2259102E-07
  1303.0 0.2286458E-07
  1304.0 0.2276838E-07
  1305.0 0.2232688E-07
  1306.0 0.2157196E-07
  1307.0 0.2054166E-07
  1308.0 0.1927900E-07
  1309.0 0.1783081E-07
  1310.0 0.1624608E-07
  1311.0 0.1457499E-07
  1312.0 0.1286742E-07
  1313.0 0.1117161E-07
  1314.0 0.9533047E-08
  1315.0 0.7993463E-08
  1316.0 0.6589716E-08
  1317.0 0.5353133E-08
  1318.0 0.4308885E-08
  1319.0 0.3475463E-08
  1320.0 0.2864456E-08
  1321.0 0.2480465E-08
  1322.0 0.2321166E-08
  1323.0 0.2377686E-08
  1324.0 0.2634924E-08
  1325.0 0.3072196E-08
  1326.0 0.3663994E-08
  1327.0 0.4380718E-08
  1328.0 0.5189686E-08
  1329.0 0.6056049E-08
  1330.0 0.6943827E-08
  1331.0 0.7816930E-08
  1332.0 0.8640204E-08
  1333.0 0.9380348E-08
  1334.0 0.1000683E-07
  1335.0 0.1049274E-07
  1336.0 0.1081545E-07
  1337.0 0.1095728E-07
  1338.0 0.1090590E-07
  1339.0 0.1065467E-07
  1340.0 0.1020276E-07
  1341.0 0.9555271E-08
  1342.0 0.8723000E-08
  1343.0 0.7722180E-08
  1344.0 0.6574043E-08
  1345.0 0.5304294E-08
  1346.0 0.3942480E-08
  1347.0 0.2521171E-08
  1348.0 0.1075145E-08
  1349.0 -.3594893E-09
  1350.0 -.1746223E-08
  1351.0 -.3049076E-08
  1352.0 -.4233523E-08
  1353.0 -.5267381E-08
  1354.0 -.6121653E-08
  1355.0 -.6771268E-08
  1356.0 -.7195783E-08
  1357.0 -.7379873E-08
  1358.0 -.7313904E-08
  1359.0 -.6994036E-08
  1360.0 -.6422612E-08
  1361.0 -.5608038E-08
  1362.0 -.4564675E-08
  1363.0 -.3312667E-08
  1364.0 -.1877472E-08
  1365.0 -.2893441E-09
  1366.0 0.1417262E-08
  1367.0 0.3204464E-08
  1368.0 0.5031744E-08
  1369.0 0.6856854E-08
  1370.0 0.8636722E-08
  1371.0 0.1032846E-07
  1372.0 0.1189025E-07
  1373.0 0.1328239E-07
  1374.0 0.1446806E-07
  1375.0 0.1541435E-07
  1376.0 0.1609284E-07
  1377.0 0.1648047E-07
  1378.0 0.1655996E-07
  1379.0 0.1632034E-07
  1380.0 0.1575729E-07
  1381.0 0.1487322E-07
  1382.0 0.1367739E-07
  1383.0 0.1218584E-07
  1384.0 0.1042097E-07
  1385.0 0.8411408E-08
  1386.0 0.6191247E-08
  1387.0 0.3799590E-08
  1388.0 0.1279713E-08
  1389.0 -.1321747E-08
  1390.0 -.3955712E-08
  1391.0 -.6571583E-08
  1392.0 -.9118340E-08
  1393.0 -.1154544E-07
  1394.0 -.1380395E-07
  1395.0 -.1584750E-07
  1396.0 -.1763319E-07
  1397.0 -.1912257E-07
  1398.0 -.2028230E-07
  1399.0 -.2108513E-07
  1400.0 -.2151013E-07
  1401.0 -.2154356E-07
  1402.0 -.2117894E-07
  1403.0 -.2041730E-07
  1404.0 -.1926735E-07
  1405.0 -.1774536E-07
  1406.0 -.1587486E-07
  1407.0 -.1368635E-07
  1408.0 -.1121680E-07
  1409.0 -.8508981E-08
  1410.0 -.5610788E-08
  1411.0 -.2574391E-08
  1412.0 0.5447076E-09
  1413.0 0.3688607E-08
  1414.0 0.6798073E-08
  1415.0 0.9813579E-08
  1416.0 0.1267632E-07
  1417.0 0.1532938E-07
  1418.0 0.1771877E-07
  1419.0 0.1979415E-07
  1420.0 0.2151008E-07
  1421.0 0.2282668E-07
  1422.0 0.2371038E-07
  1423.0 0.2413458E-07
  1424.0 0.2408016E-07
  1425.0 0.2353589E-07
  1426.0 0.2249851E-07
  1427.0 0.2097324E-07
  1428.0 0.1897318E-07
  1429.0 0.1651966E-07
  1430.0 0.1364167E-07
  1431.0 0.1037548E-07
  1432.0 0.6764104E-08
  1433.0 0.2856631E-08
  1434.0 -.1292554E-08
  1435.0 -.5624616E-08
  1436.0 -.1007719E-07
  1437.0 -.1458536E-07
  1438.0 -.1908268E-07
  1439.0 -.2350223E-07
  1440.0 -.2777761E-07
  1441.0 -.3184410E-07
  1442.0 -.3563950E-07
  1443.0 -.3910522E-07
  1444.0 -.4218717E-07
  1445.0 -.4483653E-07
  1446.0 -.4701059E-07
  1447.0 -.4867318E-07
  1448.0 -.4979555E-07
  1449.0 -.5035665E-07
  1450.0 -.5034311E-07
  1451.0 -.4975002E-07
  1452.0 -.4858066E-07
  1453.0 -.4684620E-07
  1454.0 -.4456616E-07
  1455.0 -.4176746E-07
  1456.0 -.3848410E-07
  1457.0 -.3475730E-07
  1458.0 -.3063397E-07
  1459.0 -.2616655E-07
  1460.0 -.2141204E-07
  1461.0 -.1643132E-07
  1462.0 -.1128804E-07
  1463.0 -.6047912E-08
  1464.0 -.7776109E-09
  1465.0 0.4456079E-08
  1466.0 0.9587235E-08
  1467.0 0.1455170E-07
  1468.0 0.1928797E-07
  1469.0 0.2373806E-07
  1470.0 0.2784823E-07
  1471.0 0.3156969E-07
  1472.0 0.3485929E-07
  1473.0 0.3768009E-07
  1474.0 0.4000148E-07
  1475.0 0.4180015E-07
  1476.0 0.4305974E-07
  1477.0 0.4377116E-07
  1478.0 0.4393297E-07
  1479.0 0.4355069E-07
  1480.0 0.4263737E-07
  1481.0 0.4121247E-07
  1482.0 0.3930239E-07
  1483.0 0.3693932E-07
  1484.0 0.3416102E-07
  1485.0 0.3101040E-07
  1486.0 0.2753456E-07
  1487.0 0.2378403E-07
  1488.0 0.1981235E-07
  1489.0 0.1567515E-07
  1490.0 0.1142925E-07
  1491.0 0.7132039E-08
  1492.0 0.2840458E-08
  1493.0 -.1389527E-08
  1494.0 -.5503876E-08
  1495.0 -.9451083E-08
  1496.0 -.1318290E-07
  1497.0 -.1665487E-07
  1498.0 -.1982706E-07
  1499.0 -.2266430E-07
  1500.0 -.2513676E-07
  1501.0 -.2722019E-07
  1502.0 -.2889627E-07
  1503.0 -.3015256E-07
  1504.0 -.3098289E-07
  1505.0 -.3138688E-07
  1506.0 -.3137024E-07
  1507.0 -.3094450E-07
  1508.0 -.3012649E-07
  1509.0 -.2893823E-07
  1510.0 -.2740655E-07
  1511.0 -.2556242E-07
  1512.0 -.2344058E-07
  1513.0 -.2107884E-07
  1514.0 -.1851760E-07
  1515.0 -.1579911E-07
  1516.0 -.1296688E-07
  1517.0 -.1006496E-07
  1518.0 -.7137305E-08
  1519.0 -.4227121E-08
  1520.0 -.1376258E-08
  1521.0 0.1375402E-08
  1522.0 0.3990501E-08
  1523.0 0.6434730E-08
  1524.0 0.8677245E-08
  1525.0 0.1069110E-07
  1526.0 0.1245350E-07
  1527.0 0.1394617E-07
  1528.0 0.1515548E-07
  1529.0 0.1607254E-07
  1530.0 0.1669317E-07
  1531.0 0.1701809E-07
  1532.0 0.1705249E-07
  1533.0 0.1680611E-07
  1534.0 0.1629280E-07
  1535.0 0.1553033E-07
  1536.0 0.1453994E-07
  1537.0 0.1334594E-07
  1538.0 0.1197527E-07
  1539.0 0.1045699E-07
  1540.0 0.8821726E-08
  1541.0 0.7101181E-08
  1542.0 0.5327570E-08
  1543.0 0.3533065E-08
  1544.0 0.1749273E-08
  1545.0 0.6729908E-11
  1546.0 -.1665605E-08
  1547.0 -.3240787E-08
  1548.0 -.4694285E-08
  1549.0 -.6004349E-08
  1550.0 -.7152349E-08
  1551.0 -.8122948E-08
  1552.0 -.8904366E-08
  1553.0 -.9488441E-08
  1554.0 -.9870739E-08
  1555.0 -.1005045E-07
  1556.0 -.1003047E-07
  1557.0 -.9817118E-08
  1558.0 -.9420030E-08
  1559.0 -.8851848E-08
  1560.0 -.8128033E-08
  1561.0 -.7266391E-08
  1562.0 -.6286785E-08
  1563.0 -.5210723E-08
  1564.0 -.4060890E-08
  1565.0 -.2860781E-08
  1566.0 -.1634173E-08
  1567.0 -.4047463E-09
  1568.0 0.8043838E-09
  1569.0 0.1971046E-08
  1570.0 0.3074431E-08
  1571.0 0.4095439E-08
  1572.0 0.5017005E-08
  1573.0 0.5824333E-08
  1574.0 0.6505198E-08
  1575.0 0.7050035E-08
  1576.0 0.7452159E-08
  1577.0 0.7707736E-08
  1578.0 0.7815881E-08
  1579.0 0.7778570E-08
  1580.0 0.7600550E-08
  1581.0 0.7289212E-08
  1582.0 0.6854385E-08
  1583.0 0.6308130E-08
  1584.0 0.5664423E-08
  1585.0 0.4938892E-08
  1586.0 0.4148503E-08
  1587.0 0.3311168E-08
  1588.0 0.2445389E-08
  1589.0 0.1569931E-08
  1590.0 0.7034355E-09
  1591.0 -.1359272E-09
  1592.0 -.9308147E-09
  1593.0 -.1665009E-08
  1594.0 -.2323729E-08
  1595.0 -.2893867E-08
  1596.0 -.3364246E-08
  1597.0 -.3725769E-08
  1598.0 -.3971598E-08
  1599.0 -.4097207E-08
  1600.0 -.4100475E-08
  1601.0 -.3981684E-08
  1602.0 -.3743454E-08
  1603.0 -.3390681E-08
  1604.0 -.2930433E-08
  1605.0 -.2371730E-08
  1606.0 -.1725400E-08
  1607.0 -.1003832E-08
  1608.0 -.2207187E-09
  1609.0 0.6092203E-09
  1610.0 0.1470511E-08
  1611.0 0.2347238E-08
  1612.0 0.3223341E-08
  1613.0 0.4082903E-08
  1614.0 0.4910463E-08
  1615.0 0.5691283E-08
  1616.0 0.6411590E-08
  1617.0 0.7058857E-08
  1618.0 0.7621960E-08
  1619.0 0.8091408E-08
  1620.0 0.8459438E-08
  1621.0 0.8720167E-08
  1622.0 0.8869693E-08
  1623.0 0.8906056E-08
  1624.0 0.8829312E-08
  1625.0 0.8641424E-08
  1626.0 0.8346308E-08
  1627.0 0.7949607E-08
  1628.0 0.7458659E-08
  1629.0 0.6882265E-08
  1630.0 0.6230532E-08
  1631.0 0.5514699E-08
  1632.0 0.4746893E-08
  1633.0 0.3939879E-08
  1634.0 0.3106879E-08
  1635.0 0.2261273E-08
  1636.0 0.1416420E-08
  1637.0 0.5853817E-09
  1638.0 -.2192587E-09
  1639.0 -.9856341E-09
  1640.0 -.1702757E-08
  1641.0 -.2360698E-08
  1642.0 -.2950723E-08
  1643.0 -.3465419E-08
  1644.0 -.3898798E-08
  1645.0 -.4246339E-08
  1646.0 -.4505024E-08
  1647.0 -.4673416E-08
  1648.0 -.4751517E-08
  1649.0 -.4740877E-08
  1650.0 -.4644420E-08
  1651.0 -.4466371E-08
  1652.0 -.4212219E-08
  1653.0 -.3888495E-08
  1654.0 -.3502712E-08
  1655.0 -.3063169E-08
  1656.0 -.2578810E-08
  1657.0 -.2059051E-08
  1658.0 -.1513610E-08
  1659.0 -.9523590E-09
  1660.0 -.3851322E-09
  1661.0 0.1784183E-09
  1662.0 0.7289647E-09
  1663.0 0.1257669E-08
  1664.0 0.1756272E-08
  1665.0 0.2217239E-08
  1666.0 0.2633841E-08
  1667.0 0.3000248E-08
  1668.0 0.3311573E-08
  1669.0 0.3563938E-08
  1670.0 0.3754491E-08
  1671.0 0.3881422E-08
  1672.0 0.3943977E-08
  1673.0 0.3942390E-08
  1674.0 0.3877914E-08
  1675.0 0.3752708E-08
  1676.0 0.3569841E-08
  1677.0 0.3333150E-08
  1678.0 0.3047231E-08
  1679.0 0.2717295E-08
  1680.0 0.2349122E-08
  1681.0 0.1948918E-08
  1682.0 0.1523257E-08
  1683.0 0.1078954E-08
  1684.0 0.6229656E-09
  1685.0 0.1623073E-09
  1686.0 -.2960597E-09
  1687.0 -.7453162E-09
  1688.0 -.1178870E-08
  1689.0 -.1590437E-08
  1690.0 -.1974122E-08
  1691.0 -.2324489E-08
  1692.0 -.2636608E-08
  1693.0 -.2906135E-08
  1694.0 -.3129328E-08
  1695.0 -.3303110E-08
  1696.0 -.3425084E-08
  1697.0 -.3493561E-08
  1698.0 -.3507572E-08
  1699.0 -.3466877E-08
  1700.0 -.3371950E-08
  1701.0 -.3223987E-08
  1702.0 -.3024887E-08
  1703.0 -.2777205E-08
  1704.0 -.2484159E-08
  1705.0 -.2149549E-08
  1706.0 -.1777760E-08
  1707.0 -.1373667E-08
  1708.0 -.9426145E-09
  1709.0 -.4903317E-09
  1710.0 -.2288625E-10
  1711.0 0.4533992E-09
  1712.0 0.9320205E-09
  1713.0 0.1406357E-08
  1714.0 0.1869765E-08
  1715.0 0.2315645E-08
  1716.0 0.2737531E-08
  1717.0 0.3129181E-08
  1718.0 0.3484650E-08
  1719.0 0.3798364E-08
  1720.0 0.4065203E-08
  1721.0 0.4280575E-08
  1722.0 0.4440514E-08
  1723.0 0.4541655E-08
  1724.0 0.4581424E-08
  1725.0 0.4557961E-08
  1726.0 0.4470224E-08
  1727.0 0.4318020E-08
  1728.0 0.4101996E-08
  1729.0 0.3823680E-08
  1730.0 0.3485439E-08
  1731.0 0.3090514E-08
  1732.0 0.2642950E-08
  1733.0 0.2147566E-08
  1734.0 0.1609914E-08
  1735.0 0.1036215E-08
  1736.0 0.4332700E-09
  1737.0 -.1916163E-09
  1738.0 -.8307305E-09
  1739.0 -.1476051E-08
  1740.0 -.2119362E-08
  1741.0 -.2752381E-08
  1742.0 -.3366843E-08
  1743.0 -.3954660E-08
  1744.0 -.4508014E-08
  1745.0 -.5019500E-08
  1746.0 -.5482216E-08
  1747.0 -.5889869E-08
  1748.0 -.6236928E-08
  1749.0 -.6518647E-08
  1750.0 -.6731173E-08
  1751.0 -.6871621E-08
  1752.0 -.6938135E-08
  1753.0 -.6929880E-08
  1754.0 -.6847109E-08
  1755.0 -.6691136E-08
  1756.0 -.6464351E-08
  1757.0 -.6170155E-08
  1758.0 -.5812959E-08
  1759.0 -.5398054E-08
  1760.0 -.4931600E-08
  1761.0 -.4420476E-08
  1762.0 -.3872216E-08
  1763.0 -.3294867E-08
  1764.0 -.2696871E-08
  1765.0 -.2086909E-08
  1766.0 -.1473805E-08
  1767.0 -.8663544E-09
  1768.0 -.2731770E-09
  1769.0 0.2973876E-09
  1770.0 0.8374451E-09
  1771.0 0.1339662E-08
  1772.0 0.1797378E-08
  1773.0 0.2204715E-08
  1774.0 0.2556668E-08
  1775.0 0.2849165E-08
  1776.0 0.3079165E-08
  1777.0 0.3244653E-08
  1778.0 0.3344686E-08
  1779.0 0.3379409E-08
  1780.0 0.3350016E-08
  1781.0 0.3258732E-08
  1782.0 0.3108763E-08
  1783.0 0.2904221E-08
  1784.0 0.2650041E-08
  1785.0 0.2351892E-08
  1786.0 0.2016069E-08
  1787.0 0.1649364E-08
  1788.0 0.1258945E-08
  1789.0 0.8522307E-09
  1790.0 0.4367477E-09
  1791.0 0.1999691E-10
  1792.0 -.3906726E-09
  1793.0 -.7881990E-09
  1794.0 -.1165924E-08
  1795.0 -.1517705E-08
  1796.0 -.1838017E-08
  1797.0 -.2122038E-08
  1798.0 -.2365720E-08
  1799.0 -.2565857E-08
  1800.0 -.2720107E-08
  1801.0 -.2827030E-08
  1802.0 -.2886093E-08
  1803.0 -.2897658E-08
  1804.0 -.2862949E-08
  1805.0 -.2784010E-08
  1806.0 -.2663650E-08
  1807.0 -.2505375E-08
  1808.0 -.2313287E-08
  1809.0 -.2092018E-08
  1810.0 -.1846601E-08
  1811.0 -.1582373E-08
  1812.0 -.1304867E-08
  1813.0 -.1019700E-08
  1814.0 -.7324488E-09
  1815.0 -.4485563E-09
  1816.0 -.1732160E-09
  1817.0 0.8871678E-10
  1818.0 0.3328160E-09
  1819.0 0.5551598E-09
  1820.0 0.7524015E-09
  1821.0 0.9218103E-09
  1822.0 0.1061326E-08
  1823.0 0.1169559E-08
  1824.0 0.1245834E-08
  1825.0 0.1290146E-08
  1826.0 0.1303172E-08
  1827.0 0.1286229E-08
  1828.0 0.1241220E-08
  1829.0 0.1170590E-08
  1830.0 0.1077262E-08
  1831.0 0.9645463E-09
  1832.0 0.8360792E-09
  1833.0 0.6957271E-09
  1834.0 0.5474977E-09
  1835.0 0.3954596E-09
  1836.0 0.2436419E-09
  1837.0 0.9595710E-10
  1838.0 -.4388247E-10
  1839.0 -.1724410E-09
  1840.0 -.2866275E-09
  1841.0 -.3837500E-09
  1842.0 -.4615713E-09
  1843.0 -.5183427E-09
  1844.0 -.5528302E-09
  1845.0 -.5643384E-09
  1846.0 -.5527030E-09
  1847.0 -.5182950E-09
  1848.0 -.4619917E-09
  1849.0 -.3851522E-09
  1850.0 -.2895843E-09
  1851.0 -.1774870E-09
  1852.0 -.5140465E-10
  1853.0 0.8583852E-10
  1854.0 0.2312010E-09
  1855.0 0.3814978E-09
  1856.0 0.5334610E-09
  1857.0 0.6838202E-09
  1858.0 0.8293651E-09
  1859.0 0.9670165E-09
  1860.0 0.1093880E-08
  1861.0 0.1207319E-08
  1862.0 0.1304986E-08
  1863.0 0.1384881E-08
  1864.0 0.1445383E-08
  1865.0 0.1485272E-08
  1866.0 0.1503749E-08
  1867.0 0.1500457E-08
  1868.0 0.1475458E-08
  1869.0 0.1429243E-08
  1870.0 0.1362707E-08
  1871.0 0.1277130E-08
  1872.0 0.1174134E-08
  1873.0 0.1055654E-08
  1874.0 0.9238946E-09
  1875.0 0.7812758E-09
  1876.0 0.6303822E-09
  1877.0 0.4739205E-09
  1878.0 0.3146513E-09
  1879.0 0.1553477E-09
  1880.0 -.1267148E-11
  1881.0 -.1525605E-09
  1882.0 -.2960465E-09
  1883.0 -.4294196E-09
  1884.0 -.5505986E-09
  1885.0 -.6577543E-09
  1886.0 -.7493418E-09
  1887.0 -.8241113E-09
  1888.0 -.8811338E-09
  1889.0 -.9197988E-09
  1890.0 -.9398150E-09
  1891.0 -.9412179E-09
  1892.0 -.9243414E-09
  1893.0 -.8898130E-09
  1894.0 -.8385328E-09
  1895.0 -.7716394E-09
  1896.0 -.6904938E-09
  1897.0 -.5966398E-09
  1898.0 -.4917725E-09
  1899.0 -.3777063E-09
  1900.0 -.2563380E-09
  1901.0 -.1296142E-09
  1902.0 0.5058371E-12
  1903.0 0.1320796E-09
  1904.0 0.2632095E-09
  1905.0 0.3920790E-09
  1906.0 0.5169665E-09
  1907.0 0.6362723E-09
  1908.0 0.7485406E-09
  1909.0 0.8524657E-09
  1910.0 0.9469103E-09
  1911.0 0.1030907E-08
  1912.0 0.1103673E-08
  1913.0 0.1164599E-08
  1914.0 0.1213250E-08
  1915.0 0.1249373E-08
  1916.0 0.1272872E-08
  1917.0 0.1283813E-08
  1918.0 0.1282412E-08
  1919.0 0.1269010E-08
  1920.0 0.1244086E-08
  1921.0 0.1208217E-08
  1922.0 0.1162084E-08
  1923.0 0.1106451E-08
  1924.0 0.1042156E-08
  1925.0 0.9700959E-09
  1926.0 0.8912115E-09
  1927.0 0.8064899E-09
  1928.0 0.7169388E-09
  1929.0 0.6235885E-09
  1930.0 0.5274787E-09
  1931.0 0.4296515E-09
  1932.0 0.3311455E-09
  1933.0 0.2329879E-09
  1934.0 0.1361888E-09
  1935.0 0.4173692E-10
  1936.0 -.4940848E-10
  1937.0 -.1363248E-09
  1938.0 -.2181273E-09
  1939.0 -.2939793E-09
  1940.0 -.3630986E-09
  1941.0 -.4247631E-09
  1942.0 -.4783197E-09
  1943.0 -.5231893E-09
  1944.0 -.5588774E-09
  1945.0 -.5849803E-09
  1946.0 -.6011984E-09
  1947.0 -.6073305E-09
  1948.0 -.6032956E-09
  1949.0 -.5891326E-09
  1950.0 -.5649997E-09
  1951.0 -.5311936E-09
  1952.0 -.4881371E-09
  1953.0 -.4363882E-09
  1954.0 -.3766354E-09
  1955.0 -.3096975E-09
  1956.0 -.2365129E-09
  1957.0 -.1581376E-09
  1958.0 -.7573035E-10
  1959.0 0.9457713E-11
  1960.0 0.9610033E-10
  1961.0 0.1828125E-09
  1962.0 0.2681697E-09
  1963.0 0.3507321E-09
  1964.0 0.4290617E-09
  1965.0 0.5017541E-09
  1966.0 0.5674546E-09
  1967.0 0.6248919E-09
  1968.0 0.6728945E-09
  1969.0 0.7104209E-09
  1970.0 0.7365762E-09
  1971.0 0.7506399E-09
  1972.0 0.7520767E-09
  1973.0 0.7405571E-09
  1974.0 0.7159675E-09
  1975.0 0.6784200E-09
  1976.0 0.6282544E-09
  1977.0 0.5660409E-09
  1978.0 0.4925786E-09
  1979.0 0.4088800E-09
  1980.0 0.3161630E-09
  1981.0 0.2158360E-09
  1982.0 0.1094695E-09
  1983.0 -.1221801E-11
  1984.0 -.1144135E-09
  1985.0 -.2281981E-09
  1986.0 -.3406215E-09
  1987.0 -.4497197E-09
  1988.0 -.5535515E-09
  1989.0 -.6502395E-09
  1990.0 -.7380057E-09
  1991.0 -.8152070E-09
  1992.0 -.8803685E-09
  1993.0 -.9322120E-09
  1994.0 -.9696927E-09
  1995.0 -.9920139E-09
  1996.0 -.9986496E-09
  1997.0 -.9893606E-09
  1998.0 -.9642008E-09
  1999.0 -.9235215E-09
  2000.0 -.8679721E-09
  2001.0 -.7984873E-09
  2002.0 -.7162728E-09
  2003.0 -.6227918E-09
  2004.0 -.5197300E-09
  2005.0 -.4089752E-09
  2006.0 -.2925777E-09
  2007.0 -.1727116E-09
  2008.0 -.5163543E-10
  2009.0 0.6835165E-10
  2010.0 0.1849546E-09
  2011.0 0.2959292E-09
  2012.0 0.3991245E-09
  2013.0 0.4925292E-09
  2014.0 0.5743105E-09
  2015.0 0.6428533E-09
  2016.0 0.6967942E-09
  2017.0 0.7350521E-09
  2018.0 0.7568500E-09
  2019.0 0.7617327E-09
  2020.0 0.7495864E-09
  2021.0 0.7206302E-09
  2022.0 0.6754279E-09
  2023.0 0.6148704E-09
  2024.0 0.5401641E-09
  2025.0 0.4528085E-09
  2026.0 0.3545674E-09
  2027.0 0.2474351E-09
  2028.0 0.1335990E-09
  2029.0 0.1539426E-10
  2030.0 -.1047401E-09
  2031.0 -.2243146E-09
  2032.0 -.3408339E-09
  2033.0 -.4518547E-09
  2034.0 -.5550325E-09
  2035.0 -.6481690E-09
  2036.0 -.7292658E-09
  2037.0 -.7965572E-09
  2038.0 -.8485596E-09
  2039.0 -.8841010E-09
  2040.0 -.9023402E-09
  2041.0 -.9027985E-09
  2042.0 -.8853743E-09
  2043.0 -.8503360E-09
  2044.0 -.7983346E-09
  2045.0 -.7303849E-09
  2046.0 -.6478547E-09
  2047.0 -.5524399E-09
  2048.0 -.4461263E-09
  2049.0 -.3311637E-09
  2050.0 -.2100147E-09
  2051.0 -.8530785E-10
  2052.0 0.4021159E-10
  2053.0 0.1637391E-09
  2054.0 0.2824649E-09
  2055.0 0.3936342E-09
  2056.0 0.4946043E-09
  2057.0 0.5828939E-09
  2058.0 0.6562486E-09
  2059.0 0.7126736E-09
  2060.0 0.7504927E-09
  2061.0 0.7683816E-09
  2062.0 0.7653939E-09
  2063.0 0.7409983E-09
  2064.0 0.6950863E-09
  2065.0 0.6279877E-09
  2066.0 0.5404620E-09
  2067.0 0.4337045E-09
  2068.0 0.3093175E-09
  2069.0 0.1692932E-09
  2070.0 0.1597827E-10
  2071.0 -.1479650E-09
  2072.0 -.3196047E-09
  2073.0 -.4957936E-09
  2074.0 -.6732184E-09
  2075.0 -.8484701E-09
  2076.0 -.1018101E-08
  2077.0 -.1178693E-08
  2078.0 -.1326919E-08
  2079.0 -.1459607E-08
  2080.0 -.1573807E-08
  2081.0 -.1666845E-08
  2082.0 -.1736375E-08
  2083.0 -.1780434E-08
  2084.0 -.1797480E-08
  2085.0 -.1786426E-08
  2086.0 -.1746665E-08
  2087.0 -.1678095E-08
  2088.0 -.1581118E-08
  2089.0 -.1456650E-08
  2090.0 -.1306106E-08
  2091.0 -.1131376E-08
  2092.0 -.9348119E-09
  2093.0 -.7191732E-09
  2094.0 -.4875972E-09
  2095.0 -.2435429E-09
  2096.0 0.9268637E-11
  2097.0 0.2669148E-09
  2098.0 0.5253381E-09
  2099.0 0.7804142E-09
  2100.0 0.1028030E-08
  2101.0 0.1264146E-08
  2102.0 0.1484879E-08
  2103.0 0.1686554E-08
  2104.0 0.1865795E-08
  2105.0 0.2019558E-08
  2106.0 0.2145207E-08
  2107.0 0.2240549E-08
  2108.0 0.2303890E-08
  2109.0 0.2334052E-08
  2110.0 0.2330399E-08
  2111.0 0.2292870E-08
  2112.0 0.2221959E-08
  2113.0 0.2118721E-08
  2114.0 0.1984751E-08
  2115.0 0.1822179E-08
  2116.0 0.1633602E-08
  2117.0 0.1422072E-08
  2118.0 0.1191032E-08
  2119.0 0.9442579E-09
  2120.0 0.6858007E-09
  2121.0 0.4199147E-09
  2122.0 0.1509829E-09
  2123.0 -.1165522E-09
  2124.0 -.3782676E-09
  2125.0 -.6298346E-09
  2126.0 -.8670933E-09
  2127.0 -.1086128E-08
  2128.0 -.1283324E-08
  2129.0 -.1455445E-08
  2130.0 -.1599673E-08
  2131.0 -.1713672E-08
  2132.0 -.1795617E-08
  2133.0 -.1844233E-08
  2134.0 -.1858813E-08
  2135.0 -.1839234E-08
  2136.0 -.1785952E-08
  2137.0 -.1700003E-08
  2138.0 -.1582984E-08
  2139.0 -.1437017E-08
  2140.0 -.1264724E-08
  2141.0 -.1069167E-08
  2142.0 -.8538079E-09
  2143.0 -.6224419E-09
  2144.0 -.3791337E-09
  2145.0 -.1281441E-09
  2146.0 0.1261432E-09
  2147.0 0.3792977E-09
  2148.0 0.6269203E-09
  2149.0 0.8647195E-09
  2150.0 0.1088587E-08
  2151.0 0.1294667E-08
  2152.0 0.1479425E-08
  2153.0 0.1639711E-08
  2154.0 0.1772817E-08
  2155.0 0.1876508E-08
  2156.0 0.1949083E-08
  2157.0 0.1989390E-08
  2158.0 0.1996836E-08
  2159.0 0.1971427E-08
  2160.0 0.1913736E-08
  2161.0 0.1824903E-08
  2162.0 0.1706616E-08
  2163.0 0.1561071E-08
  2164.0 0.1390942E-08
  2165.0 0.1199318E-08
  2166.0 0.9896615E-09
  2167.0 0.7657311E-09
  2168.0 0.5315223E-09
  2169.0 0.2911880E-09
  2170.0 0.4896667E-10
  2171.0 -.1908982E-09
  2172.0 -.4242309E-09
  2173.0 -.6470051E-09
  2174.0 -.8554117E-09
  2175.0 -.1045933E-08
  2176.0 -.1215398E-08
  2177.0 -.1361055E-08
  2178.0 -.1480596E-08
  2179.0 -.1572221E-08
  2180.0 -.1634655E-08
  2181.0 -.1667176E-08
  2182.0 -.1669618E-08
  2183.0 -.1642379E-08
  2184.0 -.1586402E-08
  2185.0 -.1503160E-08
  2186.0 -.1394621E-08
  2187.0 -.1263209E-08
  2188.0 -.1111754E-08
  2189.0 -.9434283E-09
  2190.0 -.7616899E-09
  2191.0 -.5702129E-09
  2192.0 -.3728067E-09
  2193.0 -.1733444E-09
  2194.0 0.2431398E-10
  2195.0 0.2164027E-09
  2196.0 0.3993229E-09
  2197.0 0.5697148E-09
  2198.0 0.7245244E-09
  2199.0 0.8610674E-09
  2200.0 0.9770762E-09
  2201.0 0.1070749E-08
  2202.0 0.1140783E-08
  2203.0 0.1186403E-08
  2204.0 0.1207365E-08
  2205.0 0.1203967E-08
  2206.0 0.1177042E-08
  2207.0 0.1127927E-08
  2208.0 0.1058439E-08
  2209.0 0.9708281E-09
  2210.0 0.8677392E-09
  2211.0 0.7521344E-09
  2212.0 0.6272333E-09
  2213.0 0.4964427E-09
  2214.0 0.3632763E-09
  2215.0 0.2312704E-09
  2216.0 0.1039077E-09
  2217.0 -.1546942E-10
  2218.0 -.1237348E-09
  2219.0 -.2180543E-09
  2220.0 -.2959548E-09
  2221.0 -.3553889E-09
  2222.0 -.3947833E-09
  2223.0 -.4130859E-09
  2224.0 -.4097963E-09
  2225.0 -.3849870E-09
  2226.0 -.3393069E-09
  2227.0 -.2739798E-09
  2228.0 -.1907822E-09
  2229.0 -.9201284E-10
  2230.0 0.1955365E-10
  2231.0 0.1407233E-09
  2232.0 0.2679472E-09
  2233.0 0.3974026E-09
  2234.0 0.5250773E-09
  2235.0 0.6468621E-09
  2236.0 0.7586388E-09
  2237.0 0.8563927E-09
  2238.0 0.9363041E-09
  2239.0 0.9948424E-09
  2240.0 0.1028869E-08
  2241.0 0.1035716E-08
  2242.0 0.1013271E-08
  2243.0 0.9600428E-09
  2244.0 0.8752276E-09
  2245.0 0.7587392E-09
  2246.0 0.6112462E-09
  2247.0 0.4341906E-09
  2248.0 0.2297720E-09
  2249.0 0.9402068E-12
  2250.0 -.2486487E-09
  2251.0 -.5146876E-09
  2252.0 -.7922780E-09
  2253.0 -.1076028E-08
  2254.0 -.1360142E-08
  2255.0 -.1638534E-08
  2256.0 -.1904946E-08
  2257.0 -.2153081E-08
  2258.0 -.2376730E-08
  2259.0 -.2569909E-08
  2260.0 -.2727005E-08
  2261.0 -.2842891E-08
  2262.0 -.2913076E-08
  2263.0 -.2933797E-08
  2264.0 -.2902152E-08
  2265.0 -.2816169E-08
  2266.0 -.2674901E-08
  2267.0 -.2478480E-08
  2268.0 -.2228144E-08
  2269.0 -.1926270E-08
  2270.0 -.1576358E-08
  2271.0 -.1183000E-08
  2272.0 -.7518312E-09
  2273.0 -.2894583E-09
  2274.0 0.1966463E-09
  2275.0 0.6982563E-09
  2276.0 0.1206531E-08
  2277.0 0.1712175E-08
  2278.0 0.2205593E-08
  2279.0 0.2677082E-08
  2280.0 0.3117016E-08
  2281.0 0.3516036E-08
  2282.0 0.3865244E-08
  2283.0 0.4156385E-08
  2284.0 0.4382053E-08
  2285.0 0.4535821E-08
  2286.0 0.4612469E-08
  2287.0 0.4608038E-08
  2288.0 0.4520007E-08
  2289.0 0.4347390E-08
  2290.0 0.4090746E-08
  2291.0 0.3752306E-08
  2292.0 0.3335891E-08
  2293.0 0.2846961E-08
  2294.0 0.2292519E-08
  2295.0 0.1681032E-08
  2296.0 0.1022332E-08
  2297.0 0.3274549E-09
  2298.0 -.3915402E-09
  2299.0 -.1121753E-08
  2300.0 -.1849676E-08
  2301.0 -.2561429E-08
  2302.0 -.3242998E-08
  2303.0 -.3880534E-08
  2304.0 -.4460567E-08
  2305.0 -.4970337E-08
  2306.0 -.5397985E-08
  2307.0 -.5732866E-08
  2308.0 -.5965749E-08
  2309.0 -.6089044E-08
  2310.0 -.6097000E-08
  2311.0 -.5985842E-08
  2312.0 -.5753937E-08
  2313.0 -.5401869E-08
  2314.0 -.4932487E-08
  2315.0 -.4350923E-08
  2316.0 -.3664574E-08
  2317.0 -.2883026E-08
  2318.0 -.2017946E-08
  2319.0 -.1082917E-08
  2320.0 -.9326500E-10
  2321.0 0.9341864E-09
  2322.0 0.1981371E-08
  2323.0 0.3029272E-08
  2324.0 0.4058231E-08
  2325.0 0.5048304E-08
  2326.0 0.5979576E-08
  2327.0 0.6832550E-08
  2328.0 0.7588510E-08
  2329.0 0.8229812E-08
  2330.0 0.8740337E-08
  2331.0 0.9105678E-08
  2332.0 0.9313564E-08
  2333.0 0.9354054E-08
  2334.0 0.9219813E-08
  2335.0 0.8906302E-08
  2336.0 0.8411872E-08
  2337.0 0.7737973E-08
  2338.0 0.6889098E-08
  2339.0 0.5872873E-08
  2340.0 0.4699960E-08
  2341.0 0.3383932E-08
  2342.0 0.1941164E-08
  2343.0 0.3905888E-09
  2344.0 -.1246552E-08
  2345.0 -.2947009E-08
  2346.0 -.4685858E-08
  2347.0 -.6436896E-08
  2348.0 -.8173022E-08
  2349.0 -.9866649E-08
  2350.0 -.1149024E-07
  2351.0 -.1301662E-07
  2352.0 -.1441952E-07
  2353.0 -.1567398E-07
  2354.0 -.1675683E-07
  2355.0 -.1764693E-07
  2356.0 -.1832587E-07
  2357.0 -.1877785E-07
  2358.0 -.1899045E-07
  2359.0 -.1895453E-07
  2360.0 -.1866464E-07
  2361.0 -.1811895E-07
  2362.0 -.1731961E-07
  2363.0 -.1627244E-07
  2364.0 -.1498720E-07
  2365.0 -.1347725E-07
  2366.0 -.1175954E-07
  2367.0 -.9854283E-08
  2368.0 -.7784704E-08
  2369.0 -.5576773E-08
  2370.0 -.3258739E-08
  2371.0 -.8607611E-09
  2372.0 0.1585527E-08
  2373.0 0.4047529E-08
  2374.0 0.6492141E-08
  2375.0 0.8886289E-08
  2376.0 0.1119739E-07
  2377.0 0.1339389E-07
  2378.0 0.1544573E-07
  2379.0 0.1732477E-07
  2380.0 0.1900537E-07
  2381.0 0.2046450E-07
  2382.0 0.2168238E-07
  2383.0 0.2264266E-07
  2384.0 0.2333257E-07
  2385.0 0.2374335E-07
  2386.0 0.2387010E-07
  2387.0 0.2371213E-07
  2388.0 0.2327261E-07
  2389.0 0.2255888E-07
  2390.0 0.2158206E-07
  2391.0 0.2035707E-07
  2392.0 0.1890211E-07
  2393.0 0.1723866E-07
  2394.0 0.1539095E-07
  2395.0 0.1338560E-07
  2396.0 0.1125135E-07
  2397.0 0.9018363E-08
  2398.0 0.6717960E-08
  2399.0 0.4382039E-08
