     0.0 0.0000000E+00
     1.0 0.5158362E-17
     2.0 -.6202701E-16
     3.0 -.4470667E-15
     4.0 -.1555999E-14
     5.0 -.3946257E-14
     6.0 -.8309069E-14
     7.0 -.1544550E-13
     8.0 -.2623858E-13
     9.0 -.4162192E-13
    10.0 -.6254543E-13
    11.0 -.8993954E-13
    12.0 -.1246788E-12
    13.0 -.1675464E-12
    14.0 -.2191997E-12
    15.0 -.2801392E-12
    16.0 -.3506795E-12
    17.0 -.4309255E-12
    18.0 -.5207516E-12
    19.0 -.6197863E-12
    20.0 -.7274019E-12
    21.0 -.8427067E-12
    22.0 -.9645447E-12
    23.0 -.1091497E-11
    24.0 -.1221888E-11
    25.0 -.1353796E-11
    26.0 -.1485063E-11
    27.0 -.1613315E-11
    28.0 -.1735975E-11
    29.0 -.1850285E-11
    30.0 -.1953331E-11
    31.0 -.2042061E-11
    32.0 -.2113316E-11
    33.0 -.2163859E-11
    34.0 -.2190406E-11
    35.0 -.2189658E-11
    36.0 -.2158340E-11
    37.0 -.2093246E-11
    38.0 -.1991280E-11
    39.0 -.1849500E-11
    40.0 -.1665182E-11
    41.0 -.1435862E-11
    42.0 -.1159404E-11
    43.0 -.8340485E-12
    44.0 -.4584809E-12
    45.0 -.3188418E-13
    46.0 0.4460059E-12
    47.0 0.9748495E-12
    48.0 0.1553661E-11
    49.0 0.2180776E-11
    50.0 0.2853827E-11
    51.0 0.3569738E-11
    52.0 0.4324733E-11
    53.0 0.5114361E-11
    54.0 0.5933532E-11
    55.0 0.6776598E-11
    56.0 0.7637419E-11
    57.0 0.8509476E-11
    58.0 0.9385992E-11
    59.0 0.1026007E-10
    60.0 0.1112483E-10
    61.0 0.1197360E-10
    62.0 0.1280007E-10
    63.0 0.1359846E-10
    64.0 0.1436370E-10
    65.0 0.1509156E-10
    66.0 0.1577884E-10
    67.0 0.1642349E-10
    68.0 0.1702465E-10
    69.0 0.1758284E-10
    70.0 0.1809988E-10
    71.0 0.1857892E-10
    72.0 0.1902451E-10
    73.0 0.1944234E-10
    74.0 0.1983928E-10
    75.0 0.2022310E-10
    76.0 0.2060235E-10
    77.0 0.2098609E-10
    78.0 0.2138362E-10
    79.0 0.2180424E-10
    80.0 0.2225693E-10
    81.0 0.2274999E-10
    82.0 0.2329090E-10
    83.0 0.2388582E-10
    84.0 0.2453954E-10
    85.0 0.2525509E-10
    86.0 0.2603364E-10
    87.0 0.2687439E-10
    88.0 0.2777434E-10
    89.0 0.2872845E-10
    90.0 0.2972958E-10
    91.0 0.3076860E-10
    92.0 0.3183463E-10
    93.0 0.3291524E-10
    94.0 0.3399669E-10
    95.0 0.3506443E-10
    96.0 0.3610324E-10
    97.0 0.3709795E-10
    98.0 0.3803366E-10
    99.0 0.3889620E-10
   100.0 0.3967271E-10
   101.0 0.4035184E-10
   102.0 0.4092450E-10
   103.0 0.4138421E-10
   104.0 0.4172754E-10
   105.0 0.4195422E-10
   106.0 0.4206735E-10
   107.0 0.4207329E-10
   108.0 0.4198153E-10
   109.0 0.4180469E-10
   110.0 0.4155802E-10
   111.0 0.4125904E-10
   112.0 0.4092709E-10
   113.0 0.4058274E-10
   114.0 0.4024708E-10
   115.0 0.3994127E-10
   116.0 0.3968554E-10
   117.0 0.3949880E-10
   118.0 0.3939778E-10
   119.0 0.3939651E-10
   120.0 0.3950572E-10
   121.0 0.3973237E-10
   122.0 0.4007928E-10
   123.0 0.4054492E-10
   124.0 0.4112322E-10
   125.0 0.4180362E-10
   126.0 0.4257118E-10
   127.0 0.4340705E-10
   128.0 0.4428854E-10
   129.0 0.4519011E-10
   130.0 0.4608371E-10
   131.0 0.4693973E-10
   132.0 0.4772766E-10
   133.0 0.4841728E-10
   134.0 0.4897930E-10
   135.0 0.4938638E-10
   136.0 0.4961411E-10
   137.0 0.4964182E-10
   138.0 0.4945318E-10
   139.0 0.4903719E-10
   140.0 0.4838833E-10
   141.0 0.4750722E-10
   142.0 0.4640071E-10
   143.0 0.4508195E-10
   144.0 0.4357030E-10
   145.0 0.4189088E-10
   146.0 0.4007421E-10
   147.0 0.3815544E-10
   148.0 0.3617354E-10
   149.0 0.3417050E-10
   150.0 0.3218997E-10
   151.0 0.3027625E-10
   152.0 0.2847329E-10
   153.0 0.2682309E-10
   154.0 0.2536467E-10
   155.0 0.2413294E-10
   156.0 0.2315750E-10
   157.0 0.2246179E-10
   158.0 0.2206211E-10
   159.0 0.2196703E-10
   160.0 0.2217688E-10
   161.0 0.2268357E-10
   162.0 0.2347043E-10
   163.0 0.2451239E-10
   164.0 0.2577650E-10
   165.0 0.2722249E-10
   166.0 0.2880347E-10
   167.0 0.3046728E-10
   168.0 0.3215738E-10
   169.0 0.3381424E-10
   170.0 0.3537697E-10
   171.0 0.3678475E-10
   172.0 0.3797823E-10
   173.0 0.3890121E-10
   174.0 0.3950229E-10
   175.0 0.3973601E-10
   176.0 0.3956427E-10
   177.0 0.3895754E-10
   178.0 0.3789568E-10
   179.0 0.3636877E-10
   180.0 0.3437746E-10
   181.0 0.3193342E-10
   182.0 0.2905911E-10
   183.0 0.2578739E-10
   184.0 0.2216136E-10
   185.0 0.1823304E-10
   186.0 0.1406257E-10
   187.0 0.9716888E-11
   188.0 0.5268145E-11
   189.0 0.7922183E-12
   190.0 -.3633154E-11
   191.0 -.7930177E-11
   192.0 -.1202276E-10
   193.0 -.1583852E-10
   194.0 -.1931044E-10
   195.0 -.2237850E-10
   196.0 -.2499138E-10
   197.0 -.2710763E-10
   198.0 -.2869690E-10
   199.0 -.2974074E-10
   200.0 -.3023324E-10
   201.0 -.3018125E-10
   202.0 -.2960452E-10
   203.0 -.2853518E-10
   204.0 -.2701733E-10
   205.0 -.2510607E-10
   206.0 -.2286620E-10
   207.0 -.2037100E-10
   208.0 -.1770042E-10
   209.0 -.1493939E-10
   210.0 -.1217579E-10
   211.0 -.9498392E-11
   212.0 -.6994935E-11
   213.0 -.4749866E-11
   214.0 -.2842420E-11
   215.0 -.1344700E-11
   216.0 -.3199744E-12
   217.0 0.1789029E-12
   218.0 0.1109321E-12
   219.0 -.5522209E-12
   220.0 -.1825347E-11
   221.0 -.3709230E-11
   222.0 -.6190637E-11
   223.0 -.9242503E-11
   224.0 -.1282451E-10
   225.0 -.1688400E-10
   226.0 -.2135715E-10
   227.0 -.2617041E-10
   228.0 -.3124214E-10
   229.0 -.3648481E-10
   230.0 -.4180668E-10
   231.0 -.4711410E-10
   232.0 -.5231391E-10
   233.0 -.5731539E-10
   234.0 -.6203259E-10
   235.0 -.6638635E-10
   236.0 -.7030609E-10
   237.0 -.7373178E-10
   238.0 -.7661493E-10
   239.0 -.7892036E-10
   240.0 -.8062627E-10
   241.0 -.8172555E-10
   242.0 -.8222527E-10
   243.0 -.8214704E-10
   244.0 -.8152578E-10
   245.0 -.8040955E-10
   246.0 -.7885748E-10
   247.0 -.7693918E-10
   248.0 -.7473239E-10
   249.0 -.7232077E-10
   250.0 -.6979228E-10
   251.0 -.6723670E-10
   252.0 -.6474316E-10
   253.0 -.6239786E-10
   254.0 -.6028202E-10
   255.0 -.5846960E-10
   256.0 -.5702508E-10
   257.0 -.5600226E-10
   258.0 -.5544230E-10
   259.0 -.5537286E-10
   260.0 -.5580716E-10
   261.0 -.5674389E-10
   262.0 -.5816648E-10
   263.0 -.6004428E-10
   264.0 -.6233270E-10
   265.0 -.6497464E-10
   266.0 -.6790177E-10
   267.0 -.7103653E-10
   268.0 -.7429407E-10
   269.0 -.7758419E-10
   270.0 -.8081466E-10
   271.0 -.8389280E-10
   272.0 -.8672866E-10
   273.0 -.8923758E-10
   274.0 -.9134238E-10
   275.0 -.9297563E-10
   276.0 -.9408227E-10
   277.0 -.9462114E-10
   278.0 -.9456596E-10
   279.0 -.9390731E-10
   280.0 -.9265273E-10
   281.0 -.9082717E-10
   282.0 -.8847247E-10
   283.0 -.8564716E-10
   284.0 -.8242518E-10
   285.0 -.7889404E-10
   286.0 -.7515279E-10
   287.0 -.7131010E-10
   288.0 -.6748143E-10
   289.0 -.6378537E-10
   290.0 -.6034191E-10
   291.0 -.5726783E-10
   292.0 -.5467419E-10
   293.0 -.5266266E-10
   294.0 -.5132288E-10
   295.0 -.5072905E-10
   296.0 -.5093745E-10
   297.0 -.5198447E-10
   298.0 -.5388406E-10
   299.0 -.5662742E-10
   300.0 -.6018119E-10
   301.0 -.6448782E-10
   302.0 -.6946557E-10
   303.0 -.7500989E-10
   304.0 -.8099454E-10
   305.0 -.8727422E-10
   306.0 -.9368682E-10
   307.0 -.1000570E-09
   308.0 -.1062001E-09
   309.0 -.1119254E-09
   310.0 -.1170416E-09
   311.0 -.1213605E-09
   312.0 -.1247024E-09
   313.0 -.1269001E-09
   314.0 -.1278038E-09
   315.0 -.1272861E-09
   316.0 -.1252451E-09
   317.0 -.1216083E-09
   318.0 -.1163359E-09
   319.0 -.1094233E-09
   320.0 -.1009022E-09
   321.0 -.9084241E-10
   322.0 -.7935157E-10
   323.0 -.6657438E-10
   324.0 -.5269139E-10
   325.0 -.3791609E-10
   326.0 -.2249199E-10
   327.0 -.6688508E-11
   328.0 0.9204281E-11
   329.0 0.2488064E-10
   330.0 0.4002565E-10
   331.0 0.5432146E-10
   332.0 0.6745456E-10
   333.0 0.7912237E-10
   334.0 0.8904082E-10
   335.0 0.9695120E-10
   336.0 0.1026267E-09
   337.0 0.1058794E-09
   338.0 0.1065652E-09
   339.0 0.1045895E-09
   340.0 0.9991140E-10
   341.0 0.9254618E-10
   342.0 0.8256876E-10
   343.0 0.7011321E-10
   344.0 0.5537364E-10
   345.0 0.3860183E-10
   346.0 0.2010483E-10
   347.0 0.2407705E-12
   348.0 -.2058666E-10
   349.0 -.4193484E-10
   350.0 -.6332970E-10
   351.0 -.8427434E-10
   352.0 -.1042588E-09
   353.0 -.1227700E-09
   354.0 -.1393021E-09
   355.0 -.1533677E-09
   356.0 -.1645086E-09
   357.0 -.1723068E-09
   358.0 -.1763942E-09
   359.0 -.1764632E-09
   360.0 -.1722743E-09
   361.0 -.1636660E-09
   362.0 -.1505580E-09
   363.0 -.1329601E-09
   364.0 -.1109719E-09
   365.0 -.8478728E-10
   366.0 -.5469265E-10
   367.0 -.2106525E-10
   368.0 0.1563073E-10
   369.0 0.5485049E-10
   370.0 0.9597630E-10
   371.0 0.1383274E-09
   372.0 0.1811713E-09
   373.0 0.2237361E-09
   374.0 0.2652256E-09
   375.0 0.3048335E-09
   376.0 0.3417603E-09
   377.0 0.3752294E-09
   378.0 0.4045031E-09
   379.0 0.4288998E-09
   380.0 0.4478096E-09
   381.0 0.4607104E-09
   382.0 0.4671795E-09
   383.0 0.4669079E-09
   384.0 0.4597115E-09
   385.0 0.4455373E-09
   386.0 0.4244709E-09
   387.0 0.3967403E-09
   388.0 0.3627157E-09
   389.0 0.3229103E-09
   390.0 0.2779700E-09
   391.0 0.2286713E-09
   392.0 0.1759082E-09
   393.0 0.1206781E-09
   394.0 0.6406679E-10
   395.0 0.7229915E-11
   396.0 -.4862729E-10
   397.0 -.1022728E-09
   398.0 -.1524707E-09
   399.0 -.1980062E-09
   400.0 -.2377099E-09
   401.0 -.2704839E-09
   402.0 -.2953254E-09
   403.0 -.3113508E-09
   404.0 -.3178168E-09
   405.0 -.3141424E-09
   406.0 -.2999249E-09
   407.0 -.2749544E-09
   408.0 -.2392270E-09
   409.0 -.1929514E-09
   410.0 -.1365521E-09
   411.0 -.7067130E-10
   412.0 0.3837297E-11
   413.0 0.8591693E-10
   414.0 0.1743203E-09
   415.0 0.2676278E-09
   416.0 0.3642683E-09
   417.0 0.4625438E-09
   418.0 0.5606601E-09
   419.0 0.6567557E-09
   420.0 0.7489352E-09
   421.0 0.8353106E-09
   422.0 0.9140319E-09
   423.0 0.9833260E-09
   424.0 0.1041541E-08
   425.0 0.1087166E-08
   426.0 0.1118888E-08
   427.0 0.1135611E-08
   428.0 0.1136484E-08
   429.0 0.1120934E-08
   430.0 0.1088686E-08
   431.0 0.1039774E-08
   432.0 0.9745550E-09
   433.0 0.8937199E-09
   434.0 0.7982834E-09
   435.0 0.6895823E-09
   436.0 0.5692590E-09
   437.0 0.4392444E-09
   438.0 0.3017286E-09
   439.0 0.1591321E-09
   440.0 0.1406369E-10
   441.0 -.1307175E-09
   442.0 -.2723527E-09
   443.0 -.4079317E-09
   444.0 -.5345480E-09
   445.0 -.6493526E-09
   446.0 -.7496107E-09
   447.0 -.8327579E-09
   448.0 -.8964549E-09
   449.0 -.9386394E-09
   450.0 -.9575752E-09
   451.0 -.9518982E-09
   452.0 -.9206560E-09
   453.0 -.8633421E-09
   454.0 -.7799183E-09
   455.0 -.6708386E-09
   456.0 -.5370536E-09
   457.0 -.3800185E-09
   458.0 -.2016841E-09
   459.0 -.4475296E-11
   460.0 0.2087296E-09
   461.0 0.4346349E-09
   462.0 0.6695707E-09
   463.0 0.9095484E-09
   464.0 0.1150314E-08
   465.0 0.1387417E-08
   466.0 0.1616275E-08
   467.0 0.1832265E-08
   468.0 0.2030783E-08
   469.0 0.2207343E-08
   470.0 0.2357641E-08
   471.0 0.2477649E-08
   472.0 0.2563688E-08
   473.0 0.2612498E-08
   474.0 0.2621313E-08
   475.0 0.2587936E-08
   476.0 0.2510760E-08
   477.0 0.2388848E-08
   478.0 0.2221951E-08
   479.0 0.2010544E-08
   480.0 0.1755826E-08
   481.0 0.1459734E-08
   482.0 0.1124932E-08
   483.0 0.7547770E-09
   484.0 0.3532943E-09
   485.0 -.7487292E-10
   486.0 -.5245236E-09
   487.0 -.9899694E-09
   488.0 -.1465109E-08
   489.0 -.1943521E-08
   490.0 -.2418560E-08
   491.0 -.2883454E-08
   492.0 -.3331398E-08
   493.0 -.3755690E-08
   494.0 -.4149818E-08
   495.0 -.4507559E-08
   496.0 -.4823114E-08
   497.0 -.5091187E-08
   498.0 -.5307056E-08
   499.0 -.5466706E-08
   500.0 -.5566876E-08
   501.0 -.5605119E-08
   502.0 -.5579860E-08
   503.0 -.5490433E-08
   504.0 -.5337116E-08
   505.0 -.5121103E-08
   506.0 -.4844569E-08
   507.0 -.4510567E-08
   508.0 -.4123038E-08
   509.0 -.3686756E-08
   510.0 -.3207247E-08
   511.0 -.2690729E-08
   512.0 -.2144013E-08
   513.0 -.1574401E-08
   514.0 -.9895741E-09
   515.0 -.3974928E-09
   516.0 0.1937495E-09
   517.0 0.7760312E-09
   518.0 0.1341338E-08
   519.0 0.1881887E-08
   520.0 0.2390248E-08
   521.0 0.2859466E-08
   522.0 0.3283154E-08
   523.0 0.3655627E-08
   524.0 0.3971956E-08
   525.0 0.4228069E-08
   526.0 0.4420817E-08
   527.0 0.4548003E-08
   528.0 0.4608449E-08
   529.0 0.4601983E-08
   530.0 0.4529457E-08
   531.0 0.4392729E-08
   532.0 0.4194628E-08
   533.0 0.3938929E-08
   534.0 0.3630235E-08
   535.0 0.3273965E-08
   536.0 0.2876231E-08
   537.0 0.2443727E-08
   538.0 0.1983653E-08
   539.0 0.1503560E-08
   540.0 0.1011246E-08
   541.0 0.5146318E-09
   542.0 0.2161434E-10
   543.0 -.4600463E-09
   544.0 -.9228573E-09
   545.0 -.1359711E-08
   546.0 -.1764010E-08
   547.0 -.2129751E-08
   548.0 -.2451636E-08
   549.0 -.2725132E-08
   550.0 -.2946568E-08
   551.0 -.3113162E-08
   552.0 -.3223061E-08
   553.0 -.3275373E-08
   554.0 -.3270156E-08
   555.0 -.3208420E-08
   556.0 -.3092079E-08
   557.0 -.2923927E-08
   558.0 -.2707562E-08
   559.0 -.2447329E-08
   560.0 -.2148216E-08
   561.0 -.1815776E-08
   562.0 -.1456009E-08
   563.0 -.1075273E-08
   564.0 -.6801367E-09
   565.0 -.2772934E-09
   566.0 0.1265790E-09
   567.0 0.5249286E-09
   568.0 0.9114368E-09
   569.0 0.1280132E-08
   570.0 0.1625487E-08
   571.0 0.1942513E-08
   572.0 0.2226823E-08
   573.0 0.2474723E-08
   574.0 0.2683241E-08
   575.0 0.2850184E-08
   576.0 0.2974146E-08
   577.0 0.3054532E-08
   578.0 0.3091529E-08
   579.0 0.3086123E-08
   580.0 0.3040019E-08
   581.0 0.2955620E-08
   582.0 0.2835954E-08
   583.0 0.2684609E-08
   584.0 0.2505641E-08
   585.0 0.2303497E-08
   586.0 0.2082901E-08
   587.0 0.1848771E-08
   588.0 0.1606111E-08
   589.0 0.1359909E-08
   590.0 0.1115031E-08
   591.0 0.8761343E-09
   592.0 0.6475748E-09
   593.0 0.4333194E-09
   594.0 0.2368813E-09
   595.0 0.6124794E-10
   596.0 -.9116160E-10
   597.0 -.2185406E-09
   598.0 -.3197164E-09
   599.0 -.3941631E-09
   600.0 -.4420001E-09
   601.0 -.4639710E-09
   602.0 -.4614212E-09
   603.0 -.4362460E-09
   604.0 -.3908512E-09
   605.0 -.3280727E-09
   606.0 -.2511135E-09
   607.0 -.1634643E-09
   608.0 -.6880865E-10
   609.0 0.2905606E-10
   610.0 0.1263188E-09
   611.0 0.2192447E-09
   612.0 0.3042626E-09
   613.0 0.3780489E-09
   614.0 0.4376167E-09
   615.0 0.4803771E-09
   616.0 0.5042116E-09
   617.0 0.5075187E-09
   618.0 0.4892610E-09
   619.0 0.4489891E-09
   620.0 0.3868630E-09
   621.0 0.3036485E-09
   622.0 0.2007114E-09
   623.0 0.7998909E-10
   624.0 -.5604568E-10
   625.0 -.2044334E-09
   626.0 -.3617946E-09
   627.0 -.5243943E-09
   628.0 -.6882267E-09
   629.0 -.8491021E-09
   630.0 -.1002738E-08
   631.0 -.1144856E-08
   632.0 -.1271274E-08
   633.0 -.1378019E-08
   634.0 -.1461401E-08
   635.0 -.1518107E-08
   636.0 -.1545299E-08
   637.0 -.1540667E-08
   638.0 -.1502509E-08
   639.0 -.1429774E-08
   640.0 -.1322107E-08
   641.0 -.1179881E-08
   642.0 -.1004191E-08
   643.0 -.7968692E-09
   644.0 -.5604618E-09
   645.0 -.2981931E-09
   646.0 -.1392031E-10
   647.0 0.2879252E-09
   648.0 0.6024150E-09
   649.0 0.9242058E-09
   650.0 0.1247632E-08
   651.0 0.1566813E-08
   652.0 0.1875758E-08
   653.0 0.2168484E-08
   654.0 0.2439114E-08
   655.0 0.2682022E-08
   656.0 0.2891913E-08
   657.0 0.3063952E-08
   658.0 0.3193846E-08
   659.0 0.3277967E-08
   660.0 0.3313389E-08
   661.0 0.3297996E-08
   662.0 0.3230515E-08
   663.0 0.3110554E-08
   664.0 0.2938645E-08
   665.0 0.2716231E-08
   666.0 0.2445663E-08
   667.0 0.2130173E-08
   668.0 0.1773839E-08
   669.0 0.1381510E-08
   670.0 0.9587378E-09
   671.0 0.5116957E-09
   672.0 0.4706647E-10
   673.0 -.4280565E-09
   674.0 -.9062979E-09
   675.0 -.1380128E-08
   676.0 -.1841977E-08
   677.0 -.2284380E-08
   678.0 -.2700116E-08
   679.0 -.3082310E-08
   680.0 -.3424576E-08
   681.0 -.3721125E-08
   682.0 -.3966873E-08
   683.0 -.4157521E-08
   684.0 -.4289652E-08
   685.0 -.4360782E-08
   686.0 -.4369410E-08
   687.0 -.4315067E-08
   688.0 -.4198291E-08
   689.0 -.4020652E-08
   690.0 -.3784725E-08
   691.0 -.3494045E-08
   692.0 -.3153043E-08
   693.0 -.2766978E-08
   694.0 -.2341862E-08
   695.0 -.1884330E-08
   696.0 -.1401561E-08
   697.0 -.9011374E-09
   698.0 -.3909190E-09
   699.0 0.1210718E-09
   700.0 0.6268048E-09
   701.0 0.1118369E-08
   702.0 0.1588086E-08
   703.0 0.2028659E-08
   704.0 0.2433282E-08
   705.0 0.2795733E-08
   706.0 0.3110498E-08
   707.0 0.3372831E-08
   708.0 0.3578836E-08
   709.0 0.3725529E-08
   710.0 0.3810867E-08
   711.0 0.3833743E-08
   712.0 0.3794066E-08
   713.0 0.3692658E-08
   714.0 0.3531294E-08
   715.0 0.3312642E-08
   716.0 0.3040192E-08
   717.0 0.2718192E-08
   718.0 0.2351577E-08
   719.0 0.1945876E-08
   720.0 0.1507098E-08
   721.0 0.1041651E-08
   722.0 0.5562161E-09
   723.0 0.5764217E-10
   724.0 -.4471630E-09
   725.0 -.9513347E-09
   726.0 -.1448165E-08
   727.0 -.1931198E-08
   728.0 -.2394311E-08
   729.0 -.2831805E-08
   730.0 -.3238482E-08
   731.0 -.3609688E-08
   732.0 -.3941385E-08
   733.0 -.4230180E-08
   734.0 -.4473323E-08
   735.0 -.4668783E-08
   736.0 -.4815193E-08
   737.0 -.4911877E-08
   738.0 -.4958804E-08
   739.0 -.4956608E-08
   740.0 -.4906489E-08
   741.0 -.4810237E-08
   742.0 -.4670120E-08
   743.0 -.4488886E-08
   744.0 -.4269691E-08
   745.0 -.4016032E-08
   746.0 -.3731701E-08
   747.0 -.3420717E-08
   748.0 -.3087298E-08
   749.0 -.2735779E-08
   750.0 -.2370573E-08
   751.0 -.1996141E-08
   752.0 -.1616923E-08
   753.0 -.1237326E-08
   754.0 -.8616712E-09
   755.0 -.4941751E-09
   756.0 -.1389275E-09
   757.0 0.2001466E-09
   758.0 0.5192920E-09
   759.0 0.8149483E-09
   760.0 0.1083765E-08
   761.0 0.1322614E-08
   762.0 0.1528618E-08
   763.0 0.1699155E-08
   764.0 0.1831874E-08
   765.0 0.1924710E-08
   766.0 0.1975944E-08
   767.0 0.1984152E-08
   768.0 0.1948308E-08
   769.0 0.1867748E-08
   770.0 0.1742236E-08
   771.0 0.1571963E-08
   772.0 0.1357602E-08
   773.0 0.1100293E-08
   774.0 0.8017241E-09
   775.0 0.4640926E-09
   776.0 0.9015498E-10
   777.0 -.3167691E-09
   778.0 -.7528013E-09
   779.0 -.1213506E-08
   780.0 -.1693905E-08
   781.0 -.2188504E-08
   782.0 -.2691332E-08
   783.0 -.3195982E-08
   784.0 -.3695680E-08
   785.0 -.4183350E-08
   786.0 -.4651702E-08
   787.0 -.5093325E-08
   788.0 -.5500799E-08
   789.0 -.5866791E-08
   790.0 -.6184206E-08
   791.0 -.6446284E-08
   792.0 -.6646755E-08
   793.0 -.6779952E-08
   794.0 -.6840954E-08
   795.0 -.6825704E-08
   796.0 -.6731144E-08
   797.0 -.6555276E-08
   798.0 -.6297338E-08
   799.0 -.5957802E-08
   800.0 -.5538480E-08
   801.0 -.5042550E-08
   802.0 -.4474603E-08
   803.0 -.3840575E-08
   804.0 -.3147768E-08
   805.0 -.2404776E-08
   806.0 -.1621394E-08
   807.0 -.8085079E-09
   808.0 0.2204350E-10
   809.0 0.8576280E-09
   810.0 0.1685012E-08
   811.0 0.2490554E-08
   812.0 0.3260438E-08
   813.0 0.3980902E-08
   814.0 0.4638480E-08
   815.0 0.5220254E-08
   816.0 0.5714111E-08
   817.0 0.6108978E-08
   818.0 0.6395059E-08
   819.0 0.6564078E-08
   820.0 0.6609457E-08
   821.0 0.6526523E-08
   822.0 0.6312632E-08
   823.0 0.5967331E-08
   824.0 0.5492411E-08
   825.0 0.4891989E-08
   826.0 0.4172497E-08
   827.0 0.3342678E-08
   828.0 0.2413484E-08
   829.0 0.1398002E-08
   830.0 0.3112699E-09
   831.0 -.8299014E-09
   832.0 -.2007155E-08
   833.0 -.3200862E-08
   834.0 -.4390386E-08
   835.0 -.5554452E-08
   836.0 -.6671427E-08
   837.0 -.7719707E-08
   838.0 -.8678062E-08
   839.0 -.9526029E-08
   840.0 -.1024425E-07
   841.0 -.1081481E-07
   842.0 -.1122160E-07
   843.0 -.1145064E-07
   844.0 -.1149029E-07
   845.0 -.1133159E-07
   846.0 -.1096841E-07
   847.0 -.1039768E-07
   848.0 -.9619399E-08
   849.0 -.8636815E-08
   850.0 -.7456443E-08
   851.0 -.6087976E-08
   852.0 -.4544219E-08
   853.0 -.2840952E-08
   854.0 -.9967759E-09
   855.0 0.9671474E-09
   856.0 0.3027377E-08
   857.0 0.5158506E-08
   858.0 0.7333483E-08
   859.0 0.9524064E-08
   860.0 0.1170114E-07
   861.0 0.1383523E-07
   862.0 0.1589688E-07
   863.0 0.1785707E-07
   864.0 0.1968780E-07
   865.0 0.2136223E-07
   866.0 0.2285550E-07
   867.0 0.2414465E-07
   868.0 0.2520939E-07
   869.0 0.2603215E-07
   870.0 0.2659858E-07
   871.0 0.2689759E-07
   872.0 0.2692157E-07
   873.0 0.2666676E-07
   874.0 0.2613307E-07
   875.0 0.2532426E-07
   876.0 0.2424779E-07
   877.0 0.2291499E-07
   878.0 0.2134070E-07
   879.0 0.1954310E-07
   880.0 0.1754371E-07
   881.0 0.1536688E-07
   882.0 0.1303954E-07
   883.0 0.1059095E-07
   884.0 0.8052074E-08
   885.0 0.5455508E-08
   886.0 0.2834782E-08
   887.0 0.2239821E-09
   888.0 -.2342665E-08
   889.0 -.4831291E-08
   890.0 -.7208836E-08
   891.0 -.9443503E-08
   892.0 -.1150517E-07
   893.0 -.1336586E-07
   894.0 -.1500001E-07
   895.0 -.1638505E-07
   896.0 -.1750142E-07
   897.0 -.1833313E-07
   898.0 -.1886785E-07
   899.0 -.1909712E-07
   900.0 -.1901658E-07
   901.0 -.1862590E-07
   902.0 -.1792899E-07
   903.0 -.1693385E-07
   904.0 -.1565258E-07
   905.0 -.1410126E-07
   906.0 -.1229969E-07
   907.0 -.1027124E-07
   908.0 -.8042599E-08
   909.0 -.5643374E-08
   910.0 -.3105761E-08
   911.0 -.4641559E-09
   912.0 0.2245297E-08
   913.0 0.4985167E-08
   914.0 0.7717238E-08
   915.0 0.1040300E-07
   916.0 0.1300415E-07
   917.0 0.1548316E-07
   918.0 0.1780381E-07
   919.0 0.1993162E-07
   920.0 0.2183441E-07
   921.0 0.2348279E-07
   922.0 0.2485058E-07
   923.0 0.2591508E-07
   924.0 0.2665787E-07
   925.0 0.2706454E-07
   926.0 0.2712542E-07
   927.0 0.2683557E-07
   928.0 0.2619494E-07
   929.0 0.2520847E-07
   930.0 0.2388608E-07
   931.0 0.2224264E-07
   932.0 0.2029773E-07
   933.0 0.1807552E-07
   934.0 0.1560445E-07
   935.0 0.1291686E-07
   936.0 0.1004854E-07
   937.0 0.7038286E-08
   938.0 0.3927390E-08
   939.0 0.7589825E-09
   940.0 -.2422559E-08
   941.0 -.5572273E-08
   942.0 -.8645277E-08
   943.0 -.1159750E-07
   944.0 -.1438632E-07
   945.0 -.1697130E-07
   946.0 -.1931480E-07
   947.0 -.2138261E-07
   948.0 -.2314461E-07
   949.0 -.2457512E-07
   950.0 -.2565363E-07
   951.0 -.2636483E-07
   952.0 -.2669923E-07
   953.0 -.2665321E-07
   954.0 -.2622925E-07
   955.0 -.2543579E-07
   956.0 -.2428728E-07
   957.0 -.2280395E-07
   958.0 -.2101156E-07
   959.0 -.1894094E-07
   960.0 -.1662759E-07
   961.0 -.1411103E-07
   962.0 -.1143431E-07
   963.0 -.8643151E-08
   964.0 -.5785201E-08
   965.0 -.2909312E-08
   966.0 -.6462453E-10
   967.0 0.2700277E-08
   968.0 0.5338185E-08
   969.0 0.7804193E-08
   970.0 0.1005637E-07
   971.0 0.1205665E-07
   972.0 0.1377144E-07
   973.0 0.1517233E-07
   974.0 0.1623649E-07
   975.0 0.1694733E-07
   976.0 0.1729454E-07
   977.0 0.1727454E-07
   978.0 0.1689044E-07
   979.0 0.1615203E-07
   980.0 0.1507564E-07
   981.0 0.1368376E-07
   982.0 0.1200475E-07
   983.0 0.1007223E-07
   984.0 0.7924442E-08
   985.0 0.5603593E-08
   986.0 0.3154951E-08
   987.0 0.6260740E-09
   988.0 -.1934224E-08
   989.0 -.4476733E-08
   990.0 -.6952864E-08
   991.0 -.9315632E-08
   992.0 -.1152050E-07
   993.0 -.1352640E-07
   994.0 -.1529644E-07
   995.0 -.1679878E-07
   996.0 -.1800712E-07
   997.0 -.1890139E-07
   998.0 -.1946811E-07
   999.0 -.1970061E-07
  1000.0 -.1959932E-07
  1001.0 -.1917163E-07
  1002.0 -.1843181E-07
  1003.0 -.1740069E-07
  1004.0 -.1610527E-07
  1005.0 -.1457816E-07
  1006.0 -.1285681E-07
  1007.0 -.1098284E-07
  1008.0 -.9001091E-08
  1009.0 -.6958635E-08
  1010.0 -.4903860E-08
  1011.0 -.2885343E-08
  1012.0 -.9508095E-09
  1013.0 0.8538928E-09
  1014.0 0.2485840E-08
  1015.0 0.3905945E-08
  1016.0 0.5079904E-08
  1017.0 0.5978925E-08
  1018.0 0.6580439E-08
  1019.0 0.6868597E-08
  1020.0 0.6834743E-08
  1021.0 0.6477599E-08
  1022.0 0.5803337E-08
  1023.0 0.4825565E-08
  1024.0 0.3565027E-08
  1025.0 0.2049241E-08
  1026.0 0.3118844E-09
  1027.0 -.1607848E-08
  1028.0 -.3666105E-08
  1029.0 -.5815324E-08
  1030.0 -.8005262E-08
  1031.0 -.1018410E-07
  1032.0 -.1229962E-07
  1033.0 -.1430036E-07
  1034.0 -.1613679E-07
  1035.0 -.1776252E-07
  1036.0 -.1913528E-07
  1037.0 -.2021808E-07
  1038.0 -.2098000E-07
  1039.0 -.2139703E-07
  1040.0 -.2145267E-07
  1041.0 -.2113856E-07
  1042.0 -.2045451E-07
  1043.0 -.1940895E-07
  1044.0 -.1801864E-07
  1045.0 -.1630847E-07
  1046.0 -.1431113E-07
  1047.0 -.1206635E-07
  1048.0 -.9620211E-08
  1049.0 -.7024164E-08
  1050.0 -.4333990E-08
  1051.0 -.1608606E-08
  1052.0 0.1091221E-08
  1053.0 0.3704181E-08
  1054.0 0.6169791E-08
  1055.0 0.8429766E-08
  1056.0 0.1042937E-07
  1057.0 0.1211866E-07
  1058.0 0.1345367E-07
  1059.0 0.1439758E-07
  1060.0 0.1492148E-07
  1061.0 0.1500534E-07
  1062.0 0.1463840E-07
  1063.0 0.1381970E-07
  1064.0 0.1255821E-07
  1065.0 0.1087272E-07
  1066.0 0.8791669E-08
  1067.0 0.6352615E-08
  1068.0 0.3601538E-08
  1069.0 0.5919844E-09
  1070.0 -.2616102E-08
  1071.0 -.5957481E-08
  1072.0 -.9363086E-08
  1073.0 -.1276148E-07
  1074.0 -.1608039E-07
  1075.0 -.1924825E-07
  1076.0 -.2219597E-07
  1077.0 -.2485829E-07
  1078.0 -.2717545E-07
  1079.0 -.2909451E-07
  1080.0 -.3057069E-07
  1081.0 -.3156838E-07
  1082.0 -.3206216E-07
  1083.0 -.3203749E-07
  1084.0 -.3149115E-07
  1085.0 -.3043146E-07
  1086.0 -.2887834E-07
  1087.0 -.2686293E-07
  1088.0 -.2442704E-07
  1089.0 -.2162245E-07
  1090.0 -.1850975E-07
  1091.0 -.1515726E-07
  1092.0 -.1163943E-07
  1093.0 -.8035408E-08
  1094.0 -.4427184E-08
  1095.0 -.8978139E-09
  1096.0 0.2470467E-08
  1097.0 0.5597973E-08
  1098.0 0.8409615E-08
  1099.0 0.1083657E-07
  1100.0 0.1281795E-07
  1101.0 0.1430229E-07
  1102.0 0.1524888E-07
  1103.0 0.1562887E-07
  1104.0 0.1542609E-07
  1105.0 0.1463759E-07
  1106.0 0.1327401E-07
  1107.0 0.1135938E-07
  1108.0 0.8931003E-08
  1109.0 0.6038698E-08
  1110.0 0.2743837E-08
  1111.0 -.8817548E-09
  1112.0 -.4757288E-08
  1113.0 -.8794720E-08
  1114.0 -.1290063E-07
  1115.0 -.1697820E-07
  1116.0 -.2092931E-07
  1117.0 -.2465684E-07
  1118.0 -.2806676E-07
  1119.0 -.3107030E-07
  1120.0 -.3358609E-07
  1121.0 -.3554205E-07
  1122.0 -.3687694E-07
  1123.0 -.3754230E-07
  1124.0 -.3750331E-07
  1125.0 -.3673997E-07
  1126.0 -.3524750E-07
  1127.0 -.3303678E-07
  1128.0 -.3013424E-07
  1129.0 -.2658159E-07
  1130.0 -.2243460E-07
  1131.0 -.1776220E-07
  1132.0 -.1264510E-07
  1133.0 -.7173793E-08
  1134.0 -.1446854E-08
  1135.0 0.4431914E-08
  1136.0 0.1035509E-07
  1137.0 0.1621489E-07
  1138.0 0.2190523E-07
  1139.0 0.2732460E-07
  1140.0 0.3237854E-07
  1141.0 0.3698194E-07
  1142.0 0.4106127E-07
  1143.0 0.4455656E-07
  1144.0 0.4742311E-07
  1145.0 0.4963268E-07
  1146.0 0.5117449E-07
  1147.0 0.5205576E-07
  1148.0 0.5230197E-07
  1149.0 0.5195598E-07
  1150.0 0.5107779E-07
  1151.0 0.4974286E-07
  1152.0 0.4804062E-07
  1153.0 0.4607248E-07
  1154.0 0.4394906E-07
  1155.0 0.4178752E-07
  1156.0 0.3970897E-07
  1157.0 0.3783451E-07
  1158.0 0.3628249E-07
  1159.0 0.3516487E-07
  1160.0 0.3458399E-07
  1161.0 0.3462942E-07
  1162.0 0.3537460E-07
  1163.0 0.3687470E-07
  1164.0 0.3916339E-07
  1165.0 0.4225177E-07
  1166.0 0.4612637E-07
  1167.0 0.5074828E-07
  1168.0 0.5605264E-07
  1169.0 0.6194954E-07
  1170.0 0.6832414E-07
  1171.0 0.7503822E-07
  1172.0 0.8193339E-07
  1173.0 0.8883234E-07
  1174.0 0.9554311E-07
  1175.0 0.1018625E-06
  1176.0 0.1075811E-06
  1177.0 0.1124866E-06
  1178.0 0.1163700E-06
  1179.0 0.1190301E-06
  1180.0 0.1202785E-06
  1181.0 0.1199454E-06
  1182.0 0.1178839E-06
  1183.0 0.1139755E-06
  1184.0 0.1081338E-06
  1185.0 0.1003085E-06
  1186.0 0.9048905E-07
  1187.0 0.7870695E-07
  1188.0 0.6503766E-07
  1189.0 0.4960146E-07
  1190.0 0.3256359E-07
  1191.0 0.1413345E-07
  1192.0 -.5437343E-08
  1193.0 -.2585759E-07
  1194.0 -.4680057E-07
  1195.0 -.6790822E-07
  1196.0 -.8879729E-07
  1197.0 -.1090648E-06
  1198.0 -.1282960E-06
  1199.0 -.1460711E-06
  1200.0 -.1619734E-06
  1201.0 -.1755984E-06
  1202.0 -.1865606E-06
  1203.0 -.1945039E-06
  1204.0 -.1991077E-06
  1205.0 -.2000971E-06
  1206.0 -.1972484E-06
  1207.0 -.1903973E-06
  1208.0 -.1794427E-06
  1209.0 -.1643542E-06
  1210.0 -.1451741E-06
  1211.0 -.1220206E-06
  1212.0 -.9508945E-07
  1213.0 -.6465287E-07
  1214.0 -.3105924E-07
  1215.0 0.5270859E-08
  1216.0 0.4384844E-07
  1217.0 0.8412205E-07
  1218.0 0.1254852E-06
  1219.0 0.1672838E-06
  1220.0 0.2088274E-06
  1221.0 0.2493977E-06
  1222.0 0.2882620E-06
  1223.0 0.3246829E-06
  1224.0 0.3579339E-06
  1225.0 0.3873091E-06
  1226.0 0.4121373E-06
  1227.0 0.4317953E-06
  1228.0 0.4457187E-06
  1229.0 0.4534144E-06
  1230.0 0.4544719E-06
  1231.0 0.4485703E-06
  1232.0 0.4354887E-06
  1233.0 0.4151138E-06
  1234.0 0.3874410E-06
  1235.0 0.3525831E-06
  1236.0 0.3107677E-06
  1237.0 0.2623393E-06
  1238.0 0.2077557E-06
  1239.0 0.1475838E-06
  1240.0 0.8249421E-07
  1241.0 0.1325191E-07
  1242.0 -.5929270E-07
  1243.0 -.1342157E-06
  1244.0 -.2105325E-06
  1245.0 -.2872127E-06
  1246.0 -.3631942E-06
  1247.0 -.4374007E-06
  1248.0 -.5087569E-06
  1249.0 -.5762088E-06
  1250.0 -.6387349E-06
  1251.0 -.6953676E-06
  1252.0 -.7452098E-06
  1253.0 -.7874448E-06
  1254.0 -.8213559E-06
  1255.0 -.8463364E-06
  1256.0 -.8619016E-06
  1257.0 -.8676968E-06
  1258.0 -.8635067E-06
  1259.0 -.8492585E-06
  1260.0 -.8250231E-06
  1261.0 -.7910222E-06
  1262.0 -.7476170E-06
  1263.0 -.6953123E-06
  1264.0 -.6347453E-06
  1265.0 -.5666781E-06
  1266.0 -.4919846E-06
  1267.0 -.4116426E-06
  1268.0 -.3267128E-06
  1269.0 -.2383287E-06
  1270.0 -.1476748E-06
  1271.0 -.5597180E-07
  1272.0 0.3554555E-07
  1273.0 0.1256452E-06
  1274.0 0.2131178E-06
  1275.0 0.2967964E-06
  1276.0 0.3755748E-06
  1277.0 0.4484211E-06
  1278.0 0.5143999E-06
  1279.0 0.5726825E-06
  1280.0 0.6225608E-06
  1281.0 0.6634592E-06
  1282.0 0.6949421E-06
  1283.0 0.7167182E-06
  1284.0 0.7286484E-06
  1285.0 0.7307463E-06
  1286.0 0.7231732E-06
  1287.0 0.7062380E-06
  1288.0 0.6803919E-06
  1289.0 0.6462162E-06
  1290.0 0.6044148E-06
  1291.0 0.5558005E-06
  1292.0 0.5012811E-06
  1293.0 0.4418421E-06
  1294.0 0.3785309E-06
  1295.0 0.3124397E-06
  1296.0 0.2446837E-06
  1297.0 0.1763866E-06
  1298.0 0.1086568E-06
  1299.0 0.4257250E-07
  1300.0 -.2083755E-07
  1301.0 -.8061059E-07
  1302.0 -.1358657E-06
  1303.0 -.1858177E-06
  1304.0 -.2297888E-06
  1305.0 -.2672191E-06
  1306.0 -.2976757E-06
  1307.0 -.3208558E-06
  1308.0 -.3365936E-06
  1309.0 -.3448577E-06
  1310.0 -.3457523E-06
  1311.0 -.3395116E-06
  1312.0 -.3264942E-06
  1313.0 -.3071762E-06
  1314.0 -.2821368E-06
  1315.0 -.2520524E-06
  1316.0 -.2176765E-06
  1317.0 -.1798294E-06
  1318.0 -.1393797E-06
  1319.0 -.9722911E-07
  1320.0 -.5429393E-07
  1321.0 -.1148856E-07
  1322.0 0.3029126E-07
  1323.0 0.7018526E-07
  1324.0 0.1073849E-06
  1325.0 0.1411466E-06
  1326.0 0.1708060E-06
  1327.0 0.1957890E-06
  1328.0 0.2156215E-06
  1329.0 0.2299380E-06
  1330.0 0.2384870E-06
  1331.0 0.2411341E-06
  1332.0 0.2378634E-06
  1333.0 0.2287770E-06
  1334.0 0.2140930E-06
  1335.0 0.1941376E-06
  1336.0 0.1693412E-06
  1337.0 0.1402265E-06
  1338.0 0.1073994E-06
  1339.0 0.7153616E-07
  1340.0 0.3337110E-07
  1341.0 -.6319740E-08
  1342.0 -.4673100E-07
  1343.0 -.8704662E-07
  1344.0 -.1264522E-06
  1345.0 -.1641527E-06
  1346.0 -.1993861E-06
  1347.0 -.2314383E-06
  1348.0 -.2596557E-06
  1349.0 -.2834576E-06
  1350.0 -.3023465E-06
  1351.0 -.3159178E-06
  1352.0 -.3238648E-06
  1353.0 -.3259861E-06
  1354.0 -.3221887E-06
  1355.0 -.3124869E-06
  1356.0 -.2970058E-06
  1357.0 -.2759729E-06
  1358.0 -.2497182E-06
  1359.0 -.2186658E-06
  1360.0 -.1833254E-06
  1361.0 -.1442828E-06
  1362.0 -.1021898E-06
  1363.0 -.5775044E-07
  1364.0 -.1170874E-07
  1365.0 0.3516406E-07
  1366.0 0.8208519E-07
  1367.0 0.1282734E-06
  1368.0 0.1729629E-06
  1369.0 0.2154170E-06
  1370.0 0.2549424E-06
  1371.0 0.2908980E-06
  1372.0 0.3227094E-06
  1373.0 0.3498759E-06
  1374.0 0.3719804E-06
  1375.0 0.3886951E-06
  1376.0 0.3997854E-06
  1377.0 0.4051157E-06
  1378.0 0.4046479E-06
  1379.0 0.3984446E-06
  1380.0 0.3866612E-06
  1381.0 0.3695482E-06
  1382.0 0.3474411E-06
  1383.0 0.3207567E-06
  1384.0 0.2899822E-06
  1385.0 0.2556668E-06
  1386.0 0.2184113E-06
  1387.0 0.1788567E-06
  1388.0 0.1376719E-06
  1389.0 0.9554286E-07
  1390.0 0.5315848E-07
  1391.0 0.1120023E-07
  1392.0 -.2967101E-07
  1393.0 -.6882517E-07
  1394.0 -.1056743E-06
  1395.0 -.1396813E-06
  1396.0 -.1703690E-06
  1397.0 -.1973274E-06
  1398.0 -.2202192E-06
  1399.0 -.2387848E-06
  1400.0 -.2528442E-06
  1401.0 -.2623001E-06
  1402.0 -.2671363E-06
  1403.0 -.2674181E-06
  1404.0 -.2632875E-06
  1405.0 -.2549580E-06
  1406.0 -.2427143E-06
  1407.0 -.2268991E-06
  1408.0 -.2079095E-06
  1409.0 -.1861874E-06
  1410.0 -.1622110E-06
  1411.0 -.1364846E-06
  1412.0 -.1095292E-06
  1413.0 -.8187314E-07
  1414.0 -.5404063E-07
  1415.0 -.2654446E-07
  1416.0 0.1242973E-09
  1417.0 0.2550442E-07
  1418.0 0.4917210E-07
  1419.0 0.7074790E-07
  1420.0 0.8990212E-07
  1421.0 0.1063602E-06
  1422.0 0.1199054E-06
  1423.0 0.1303819E-06
  1424.0 0.1376952E-06
  1425.0 0.1418143E-06
  1426.0 0.1427660E-06
  1427.0 0.1406385E-06
  1428.0 0.1355728E-06
  1429.0 0.1277625E-06
  1430.0 0.1174450E-06
  1431.0 0.1048992E-06
  1432.0 0.9043669E-07
  1433.0 0.7439568E-07
  1434.0 0.5713358E-07
  1435.0 0.3901978E-07
  1436.0 0.2042829E-07
  1437.0 0.1730325E-08
  1438.0 -.1671276E-07
  1439.0 -.3455600E-07
  1440.0 -.5147680E-07
  1441.0 -.6718081E-07
  1442.0 -.8140645E-07
  1443.0 -.9392885E-07
  1444.0 -.1045635E-06
  1445.0 -.1131681E-06
  1446.0 -.1196443E-06
  1447.0 -.1239380E-06
  1448.0 -.1260386E-06
  1449.0 -.1259795E-06
  1450.0 -.1238333E-06
  1451.0 -.1197122E-06
  1452.0 -.1137613E-06
  1453.0 -.1061576E-06
  1454.0 -.9710327E-07
  1455.0 -.8682223E-07
  1456.0 -.7555429E-07
  1457.0 -.6355005E-07
  1458.0 -.5106527E-07
  1459.0 -.3835614E-07
  1460.0 -.2567372E-07
  1461.0 -.1325917E-07
  1462.0 -.1339427E-08
  1463.0 0.9877189E-08
  1464.0 0.2020438E-07
  1465.0 0.2948064E-07
  1466.0 0.3757231E-07
  1467.0 0.4437445E-07
  1468.0 0.4981265E-07
  1469.0 0.5384346E-07
  1470.0 0.5645372E-07
  1471.0 0.5765993E-07
  1472.0 0.5750722E-07
  1473.0 0.5606694E-07
  1474.0 0.5343449E-07
  1475.0 0.4972610E-07
  1476.0 0.4507629E-07
  1477.0 0.3963369E-07
  1478.0 0.3355801E-07
  1479.0 0.2701553E-07
  1480.0 0.2017619E-07
  1481.0 0.1320913E-07
  1482.0 0.6279433E-08
  1483.0 -.4553880E-09
  1484.0 -.6848456E-08
  1485.0 -.1276640E-07
  1486.0 -.1809166E-07
  1487.0 -.2272464E-07
  1488.0 -.2658529E-07
  1489.0 -.2961394E-07
  1490.0 -.3177215E-07
  1491.0 -.3304286E-07
  1492.0 -.3342972E-07
  1493.0 -.3295692E-07
  1494.0 -.3166736E-07
  1495.0 -.2962133E-07
  1496.0 -.2689485E-07
  1497.0 -.2357721E-07
  1498.0 -.1976850E-07
  1499.0 -.1557720E-07
  1500.0 -.1111746E-07
  1501.0 -.6506322E-08
  1502.0 -.1861034E-08
  1503.0 0.2703660E-08
  1504.0 0.7077903E-08
  1505.0 0.1115921E-07
  1506.0 0.1485445E-07
  1507.0 0.1808184E-07
  1508.0 0.2077226E-07
  1509.0 0.2287082E-07
  1510.0 0.2433731E-07
  1511.0 0.2514699E-07
  1512.0 0.2529079E-07
  1513.0 0.2477503E-07
  1514.0 0.2362082E-07
  1515.0 0.2186336E-07
  1516.0 0.1955082E-07
  1517.0 0.1674294E-07
  1518.0 0.1350927E-07
  1519.0 0.9927726E-08
  1520.0 0.6082333E-08
  1521.0 0.2061446E-08
  1522.0 -.2044397E-08
  1523.0 -.6144504E-08
  1524.0 -.1014996E-07
  1525.0 -.1397568E-07
  1526.0 -.1754203E-07
  1527.0 -.2077647E-07
  1528.0 -.2361510E-07
  1529.0 -.2600370E-07
  1530.0 -.2789871E-07
  1531.0 -.2926799E-07
  1532.0 -.3009130E-07
  1533.0 -.3035996E-07
  1534.0 -.3007760E-07
  1535.0 -.2925920E-07
  1536.0 -.2793035E-07
  1537.0 -.2612704E-07
  1538.0 -.2389408E-07
  1539.0 -.2128409E-07
  1540.0 -.1835625E-07
  1541.0 -.1517478E-07
  1542.0 -.1180736E-07
  1543.0 -.8323680E-08
  1544.0 -.4793904E-08
  1545.0 -.1287025E-08
  1546.0 0.2130451E-08
  1547.0 0.5395923E-08
  1548.0 0.8451924E-08
  1549.0 0.1124722E-07
  1550.0 0.1373768E-07
  1551.0 0.1588702E-07
  1552.0 0.1766741E-07
  1553.0 0.1905966E-07
  1554.0 0.2005354E-07
  1555.0 0.2064761E-07
  1556.0 0.2084892E-07
  1557.0 0.2067267E-07
  1558.0 0.2014152E-07
  1559.0 0.1928484E-07
  1560.0 0.1813799E-07
  1561.0 0.1674092E-07
  1562.0 0.1513765E-07
  1563.0 0.1337467E-07
  1564.0 0.1150011E-07
  1565.0 0.9562449E-08
  1566.0 0.7609433E-08
  1567.0 0.5687019E-08
  1568.0 0.3838389E-08
  1569.0 0.2103047E-08
  1570.0 0.5160530E-09
  1571.0 -.8926230E-09
  1572.0 -.2098624E-08
  1573.0 -.3083582E-08
  1574.0 -.3835273E-08
  1575.0 -.4347731E-08
  1576.0 -.4621132E-08
  1577.0 -.4661590E-08
  1578.0 -.4480737E-08
  1579.0 -.4095286E-08
  1580.0 -.3526404E-08
  1581.0 -.2799049E-08
  1582.0 -.1941200E-08
  1583.0 -.9830721E-09
  1584.0 0.4375458E-10
  1585.0 0.1107124E-08
  1586.0 0.2175189E-08
  1587.0 0.3217194E-08
  1588.0 0.4204217E-08
  1589.0 0.5109880E-08
  1590.0 0.5910941E-08
  1591.0 0.6587800E-08
  1592.0 0.7124920E-08
  1593.0 0.7511119E-08
  1594.0 0.7739748E-08
  1595.0 0.7808768E-08
  1596.0 0.7720652E-08
  1597.0 0.7482302E-08
  1598.0 0.7104637E-08
  1599.0 0.6602394E-08
  1600.0 0.5993517E-08
  1601.0 0.5298710E-08
  1602.0 0.4540826E-08
  1603.0 0.3744197E-08
  1604.0 0.2934019E-08
  1605.0 0.2135678E-08
  1606.0 0.1374014E-08
  1607.0 0.6727466E-09
  1608.0 0.5382837E-10
  1609.0 -.4630975E-09
  1610.0 -.8612018E-09
  1611.0 -.1126888E-08
  1612.0 -.1250104E-08
  1613.0 -.1224619E-08
  1614.0 -.1048128E-08
  1615.0 -.7223495E-09
  1616.0 -.2529194E-09
  1617.0 0.3507105E-09
  1618.0 0.1075549E-08
  1619.0 0.1905361E-08
  1620.0 0.2821083E-08
  1621.0 0.3801284E-08
  1622.0 0.4822682E-08
  1623.0 0.5860733E-08
  1624.0 0.6890151E-08
  1625.0 0.7885605E-08
  1626.0 0.8822228E-08
  1627.0 0.9676285E-08
  1628.0 0.1042568E-07
  1629.0 0.1105047E-07
  1630.0 0.1153338E-07
  1631.0 0.1186013E-07
  1632.0 0.1201983E-07
  1633.0 0.1200525E-07
  1634.0 0.1181285E-07
  1635.0 0.1144303E-07
  1636.0 0.1090004E-07
  1637.0 0.1019187E-07
  1638.0 0.9330120E-08
  1639.0 0.8329702E-08
  1640.0 0.7208556E-08
  1641.0 0.5987213E-08
  1642.0 0.4688327E-08
  1643.0 0.3336267E-08
  1644.0 0.1956504E-08
  1645.0 0.5750990E-09
  1646.0 -.7818613E-09
  1647.0 -.2088811E-08
  1648.0 -.3321263E-08
  1649.0 -.4456294E-08
  1650.0 -.5473038E-08
  1651.0 -.6353111E-08
  1652.0 -.7080948E-08
  1653.0 -.7644160E-08
  1654.0 -.8033711E-08
  1655.0 -.8244124E-08
  1656.0 -.8273505E-08
  1657.0 -.8123638E-08
  1658.0 -.7799803E-08
  1659.0 -.7310729E-08
  1660.0 -.6668318E-08
  1661.0 -.5887371E-08
  1662.0 -.4985278E-08
  1663.0 -.3981611E-08
  1664.0 -.2897704E-08
  1665.0 -.1756185E-08
  1666.0 -.5805154E-09
  1667.0 0.6055229E-09
  1668.0 0.1778275E-08
  1669.0 0.2914725E-08
  1670.0 0.3992937E-08
  1671.0 0.4992450E-08
  1672.0 0.5894742E-08
  1673.0 0.6683464E-08
  1674.0 0.7344835E-08
  1675.0 0.7867782E-08
  1676.0 0.8244142E-08
  1677.0 0.8468801E-08
  1678.0 0.8539707E-08
  1679.0 0.8457794E-08
  1680.0 0.8227026E-08
  1681.0 0.7854125E-08
  1682.0 0.7348424E-08
  1683.0 0.6721670E-08
  1684.0 0.5987644E-08
  1685.0 0.5161898E-08
  1686.0 0.4261402E-08
  1687.0 0.3304137E-08
  1688.0 0.2308741E-08
  1689.0 0.1294107E-08
  1690.0 0.2790204E-09
  1691.0 -.7182397E-09
  1692.0 -.1680200E-08
  1693.0 -.2590578E-08
  1694.0 -.3434494E-08
  1695.0 -.4198808E-08
  1696.0 -.4872247E-08
  1697.0 -.5445613E-08
  1698.0 -.5911871E-08
  1699.0 -.6266247E-08
  1700.0 -.6506235E-08
  1701.0 -.6631544E-08
  1702.0 -.6644042E-08
  1703.0 -.6547673E-08
  1704.0 -.6348249E-08
  1705.0 -.6053314E-08
  1706.0 -.5671887E-08
  1707.0 -.5214268E-08
  1708.0 -.4691779E-08
  1709.0 -.4116449E-08
  1710.0 -.3500839E-08
  1711.0 -.2857703E-08
  1712.0 -.2199767E-08
  1713.0 -.1539466E-08
  1714.0 -.8887320E-09
  1715.0 -.2587751E-09
  1716.0 0.3400863E-09
  1717.0 0.8985961E-09
  1718.0 0.1408668E-08
  1719.0 0.1863476E-08
  1720.0 0.2257542E-08
  1721.0 0.2586719E-08
  1722.0 0.2848248E-08
  1723.0 0.3040677E-08
  1724.0 0.3163835E-08
  1725.0 0.3218742E-08
  1726.0 0.3207499E-08
  1727.0 0.3133197E-08
  1728.0 0.2999753E-08
  1729.0 0.2811795E-08
  1730.0 0.2574518E-08
  1731.0 0.2293513E-08
  1732.0 0.1974643E-08
  1733.0 0.1623902E-08
  1734.0 0.1247278E-08
  1735.0 0.8506452E-09
  1736.0 0.4396469E-09
  1737.0 0.1962269E-10
  1738.0 -.4044720E-09
  1739.0 -.8281155E-09
  1740.0 -.1247258E-08
  1741.0 -.1658337E-08
  1742.0 -.2058281E-08
  1743.0 -.2444492E-08
  1744.0 -.2814808E-08
  1745.0 -.3167482E-08
  1746.0 -.3501120E-08
  1747.0 -.3814630E-08
  1748.0 -.4107151E-08
  1749.0 -.4377989E-08
  1750.0 -.4626584E-08
  1751.0 -.4852413E-08
  1752.0 -.5054959E-08
  1753.0 -.5233659E-08
  1754.0 -.5387855E-08
  1755.0 -.5516804E-08
  1756.0 -.5619640E-08
  1757.0 -.5695365E-08
  1758.0 -.5742874E-08
  1759.0 -.5760977E-08
  1760.0 -.5748428E-08
  1761.0 -.5703991E-08
  1762.0 -.5626450E-08
  1763.0 -.5514727E-08
  1764.0 -.5367906E-08
  1765.0 -.5185310E-08
  1766.0 -.4966595E-08
  1767.0 -.4711787E-08
  1768.0 -.4421361E-08
  1769.0 -.4096298E-08
  1770.0 -.3738140E-08
  1771.0 -.3349003E-08
  1772.0 -.2931629E-08
  1773.0 -.2489360E-08
  1774.0 -.2026186E-08
  1775.0 -.1546667E-08
  1776.0 -.1055919E-08
  1777.0 -.5595827E-09
  1778.0 -.6370538E-10
  1779.0 0.4253113E-09
  1780.0 0.9008169E-09
  1781.0 0.1356028E-08
  1782.0 0.1784143E-08
  1783.0 0.2178454E-08
  1784.0 0.2532518E-08
  1785.0 0.2840238E-08
  1786.0 0.3096045E-08
  1787.0 0.3294961E-08
  1788.0 0.3432779E-08
  1789.0 0.3506136E-08
  1790.0 0.3512615E-08
  1791.0 0.3450822E-08
  1792.0 0.3320463E-08
  1793.0 0.3122351E-08
  1794.0 0.2858461E-08
  1795.0 0.2531923E-08
  1796.0 0.2146980E-08
  1797.0 0.1708955E-08
  1798.0 0.1224187E-08
  1799.0 0.6999375E-09
  1800.0 0.1442809E-09
  1801.0 -.4340223E-09
  1802.0 -.1025660E-08
  1803.0 -.1620939E-08
  1804.0 -.2209931E-08
  1805.0 -.2782655E-08
  1806.0 -.3329256E-08
  1807.0 -.3840162E-08
  1808.0 -.4306286E-08
  1809.0 -.4719169E-08
  1810.0 -.5071132E-08
  1811.0 -.5355462E-08
  1812.0 -.5566476E-08
  1813.0 -.5699671E-08
  1814.0 -.5751818E-08
  1815.0 -.5720991E-08
  1816.0 -.5606643E-08
  1817.0 -.5409630E-08
  1818.0 -.5132164E-08
  1819.0 -.4777813E-08
  1820.0 -.4351452E-08
  1821.0 -.3859153E-08
  1822.0 -.3308105E-08
  1823.0 -.2706487E-08
  1824.0 -.2063353E-08
  1825.0 -.1388434E-08
  1826.0 -.6920067E-09
  1827.0 0.1528069E-10
  1828.0 0.7226073E-09
  1829.0 0.1419145E-08
  1830.0 0.2094251E-08
  1831.0 0.2737628E-08
  1832.0 0.3339512E-08
  1833.0 0.3890838E-08
  1834.0 0.4383338E-08
  1835.0 0.4809734E-08
  1836.0 0.5163835E-08
  1837.0 0.5440588E-08
  1838.0 0.5636189E-08
  1839.0 0.5748150E-08
  1840.0 0.5775283E-08
  1841.0 0.5717747E-08
  1842.0 0.5576976E-08
  1843.0 0.5355726E-08
  1844.0 0.5057946E-08
  1845.0 0.4688710E-08
  1846.0 0.4254169E-08
  1847.0 0.3761375E-08
  1848.0 0.3218199E-08
  1849.0 0.2633198E-08
  1850.0 0.2015454E-08
  1851.0 0.1374433E-08
  1852.0 0.7198278E-09
  1853.0 0.6141782E-10
  1854.0 -.5910935E-09
  1855.0 -.1228213E-08
  1856.0 -.1840802E-08
  1857.0 -.2420216E-08
  1858.0 -.2958408E-08
  1859.0 -.3448034E-08
  1860.0 -.3882576E-08
  1861.0 -.4256380E-08
  1862.0 -.4564752E-08
  1863.0 -.4803983E-08
  1864.0 -.4971407E-08
  1865.0 -.5065378E-08
  1866.0 -.5085310E-08
  1867.0 -.5031629E-08
  1868.0 -.4905775E-08
  1869.0 -.4710134E-08
  1870.0 -.4447984E-08
  1871.0 -.4123455E-08
  1872.0 -.3741430E-08
  1873.0 -.3307459E-08
  1874.0 -.2827688E-08
  1875.0 -.2308753E-08
  1876.0 -.1757691E-08
  1877.0 -.1181830E-08
  1878.0 -.5886909E-09
  1879.0 0.1410237E-10
  1880.0 0.6189416E-09
  1881.0 0.1218293E-08
  1882.0 0.1804829E-08
  1883.0 0.2371488E-08
  1884.0 0.2911547E-08
  1885.0 0.3418726E-08
  1886.0 0.3887224E-08
  1887.0 0.4311786E-08
  1888.0 0.4687770E-08
  1889.0 0.5011164E-08
  1890.0 0.5278638E-08
  1891.0 0.5487561E-08
  1892.0 0.5636041E-08
  1893.0 0.5722911E-08
  1894.0 0.5747745E-08
  1895.0 0.5710849E-08
  1896.0 0.5613268E-08
  1897.0 0.5456710E-08
  1898.0 0.5243615E-08
  1899.0 0.4977047E-08
  1900.0 0.4660665E-08
  1901.0 0.4298711E-08
  1902.0 0.3895932E-08
  1903.0 0.3457537E-08
  1904.0 0.2989146E-08
  1905.0 0.2496694E-08
  1906.0 0.1986391E-08
  1907.0 0.1464654E-08
  1908.0 0.9380114E-09
  1909.0 0.4130443E-09
  1910.0 -.1037012E-09
  1911.0 -.6057820E-09
  1912.0 -.1086947E-08
  1913.0 -.1541204E-08
  1914.0 -.1962896E-08
  1915.0 -.2346782E-08
  1916.0 -.2688086E-08
  1917.0 -.2982591E-08
  1918.0 -.3226667E-08
  1919.0 -.3417343E-08
  1920.0 -.3552330E-08
  1921.0 -.3630085E-08
  1922.0 -.3649817E-08
  1923.0 -.3611516E-08
  1924.0 -.3515942E-08
  1925.0 -.3364658E-08
  1926.0 -.3159970E-08
  1927.0 -.2904944E-08
  1928.0 -.2603336E-08
  1929.0 -.2259577E-08
  1930.0 -.1878688E-08
  1931.0 -.1466229E-08
  1932.0 -.1028222E-08
  1933.0 -.5710585E-09
  1934.0 -.1014211E-09
  1935.0 0.3738215E-09
  1936.0 0.8477098E-09
  1937.0 0.1313304E-08
  1938.0 0.1763782E-08
  1939.0 0.2192549E-08
  1940.0 0.2593332E-08
  1941.0 0.2960286E-08
  1942.0 0.3288078E-08
  1943.0 0.3571987E-08
  1944.0 0.3807959E-08
  1945.0 0.3992692E-08
  1946.0 0.4123689E-08
  1947.0 0.4199273E-08
  1948.0 0.4218658E-08
  1949.0 0.4181937E-08
  1950.0 0.4090084E-08
  1951.0 0.3944944E-08
  1952.0 0.3749201E-08
  1953.0 0.3506344E-08
  1954.0 0.3220577E-08
  1955.0 0.2896795E-08
  1956.0 0.2540467E-08
  1957.0 0.2157559E-08
  1958.0 0.1754424E-08
  1959.0 0.1337710E-08
  1960.0 0.9142232E-09
  1961.0 0.4908333E-09
  1962.0 0.7433879E-10
  1963.0 -.3286366E-09
  1964.0 -.7117648E-09
  1965.0 -.1069113E-08
  1966.0 -.1395265E-08
  1967.0 -.1685381E-08
  1968.0 -.1935303E-08
  1969.0 -.2141625E-08
  1970.0 -.2301735E-08
  1971.0 -.2413853E-08
  1972.0 -.2477080E-08
  1973.0 -.2491387E-08
  1974.0 -.2457614E-08
  1975.0 -.2377454E-08
  1976.0 -.2253407E-08
  1977.0 -.2088733E-08
  1978.0 -.1887399E-08
  1979.0 -.1653970E-08
  1980.0 -.1393558E-08
  1981.0 -.1111695E-08
  1982.0 -.8142445E-09
  1983.0 -.5072830E-09
  1984.0 -.1969944E-09
  1985.0 0.1104564E-09
  1986.0 0.4090246E-09
  1987.0 0.6929045E-09
  1988.0 0.9566314E-09
  1989.0 0.1195178E-08
  1990.0 0.1404051E-08
  1991.0 0.1579356E-08
  1992.0 0.1717876E-08
  1993.0 0.1817124E-08
  1994.0 0.1875376E-08
  1995.0 0.1891691E-08
  1996.0 0.1865939E-08
  1997.0 0.1798783E-08
  1998.0 0.1691657E-08
  1999.0 0.1546733E-08
  2000.0 0.1366882E-08
  2001.0 0.1155603E-08
  2002.0 0.9169545E-09
  2003.0 0.6554759E-09
  2004.0 0.3760978E-09
  2005.0 0.8404532E-10
  2006.0 -.2152613E-09
  2007.0 -.5163073E-09
  2008.0 -.8135864E-09
  2009.0 -.1101704E-08
  2010.0 -.1375471E-08
  2011.0 -.1629996E-08
  2012.0 -.1860779E-08
  2013.0 -.2063772E-08
  2014.0 -.2235468E-08
  2015.0 -.2372945E-08
  2016.0 -.2473902E-08
  2017.0 -.2536717E-08
  2018.0 -.2560438E-08
  2019.0 -.2544825E-08
  2020.0 -.2490299E-08
  2021.0 -.2397972E-08
  2022.0 -.2269590E-08
  2023.0 -.2107488E-08
  2024.0 -.1914553E-08
  2025.0 -.1694176E-08
  2026.0 -.1450147E-08
  2027.0 -.1186612E-08
  2028.0 -.9079922E-09
  2029.0 -.6188945E-09
  2030.0 -.3240341E-09
  2031.0 -.2814816E-10
  2032.0 0.2640803E-09
  2033.0 0.5481023E-09
  2034.0 0.8195769E-09
  2035.0 0.1074436E-08
  2036.0 0.1308948E-08
  2037.0 0.1519773E-08
  2038.0 0.1704002E-08
  2039.0 0.1859199E-08
  2040.0 0.1983426E-08
  2041.0 0.2075251E-08
  2042.0 0.2133776E-08
  2043.0 0.2158614E-08
  2044.0 0.2149902E-08
  2045.0 0.2108247E-08
  2046.0 0.2034743E-08
  2047.0 0.1930910E-08
  2048.0 0.1798649E-08
  2049.0 0.1640227E-08
  2050.0 0.1458201E-08
  2051.0 0.1255383E-08
  2052.0 0.1034780E-08
  2053.0 0.7995417E-09
  2054.0 0.5529058E-09
  2055.0 0.2981507E-09
  2056.0 0.3854068E-10
  2057.0 -.2227149E-09
  2058.0 -.4825144E-09
  2059.0 -.7378944E-09
  2060.0 -.9860682E-09
  2061.0 -.1224451E-08
  2062.0 -.1450688E-08
  2063.0 -.1662671E-08
  2064.0 -.1858546E-08
  2065.0 -.2036735E-08
  2066.0 -.2195917E-08
  2067.0 -.2335044E-08
  2068.0 -.2453337E-08
  2069.0 -.2550248E-08
  2070.0 -.2625484E-08
  2071.0 -.2678961E-08
  2072.0 -.2710810E-08
  2073.0 -.2721334E-08
  2074.0 -.2711001E-08
  2075.0 -.2680429E-08
  2076.0 -.2630358E-08
  2077.0 -.2561622E-08
  2078.0 -.2475147E-08
  2079.0 -.2371931E-08
  2080.0 -.2253018E-08
  2081.0 -.2119491E-08
  2082.0 -.1972473E-08
  2083.0 -.1813095E-08
  2084.0 -.1642512E-08
  2085.0 -.1461885E-08
  2086.0 -.1272387E-08
  2087.0 -.1075189E-08
  2088.0 -.8714774E-09
  2089.0 -.6624459E-09
  2090.0 -.4492982E-09
  2091.0 -.2332514E-09
  2092.0 -.1554505E-10
  2093.0 0.2025672E-09
  2094.0 0.4198059E-09
  2095.0 0.6348638E-09
  2096.0 0.8464174E-09
  2097.0 0.1053118E-08
  2098.0 0.1253595E-08
  2099.0 0.1446466E-08
  2100.0 0.1630336E-08
  2101.0 0.1803816E-08
  2102.0 0.1965520E-08
  2103.0 0.2114087E-08
  2104.0 0.2248191E-08
  2105.0 0.2366553E-08
  2106.0 0.2467957E-08
  2107.0 0.2551273E-08
  2108.0 0.2615467E-08
  2109.0 0.2659607E-08
  2110.0 0.2682920E-08
  2111.0 0.2684744E-08
  2112.0 0.2664618E-08
  2113.0 0.2622224E-08
  2114.0 0.2557454E-08
  2115.0 0.2470383E-08
  2116.0 0.2361312E-08
  2117.0 0.2230735E-08
  2118.0 0.2079384E-08
  2119.0 0.1908185E-08
  2120.0 0.1718294E-08
  2121.0 0.1511073E-08
  2122.0 0.1288080E-08
  2123.0 0.1051071E-08
  2124.0 0.8019727E-09
  2125.0 0.5428765E-09
  2126.0 0.2760144E-09
  2127.0 0.3739342E-11
  2128.0 -.2714942E-09
  2129.0 -.5471594E-09
  2130.0 -.8206790E-09
  2131.0 -.1089450E-08
  2132.0 -.1350878E-08
  2133.0 -.1602396E-08
  2134.0 -.1841495E-08
  2135.0 -.2065753E-08
  2136.0 -.2272863E-08
  2137.0 -.2460651E-08
  2138.0 -.2627099E-08
  2139.0 -.2770388E-08
  2140.0 -.2888889E-08
  2141.0 -.2981209E-08
  2142.0 -.3046180E-08
  2143.0 -.3082904E-08
  2144.0 -.3090741E-08
  2145.0 -.3069331E-08
  2146.0 -.3018591E-08
  2147.0 -.2938732E-08
  2148.0 -.2830250E-08
  2149.0 -.2693924E-08
  2150.0 -.2530819E-08
  2151.0 -.2342267E-08
  2152.0 -.2129874E-08
  2153.0 -.1895487E-08
  2154.0 -.1641189E-08
  2155.0 -.1369290E-08
  2156.0 -.1082294E-08
  2157.0 -.7828679E-09
  2158.0 -.4738434E-09
  2159.0 -.1581669E-09
  2160.0 0.1611184E-09
  2161.0 0.4809064E-09
  2162.0 0.7980583E-09
  2163.0 0.1109431E-08
  2164.0 0.1411916E-08
  2165.0 0.1702474E-08
  2166.0 0.1978159E-08
  2167.0 0.2236161E-08
  2168.0 0.2473828E-08
  2169.0 0.2688717E-08
  2170.0 0.2878599E-08
  2171.0 0.3041508E-08
  2172.0 0.3175753E-08
  2173.0 0.3279945E-08
  2174.0 0.3353023E-08
  2175.0 0.3394265E-08
  2176.0 0.3403309E-08
  2177.0 0.3380146E-08
  2178.0 0.3325128E-08
  2179.0 0.3238993E-08
  2180.0 0.3122836E-08
  2181.0 0.2978101E-08
  2182.0 0.2806572E-08
  2183.0 0.2610353E-08
  2184.0 0.2391854E-08
  2185.0 0.2153739E-08
  2186.0 0.1898922E-08
  2187.0 0.1630508E-08
  2188.0 0.1351770E-08
  2189.0 0.1066092E-08
  2190.0 0.7769373E-09
  2191.0 0.4877902E-09
  2192.0 0.2021121E-09
  2193.0 -.7670057E-10
  2194.0 -.3453732E-09
  2195.0 -.6007954E-09
  2196.0 -.8400671E-09
  2197.0 -.1060538E-08
  2198.0 -.1259851E-08
  2199.0 -.1435974E-08
  2200.0 -.1587230E-08
  2201.0 -.1712320E-08
  2202.0 -.1810345E-08
  2203.0 -.1880816E-08
  2204.0 -.1923658E-08
  2205.0 -.1939216E-08
  2206.0 -.1928240E-08
  2207.0 -.1891863E-08
  2208.0 -.1831606E-08
  2209.0 -.1749326E-08
  2210.0 -.1647179E-08
  2211.0 -.1527604E-08
  2212.0 -.1393264E-08
  2213.0 -.1246998E-08
  2214.0 -.1091772E-08
  2215.0 -.9306285E-09
  2216.0 -.7666269E-09
  2217.0 -.6027941E-09
  2218.0 -.4420641E-09
  2219.0 -.2872335E-09
  2220.0 -.1409022E-09
  2221.0 -.5437128E-11
  2222.0 0.1170765E-09
  2223.0 0.2248651E-09
  2224.0 0.3165029E-09
  2225.0 0.3909265E-09
  2226.0 0.4474593E-09
  2227.0 0.4858132E-09
  2228.0 0.5060922E-09
  2229.0 0.5087822E-09
  2230.0 0.4947407E-09
  2231.0 0.4651679E-09
  2232.0 0.4215797E-09
  2233.0 0.3657748E-09
  2234.0 0.2997907E-09
  2235.0 0.2258567E-09
  2236.0 0.1463425E-09
  2237.0 0.6370726E-10
  2238.0 -.1955417E-10
  2239.0 -.1009701E-09
  2240.0 -.1781455E-09
  2241.0 -.2488143E-09
  2242.0 -.3108935E-09
  2243.0 -.3625241E-09
  2244.0 -.4021172E-09
  2245.0 -.4283902E-09
  2246.0 -.4403930E-09
  2247.0 -.4375313E-09
  2248.0 -.4195823E-09
  2249.0 -.3866999E-09
  2250.0 -.3394128E-09
  2251.0 -.2786127E-09
  2252.0 -.2055410E-09
  2253.0 -.1217552E-09
  2254.0 -.2910284E-10
  2255.0 0.7032155E-10
  2256.0 0.1742212E-09
  2257.0 0.2801493E-09
  2258.0 0.3855563E-09
  2259.0 0.4878526E-09
  2260.0 0.5844630E-09
  2261.0 0.6728851E-09
  2262.0 0.7507419E-09
  2263.0 0.8158418E-09
  2264.0 0.8662274E-09
  2265.0 0.9002102E-09
  2266.0 0.9164273E-09
  2267.0 0.9138620E-09
  2268.0 0.8918756E-09
  2269.0 0.8502208E-09
  2270.0 0.7890542E-09
  2271.0 0.7089366E-09
  2272.0 0.6108220E-09
  2273.0 0.4960444E-09
  2274.0 0.3662921E-09
  2275.0 0.2235741E-09
  2276.0 0.7018158E-10
  2277.0 -.9135910E-10
  2278.0 -.2583332E-09
  2279.0 -.4278992E-09
  2280.0 -.5971389E-09
  2281.0 -.7631238E-09
  2282.0 -.9229716E-09
  2283.0 -.1073904E-08
  2284.0 -.1213306E-08
  2285.0 -.1338775E-08
  2286.0 -.1448177E-08
  2287.0 -.1539676E-08
  2288.0 -.1611785E-08
  2289.0 -.1663384E-08
  2290.0 -.1693743E-08
  2291.0 -.1702532E-08
  2292.0 -.1689830E-08
  2293.0 -.1656117E-08
  2294.0 -.1602250E-08
  2295.0 -.1529455E-08
  2296.0 -.1439283E-08
  2297.0 -.1333586E-08
  2298.0 -.1214455E-08
  2299.0 -.1084189E-08
  2300.0 -.9452320E-09
  2301.0 -.8001181E-09
  2302.0 -.6514158E-09
  2303.0 -.5016714E-09
  2304.0 -.3533487E-09
  2305.0 -.2087832E-09
  2306.0 -.7012365E-10
  2307.0 0.6070583E-10
  2308.0 0.1820466E-09
  2309.0 0.2925374E-09
  2310.0 0.3911342E-09
  2311.0 0.4771317E-09
  2312.0 0.5501637E-09
  2313.0 0.6101997E-09
  2314.0 0.6575425E-09
  2315.0 0.6927962E-09
  2316.0 0.7168457E-09
  2317.0 0.7308136E-09
  2318.0 0.7360290E-09
  2319.0 0.7339698E-09
  2320.0 0.7262163E-09
  2321.0 0.7143905E-09
  2322.0 0.7001038E-09
  2323.0 0.6848975E-09
  2324.0 0.6701917E-09
  2325.0 0.6572298E-09
  2326.0 0.6470257E-09
  2327.0 0.6403303E-09
  2328.0 0.6375910E-09
  2329.0 0.6389220E-09
  2330.0 0.6440951E-09
  2331.0 0.6525182E-09
  2332.0 0.6632435E-09
  2333.0 0.6749853E-09
  2334.0 0.6861323E-09
  2335.0 0.6947867E-09
  2336.0 0.6988047E-09
  2337.0 0.6958472E-09
  2338.0 0.6834470E-09
  2339.0 0.6590674E-09
  2340.0 0.6201752E-09
  2341.0 0.5643271E-09
  2342.0 0.4892332E-09
  2343.0 0.3928509E-09
  2344.0 0.2734505E-09
  2345.0 0.1296998E-09
  2346.0 -.3927458E-10
  2347.0 -.2338218E-09
  2348.0 -.4537075E-09
  2349.0 -.6980908E-09
  2350.0 -.9654614E-09
  2351.0 -.1253654E-08
  2352.0 -.1559821E-08
  2353.0 -.1880458E-08
  2354.0 -.2211416E-08
  2355.0 -.2547954E-08
  2356.0 -.2884794E-08
  2357.0 -.3216177E-08
  2358.0 -.3535961E-08
  2359.0 -.3837713E-08
  2360.0 -.4114812E-08
  2361.0 -.4360580E-08
  2362.0 -.4568364E-08
  2363.0 -.4731708E-08
  2364.0 -.4844483E-08
  2365.0 -.4900957E-08
  2366.0 -.4896010E-08
  2367.0 -.4825182E-08
  2368.0 -.4684826E-08
  2369.0 -.4472218E-08
  2370.0 -.4185612E-08
  2371.0 -.3824349E-08
  2372.0 -.3388928E-08
  2373.0 -.2881008E-08
  2374.0 -.2303466E-08
  2375.0 -.1660393E-08
  2376.0 -.9570680E-09
  2377.0 -.1999223E-09
  2378.0 0.6035165E-09
  2379.0 0.1444712E-08
  2380.0 0.2314211E-08
  2381.0 0.3201785E-08
  2382.0 0.4096536E-08
  2383.0 0.4987073E-08
  2384.0 0.5861667E-08
  2385.0 0.6708412E-08
  2386.0 0.7515440E-08
  2387.0 0.8271061E-08
  2388.0 0.8963982E-08
  2389.0 0.9583519E-08
  2390.0 0.1011965E-07
  2391.0 0.1056336E-07
  2392.0 0.1090667E-07
  2393.0 0.1114283E-07
  2394.0 0.1126642E-07
  2395.0 0.1127349E-07
  2396.0 0.1116166E-07
  2397.0 0.1093010E-07
  2398.0 0.1057962E-07
  2399.0 0.1011272E-07
