     0.0 0.0000000E+00
     1.0 0.4153326E-18
     2.0 -.1140004E-17
     3.0 -.1319999E-16
     4.0 -.5018837E-16
     5.0 -.1321033E-15
     6.0 -.2838877E-15
     7.0 -.5345638E-15
     8.0 -.9162229E-15
     9.0 -.1462883E-14
    10.0 -.2209238E-14
    11.0 -.3189349E-14
    12.0 -.4435314E-14
    13.0 -.5975962E-14
    14.0 -.7835599E-14
    15.0 -.1003285E-13
    16.0 -.1257961E-13
    17.0 -.1548016E-13
    18.0 -.1873041E-13
    19.0 -.2231733E-13
    20.0 -.2621854E-13
    21.0 -.3040211E-13
    22.0 -.3482642E-13
    23.0 -.3944038E-13
    24.0 -.4418352E-13
    25.0 -.4898644E-13
    26.0 -.5377123E-13
    27.0 -.5845207E-13
    28.0 -.6293591E-13
    29.0 -.6712315E-13
    30.0 -.7090847E-13
    31.0 -.7418177E-13
    32.0 -.7682907E-13
    33.0 -.7873365E-13
    34.0 -.7977703E-13
    35.0 -.7984046E-13
    36.0 -.7880599E-13
    37.0 -.7655821E-13
    38.0 -.7298563E-13
    39.0 -.6798259E-13
    40.0 -.6145107E-13
    41.0 -.5330252E-13
    42.0 -.4346004E-13
    43.0 -.3186041E-13
    44.0 -.1845621E-13
    45.0 -.3217794E-14
    46.0 0.1386465E-13
    47.0 0.3277952E-13
    48.0 0.5349218E-13
    49.0 0.7594384E-13
    50.0 0.1000509E-12
    51.0 0.1257048E-12
    52.0 0.1527719E-12
    53.0 0.1810954E-12
    54.0 0.2104957E-12
    55.0 0.2407740E-12
    56.0 0.2717148E-12
    57.0 0.3030897E-12
    58.0 0.3346617E-12
    59.0 0.3661908E-12
    60.0 0.3974385E-12
    61.0 0.4281747E-12
    62.0 0.4581830E-12
    63.0 0.4872680E-12
    64.0 0.5152591E-12
    65.0 0.5420183E-12
    66.0 0.5674443E-12
    67.0 0.5914774E-12
    68.0 0.6141023E-12
    69.0 0.6353509E-12
    70.0 0.6553030E-12
    71.0 0.6740861E-12
    72.0 0.6918743E-12
    73.0 0.7088835E-12
    74.0 0.7253691E-12
    75.0 0.7416153E-12
    76.0 0.7579331E-12
    77.0 0.7746470E-12
    78.0 0.7920866E-12
    79.0 0.8105782E-12
    80.0 0.8304281E-12
    81.0 0.8519190E-12
    82.0 0.8752924E-12
    83.0 0.9007432E-12
    84.0 0.9284056E-12
    85.0 0.9583496E-12
    86.0 0.9905724E-12
    87.0 0.1024992E-11
    88.0 0.1061449E-11
    89.0 0.1099702E-11
    90.0 0.1139435E-11
    91.0 0.1180255E-11
    92.0 0.1221708E-11
    93.0 0.1263281E-11
    94.0 0.1304421E-11
    95.0 0.1344542E-11
    96.0 0.1383044E-11
    97.0 0.1419329E-11
    98.0 0.1452818E-11
    99.0 0.1482967E-11
   100.0 0.1509284E-11
   101.0 0.1531346E-11
   102.0 0.1548817E-11
   103.0 0.1561471E-11
   104.0 0.1569199E-11
   105.0 0.1572021E-11
   106.0 0.1570086E-11
   107.0 0.1563678E-11
   108.0 0.1553202E-11
   109.0 0.1539186E-11
   110.0 0.1522260E-11
   111.0 0.1503143E-11
   112.0 0.1482626E-11
   113.0 0.1461547E-11
   114.0 0.1440765E-11
   115.0 0.1421135E-11
   116.0 0.1403483E-11
   117.0 0.1388574E-11
   118.0 0.1377090E-11
   119.0 0.1369604E-11
   120.0 0.1366554E-11
   121.0 0.1368230E-11
   122.0 0.1374757E-11
   123.0 0.1386083E-11
   124.0 0.1401977E-11
   125.0 0.1422023E-11
   126.0 0.1445634E-11
   127.0 0.1472059E-11
   128.0 0.1500399E-11
   129.0 0.1529629E-11
   130.0 0.1558628E-11
   131.0 0.1586204E-11
   132.0 0.1611133E-11
   133.0 0.1632193E-11
   134.0 0.1648200E-11
   135.0 0.1658044E-11
   136.0 0.1660734E-11
   137.0 0.1655422E-11
   138.0 0.1641435E-11
   139.0 0.1618320E-11
   140.0 0.1585838E-11
   141.0 0.1544002E-11
   142.0 0.1493080E-11
   143.0 0.1433596E-11
   144.0 0.1366327E-11
   145.0 0.1292290E-11
   146.0 0.1212725E-11
   147.0 0.1129067E-11
   148.0 0.1042906E-11
   149.0 0.9559638E-12
   150.0 0.8700344E-12
   151.0 0.7869422E-12
   152.0 0.7084952E-12
   153.0 0.6364291E-12
   154.0 0.5723547E-12
   155.0 0.5177148E-12
   156.0 0.4737295E-12
   157.0 0.4413587E-12
   158.0 0.4212654E-12
   159.0 0.4137849E-12
   160.0 0.4189021E-12
   161.0 0.4362404E-12
   162.0 0.4650596E-12
   163.0 0.5042591E-12
   164.0 0.5523948E-12
   165.0 0.6077101E-12
   166.0 0.6681641E-12
   167.0 0.7314835E-12
   168.0 0.7952079E-12
   169.0 0.8567546E-12
   170.0 0.9134772E-12
   171.0 0.9627414E-12
   172.0 0.1001983E-11
   173.0 0.1028787E-11
   174.0 0.1040956E-11
   175.0 0.1036569E-11
   176.0 0.1014046E-11
   177.0 0.9721944E-12
   178.0 0.9102624E-12
   179.0 0.8279623E-12
   180.0 0.7254981E-12
   181.0 0.6035754E-12
   182.0 0.4633959E-12
   183.0 0.3066457E-12
   184.0 0.1354632E-12
   185.0 -.4760033E-13
   186.0 -.2396330E-12
   187.0 -.4374322E-12
   188.0 -.6375671E-12
   189.0 -.8364723E-12
   190.0 -.1030525E-11
   191.0 -.1216140E-11
   192.0 -.1389862E-11
   193.0 -.1548456E-11
   194.0 -.1688992E-11
   195.0 -.1808934E-11
   196.0 -.1906206E-11
   197.0 -.1979262E-11
   198.0 -.2027132E-11
   199.0 -.2049463E-11
   200.0 -.2046546E-11
   201.0 -.2019311E-11
   202.0 -.1969327E-11
   203.0 -.1898770E-11
   204.0 -.1810386E-11
   205.0 -.1707419E-11
   206.0 -.1593552E-11
   207.0 -.1472811E-11
   208.0 -.1349472E-11
   209.0 -.1227948E-11
   210.0 -.1112688E-11
   211.0 -.1008051E-11
   212.0 -.9181976E-12
   213.0 -.8469741E-12
   214.0 -.7978083E-12
   215.0 -.7736113E-12
   216.0 -.7766879E-12
   217.0 -.8086763E-12
   218.0 -.8704821E-12
   219.0 -.9622499E-12
   220.0 -.1083345E-11
   221.0 -.1232358E-11
   222.0 -.1407127E-11
   223.0 -.1604792E-11
   224.0 -.1821858E-11
   225.0 -.2054271E-11
   226.0 -.2297532E-11
   227.0 -.2546805E-11
   228.0 -.2797048E-11
   229.0 -.3043143E-11
   230.0 -.3280030E-11
   231.0 -.3502863E-11
   232.0 -.3707121E-11
   233.0 -.3888770E-11
   234.0 -.4044336E-11
   235.0 -.4171048E-11
   236.0 -.4266902E-11
   237.0 -.4330727E-11
   238.0 -.4362238E-11
   239.0 -.4362037E-11
   240.0 -.4331626E-11
   241.0 -.4273340E-11
   242.0 -.4190332E-11
   243.0 -.4086457E-11
   244.0 -.3966175E-11
   245.0 -.3834440E-11
   246.0 -.3696543E-11
   247.0 -.3557973E-11
   248.0 -.3424244E-11
   249.0 -.3300742E-11
   250.0 -.3192556E-11
   251.0 -.3104317E-11
   252.0 -.3040067E-11
   253.0 -.3003099E-11
   254.0 -.2995878E-11
   255.0 -.3019930E-11
   256.0 -.3075789E-11
   257.0 -.3162955E-11
   258.0 -.3279907E-11
   259.0 -.3424115E-11
   260.0 -.3592111E-11
   261.0 -.3779559E-11
   262.0 -.3981402E-11
   263.0 -.4191971E-11
   264.0 -.4405177E-11
   265.0 -.4614678E-11
   266.0 -.4814054E-11
   267.0 -.4997045E-11
   268.0 -.5157711E-11
   269.0 -.5290652E-11
   270.0 -.5391170E-11
   271.0 -.5455452E-11
   272.0 -.5480692E-11
   273.0 -.5465222E-11
   274.0 -.5408587E-11
   275.0 -.5311580E-11
   276.0 -.5176276E-11
   277.0 -.5005992E-11
   278.0 -.4805206E-11
   279.0 -.4579481E-11
   280.0 -.4335294E-11
   281.0 -.4079871E-11
   282.0 -.3821000E-11
   283.0 -.3566814E-11
   284.0 -.3325507E-11
   285.0 -.3105147E-11
   286.0 -.2913368E-11
   287.0 -.2757178E-11
   288.0 -.2642684E-11
   289.0 -.2574900E-11
   290.0 -.2557572E-11
   291.0 -.2593006E-11
   292.0 -.2681975E-11
   293.0 -.2823636E-11
   294.0 -.3015524E-11
   295.0 -.3253559E-11
   296.0 -.3532142E-11
   297.0 -.3844255E-11
   298.0 -.4181662E-11
   299.0 -.4535082E-11
   300.0 -.4894446E-11
   301.0 -.5249190E-11
   302.0 -.5588520E-11
   303.0 -.5901743E-11
   304.0 -.6178573E-11
   305.0 -.6409438E-11
   306.0 -.6585764E-11
   307.0 -.6700269E-11
   308.0 -.6747172E-11
   309.0 -.6722407E-11
   310.0 -.6623761E-11
   311.0 -.6450971E-11
   312.0 -.6205779E-11
   313.0 -.5891879E-11
   314.0 -.5514860E-11
   315.0 -.5082046E-11
   316.0 -.4602339E-11
   317.0 -.4085918E-11
   318.0 -.3543970E-11
   319.0 -.2988364E-11
   320.0 -.2431310E-11
   321.0 -.1884936E-11
   322.0 -.1360961E-11
   323.0 -.8702932E-12
   324.0 -.4227015E-12
   325.0 -.2644069E-13
   326.0 0.3119666E-12
   327.0 0.5880001E-12
   328.0 0.7993219E-12
   329.0 0.9458528E-12
   330.0 0.1029829E-11
   331.0 0.1055753E-11
   332.0 0.1030284E-11
   333.0 0.9620330E-12
   334.0 0.8613253E-12
   335.0 0.7398552E-12
   336.0 0.6103113E-12
   337.0 0.4859413E-12
   338.0 0.3801287E-12
   339.0 0.3058594E-12
   340.0 0.2752867E-12
   341.0 0.2992107E-12
   342.0 0.3866662E-12
   343.0 0.5444862E-12
   344.0 0.7769460E-12
   345.0 0.1085514E-11
   346.0 0.1468559E-11
   347.0 0.1921309E-11
   348.0 0.2435745E-11
   349.0 0.3000750E-11
   350.0 0.3602188E-11
   351.0 0.4223242E-11
   352.0 0.4844709E-11
   353.0 0.5445488E-11
   354.0 0.6003069E-11
   355.0 0.6494097E-11
   356.0 0.6895044E-11
   357.0 0.7182808E-11
   358.0 0.7335381E-11
   359.0 0.7332521E-11
   360.0 0.7156333E-11
   361.0 0.6791862E-11
   362.0 0.6227581E-11
   363.0 0.5455836E-11
   364.0 0.4473091E-11
   365.0 0.3280223E-11
   366.0 0.1882513E-11
   367.0 0.2896697E-12
   368.0 -.1484388E-11
   369.0 -.3421810E-11
   370.0 -.5501280E-11
   371.0 -.7698461E-11
   372.0 -.9986781E-11
   373.0 -.1233795E-10
   374.0 -.1472292E-10
   375.0 -.1711258E-10
   376.0 -.1947867E-10
   377.0 -.2179454E-10
   378.0 -.2403588E-10
   379.0 -.2618161E-10
   380.0 -.2821443E-10
   381.0 -.3012122E-10
   382.0 -.3189356E-10
   383.0 -.3352808E-10
   384.0 -.3502637E-10
   385.0 -.3639490E-10
   386.0 -.3764499E-10
   387.0 -.3879217E-10
   388.0 -.3985578E-10
   389.0 -.4085816E-10
   390.0 -.4182388E-10
   391.0 -.4277877E-10
   392.0 -.4374893E-10
   393.0 -.4475961E-10
   394.0 -.4583416E-10
   395.0 -.4699300E-10
   396.0 -.4825254E-10
   397.0 -.4962434E-10
   398.0 -.5111434E-10
   399.0 -.5272209E-10
   400.0 -.5444046E-10
   401.0 -.5625529E-10
   402.0 -.5814546E-10
   403.0 -.6008290E-10
   404.0 -.6203338E-10
   405.0 -.6395699E-10
   406.0 -.6580903E-10
   407.0 -.6754141E-10
   408.0 -.6910361E-10
   409.0 -.7044459E-10
   410.0 -.7151398E-10
   411.0 -.7226424E-10
   412.0 -.7265186E-10
   413.0 -.7263945E-10
   414.0 -.7219728E-10
   415.0 -.7130466E-10
   416.0 -.6995152E-10
   417.0 -.6813914E-10
   418.0 -.6588129E-10
   419.0 -.6320481E-10
   420.0 -.6014930E-10
   421.0 -.5676748E-10
   422.0 -.5312438E-10
   423.0 -.4929630E-10
   424.0 -.4536967E-10
   425.0 -.4143905E-10
   426.0 -.3760548E-10
   427.0 -.3397379E-10
   428.0 -.3065012E-10
   429.0 -.2773901E-10
   430.0 -.2534095E-10
   431.0 -.2354862E-10
   432.0 -.2244464E-10
   433.0 -.2209836E-10
   434.0 -.2256335E-10
   435.0 -.2387478E-10
   436.0 -.2604755E-10
   437.0 -.2907477E-10
   438.0 -.3292628E-10
   439.0 -.3754796E-10
   440.0 -.4286254E-10
   441.0 -.4876869E-10
   442.0 -.5514378E-10
   443.0 -.6184396E-10
   444.0 -.6870851E-10
   445.0 -.7556127E-10
   446.0 -.8221502E-10
   447.0 -.8847482E-10
   448.0 -.9414308E-10
   449.0 -.9902371E-10
   450.0 -.1029272E-09
   451.0 -.1056760E-09
   452.0 -.1071081E-09
   453.0 -.1070835E-09
   454.0 -.1054876E-09
   455.0 -.1022358E-09
   456.0 -.9727677E-10
   457.0 -.9059530E-10
   458.0 -.8221546E-10
   459.0 -.7220059E-10
   460.0 -.6065508E-10
   461.0 -.4772353E-10
   462.0 -.3358924E-10
   463.0 -.1847253E-10
   464.0 -.2626755E-11
   465.0 0.1366510E-10
   466.0 0.3009573E-10
   467.0 0.4633939E-10
   468.0 0.6205796E-10
   469.0 0.7690772E-10
   470.0 0.9054760E-10
   471.0 0.1026454E-09
   472.0 0.1128863E-09
   473.0 0.1209807E-09
   474.0 0.1266706E-09
   475.0 0.1297371E-09
   476.0 0.1300063E-09
   477.0 0.1273551E-09
   478.0 0.1217160E-09
   479.0 0.1130796E-09
   480.0 0.1014979E-09
   481.0 0.8708544E-10
   482.0 0.7001846E-10
   483.0 0.5053417E-10
   484.0 0.2892712E-10
   485.0 0.5545499E-11
   486.0 -.1921434E-10
   487.0 -.4491467E-10
   488.0 -.7108419E-10
   489.0 -.9722644E-10
   490.0 -.1228294E-09
   491.0 -.1473753E-09
   492.0 -.1703509E-09
   493.0 -.1912590E-09
   494.0 -.2096270E-09
   495.0 -.2250192E-09
   496.0 -.2370451E-09
   497.0 -.2453688E-09
   498.0 -.2497162E-09
   499.0 -.2498843E-09
   500.0 -.2457427E-09
   501.0 -.2372420E-09
   502.0 -.2244138E-09
   503.0 -.2073714E-09
   504.0 -.1863103E-09
   505.0 -.1615054E-09
   506.0 -.1333054E-09
   507.0 -.1021288E-09
   508.0 -.6845537E-10
   509.0 -.3281727E-10
   510.0 0.4209817E-11
   511.0 0.4201939E-10
   512.0 0.7998453E-10
   513.0 0.1174714E-09
   514.0 0.1538514E-09
   515.0 0.1885140E-09
   516.0 0.2208796E-09
   517.0 0.2504112E-09
   518.0 0.2766262E-09
   519.0 0.2991064E-09
   520.0 0.3175060E-09
   521.0 0.3315610E-09
   522.0 0.3410937E-09
   523.0 0.3460171E-09
   524.0 0.3463377E-09
   525.0 0.3421539E-09
   526.0 0.3336567E-09
   527.0 0.3211243E-09
   528.0 0.3049174E-09
   529.0 0.2854700E-09
   530.0 0.2632830E-09
   531.0 0.2389114E-09
   532.0 0.2129540E-09
   533.0 0.1860396E-09
   534.0 0.1588135E-09
   535.0 0.1319254E-09
   536.0 0.1060129E-09
   537.0 0.8168919E-10
   538.0 0.5952967E-10
   539.0 0.4005882E-10
   540.0 0.2373950E-10
   541.0 0.1096236E-10
   542.0 0.2037935E-11
   543.0 -.2810906E-11
   544.0 -.3452646E-11
   545.0 0.1494702E-12
   546.0 0.7937246E-11
   547.0 0.1975855E-10
   548.0 0.3537232E-10
   549.0 0.5445262E-10
   550.0 0.7659758E-10
   551.0 0.1013382E-09
   552.0 0.1281496E-09
   553.0 0.1564633E-09
   554.0 0.1856797E-09
   555.0 0.2151833E-09
   556.0 0.2443555E-09
   557.0 0.2725901E-09
   558.0 0.2993068E-09
   559.0 0.3239642E-09
   560.0 0.3460735E-09
   561.0 0.3652077E-09
   562.0 0.3810131E-09
   563.0 0.3932156E-09
   564.0 0.4016285E-09
   565.0 0.4061541E-09
   566.0 0.4067861E-09
   567.0 0.4036096E-09
   568.0 0.3967980E-09
   569.0 0.3866074E-09
   570.0 0.3733692E-09
   571.0 0.3574818E-09
   572.0 0.3394005E-09
   573.0 0.3196243E-09
   574.0 0.2986827E-09
   575.0 0.2771230E-09
   576.0 0.2554941E-09
   577.0 0.2343344E-09
   578.0 0.2141560E-09
   579.0 0.1954323E-09
   580.0 0.1785848E-09
   581.0 0.1639726E-09
   582.0 0.1518837E-09
   583.0 0.1425266E-09
   584.0 0.1360259E-09
   585.0 0.1324182E-09
   586.0 0.1316529E-09
   587.0 0.1335928E-09
   588.0 0.1380196E-09
   589.0 0.1446391E-09
   590.0 0.1530911E-09
   591.0 0.1629593E-09
   592.0 0.1737838E-09
   593.0 0.1850748E-09
   594.0 0.1963281E-09
   595.0 0.2070391E-09
   596.0 0.2167187E-09
   597.0 0.2249099E-09
   598.0 0.2312010E-09
   599.0 0.2352404E-09
   600.0 0.2367473E-09
   601.0 0.2355239E-09
   602.0 0.2314614E-09
   603.0 0.2245481E-09
   604.0 0.2148706E-09
   605.0 0.2026152E-09
   606.0 0.1880644E-09
   607.0 0.1715912E-09
   608.0 0.1536518E-09
   609.0 0.1347737E-09
   610.0 0.1155416E-09
   611.0 0.9658244E-10
   612.0 0.7854753E-10
   613.0 0.6209414E-10
   614.0 0.4786461E-10
   615.0 0.3646669E-10
   616.0 0.2845364E-10
   617.0 0.2430395E-10
   618.0 0.2440457E-10
   619.0 0.2903363E-10
   620.0 0.3834594E-10
   621.0 0.5236305E-10
   622.0 0.7096403E-10
   623.0 0.9388097E-10
   624.0 0.1206992E-09
   625.0 0.1508595E-09
   626.0 0.1836650E-09
   627.0 0.2182932E-09
   628.0 0.2538109E-09
   629.0 0.2891938E-09
   630.0 0.3233466E-09
   631.0 0.3551291E-09
   632.0 0.3833852E-09
   633.0 0.4069698E-09
   634.0 0.4247791E-09
   635.0 0.4357839E-09
   636.0 0.4390582E-09
   637.0 0.4338074E-09
   638.0 0.4193985E-09
   639.0 0.3953828E-09
   640.0 0.3615173E-09
   641.0 0.3177834E-09
   642.0 0.2643983E-09
   643.0 0.2018214E-09
   644.0 0.1307599E-09
   645.0 0.5216078E-10
   646.0 -.3279653E-10
   647.0 -.1227176E-09
   648.0 -.2160135E-09
   649.0 -.3109299E-09
   650.0 -.4055783E-09
   651.0 -.4979741E-09
   652.0 -.5860784E-09
   653.0 -.6678412E-09
   654.0 -.7412486E-09
   655.0 -.8043711E-09
   656.0 -.8554120E-09
   657.0 -.8927572E-09
   658.0 -.9150112E-09
   659.0 -.9210533E-09
   660.0 -.9100626E-09
   661.0 -.8815591E-09
   662.0 -.8354262E-09
   663.0 -.7719324E-09
   664.0 -.6917409E-09
   665.0 -.5959114E-09
   666.0 -.4859012E-09
   667.0 -.3635436E-09
   668.0 -.2310284E-09
   669.0 -.9086835E-10
   670.0 0.5414119E-10
   671.0 0.2009710E-09
   672.0 0.3464144E-09
   673.0 0.4871473E-09
   674.0 0.6197972E-09
   675.0 0.7410120E-09
   676.0 0.8475342E-09
   677.0 0.9362746E-09
   678.0 0.1004384E-08
   679.0 0.1049330E-08
   680.0 0.1068954E-08
   681.0 0.1061540E-08
   682.0 0.1025871E-08
   683.0 0.9612643E-09
   684.0 0.8676203E-09
   685.0 0.7454414E-09
   686.0 0.5958462E-09
   687.0 0.4205704E-09
   688.0 0.2219559E-09
   689.0 0.2926839E-11
   690.0 -.2330509E-09
   691.0 -.4820197E-09
   692.0 -.7395929E-09
   693.0 -.1001028E-08
   694.0 -.1261318E-08
   695.0 -.1515274E-08
   696.0 -.1757631E-08
   697.0 -.1983160E-08
   698.0 -.2186763E-08
   699.0 -.2363595E-08
   700.0 -.2509170E-08
   701.0 -.2619457E-08
   702.0 -.2690995E-08
   703.0 -.2720975E-08
   704.0 -.2707327E-08
   705.0 -.2648776E-08
   706.0 -.2544922E-08
   707.0 -.2396254E-08
   708.0 -.2204199E-08
   709.0 -.1971099E-08
   710.0 -.1700218E-08
   711.0 -.1395703E-08
   712.0 -.1062533E-08
   713.0 -.7064480E-09
   714.0 -.3338577E-09
   715.0 0.4825640E-10
   716.0 0.4324661E-09
   717.0 0.8110290E-09
   718.0 0.1176030E-08
   719.0 0.1519540E-08
   720.0 0.1833766E-08
   721.0 0.2111212E-08
   722.0 0.2344856E-08
   723.0 0.2528280E-08
   724.0 0.2655844E-08
   725.0 0.2722816E-08
   726.0 0.2725502E-08
   727.0 0.2661337E-08
   728.0 0.2529015E-08
   729.0 0.2328526E-08
   730.0 0.2061212E-08
   731.0 0.1729794E-08
   732.0 0.1338367E-08
   733.0 0.8923565E-09
   734.0 0.3984697E-09
   735.0 -.1353935E-09
   736.0 -.7002591E-09
   737.0 -.1286212E-08
   738.0 -.1882562E-08
   739.0 -.2478022E-08
   740.0 -.3060919E-08
   741.0 -.3619394E-08
   742.0 -.4141627E-08
   743.0 -.4616112E-08
   744.0 -.5031827E-08
   745.0 -.5378511E-08
   746.0 -.5646866E-08
   747.0 -.5828826E-08
   748.0 -.5917671E-08
   749.0 -.5908276E-08
   750.0 -.5797239E-08
   751.0 -.5582999E-08
   752.0 -.5265954E-08
   753.0 -.4848524E-08
   754.0 -.4335122E-08
   755.0 -.3732223E-08
   756.0 -.3048232E-08
   757.0 -.2293445E-08
   758.0 -.1479888E-08
   759.0 -.6211536E-09
   760.0 0.2678019E-09
   761.0 0.1170905E-08
   762.0 0.2071221E-08
   763.0 0.2951271E-08
   764.0 0.3793316E-08
   765.0 0.4579723E-08
   766.0 0.5293261E-08
   767.0 0.5917490E-08
   768.0 0.6437059E-08
   769.0 0.6838072E-08
   770.0 0.7108370E-08
   771.0 0.7237827E-08
   772.0 0.7218657E-08
   773.0 0.7045564E-08
   774.0 0.6715991E-08
   775.0 0.6230227E-08
   776.0 0.5591526E-08
   777.0 0.4806150E-08
   778.0 0.3883321E-08
   779.0 0.2835183E-08
   780.0 0.1676680E-08
   781.0 0.4253629E-09
   782.0 -.8988369E-09
   783.0 -.2273892E-08
   784.0 -.3676008E-08
   785.0 -.5079999E-08
   786.0 -.6459698E-08
   787.0 -.7788392E-08
   788.0 -.9039299E-08
   789.0 -.1018599E-07
   790.0 -.1120298E-07
   791.0 -.1206611E-07
   792.0 -.1275302E-07
   793.0 -.1324371E-07
   794.0 -.1352083E-07
   795.0 -.1357015E-07
   796.0 -.1338084E-07
   797.0 -.1294585E-07
   798.0 -.1226203E-07
   799.0 -.1133041E-07
   800.0 -.1015618E-07
   801.0 -.8748848E-08
   802.0 -.7122078E-08
   803.0 -.5293643E-08
   804.0 -.3285223E-08
   805.0 -.1122100E-08
   806.0 0.1167149E-08
   807.0 0.3551036E-08
   808.0 0.5995647E-08
   809.0 0.8465160E-08
   810.0 0.1092232E-07
   811.0 0.1332917E-07
   812.0 0.1564749E-07
   813.0 0.1783961E-07
   814.0 0.1986880E-07
   815.0 0.2170022E-07
   816.0 0.2330112E-07
   817.0 0.2464191E-07
   818.0 0.2569620E-07
   819.0 0.2644160E-07
   820.0 0.2686008E-07
   821.0 0.2693833E-07
   822.0 0.2666804E-07
   823.0 0.2604602E-07
   824.0 0.2507456E-07
   825.0 0.2376131E-07
   826.0 0.2211919E-07
   827.0 0.2016631E-07
   828.0 0.1792580E-07
   829.0 0.1542546E-07
   830.0 0.1269728E-07
   831.0 0.9777167E-08
   832.0 0.6704204E-08
   833.0 0.3520193E-08
   834.0 0.2689996E-09
   835.0 -.3004169E-08
   836.0 -.6253417E-08
   837.0 -.9432913E-08
   838.0 -.1249758E-07
   839.0 -.1540385E-07
   840.0 -.1811030E-07
   841.0 -.2057833E-07
   842.0 -.2277286E-07
   843.0 -.2466276E-07
   844.0 -.2622134E-07
   845.0 -.2742696E-07
   846.0 -.2826312E-07
   847.0 -.2871897E-07
   848.0 -.2878927E-07
   849.0 -.2847458E-07
   850.0 -.2778118E-07
   851.0 -.2672105E-07
   852.0 -.2531154E-07
   853.0 -.2357523E-07
   854.0 -.2153942E-07
   855.0 -.1923579E-07
   856.0 -.1669979E-07
   857.0 -.1397015E-07
   858.0 -.1108821E-07
   859.0 -.8097284E-08
   860.0 -.5041909E-08
   861.0 -.1967252E-08
   862.0 0.1081699E-08
   863.0 0.4060809E-08
   864.0 0.6927471E-08
   865.0 0.9641242E-08
   866.0 0.1216450E-07
   867.0 0.1446294E-07
   868.0 0.1650614E-07
   869.0 0.1826799E-07
   870.0 0.1972697E-07
   871.0 0.2086649E-07
   872.0 0.2167516E-07
   873.0 0.2214674E-07
   874.0 0.2228035E-07
   875.0 0.2208025E-07
   876.0 0.2155581E-07
   877.0 0.2072121E-07
   878.0 0.1959522E-07
   879.0 0.1820086E-07
   880.0 0.1656480E-07
   881.0 0.1471705E-07
   882.0 0.1269041E-07
   883.0 0.1051982E-07
   884.0 0.8241856E-08
   885.0 0.5894093E-08
   886.0 0.3514484E-08
   887.0 0.1140760E-08
   888.0 -.1190159E-08
   889.0 -.3442753E-08
   890.0 -.5583428E-08
   891.0 -.7581018E-08
   892.0 -.9407235E-08
   893.0 -.1103709E-07
   894.0 -.1244921E-07
   895.0 -.1362611E-07
   896.0 -.1455433E-07
   897.0 -.1522488E-07
   898.0 -.1563280E-07
   899.0 -.1577754E-07
   900.0 -.1566284E-07
   901.0 -.1529644E-07
   902.0 -.1468998E-07
   903.0 -.1385880E-07
   904.0 -.1282138E-07
   905.0 -.1159932E-07
   906.0 -.1021666E-07
   907.0 -.8699528E-08
   908.0 -.7075766E-08
   909.0 -.5374328E-08
   910.0 -.3624840E-08
   911.0 -.1857110E-08
   912.0 -.1006303E-09
   913.0 0.1615886E-08
   914.0 0.3264959E-08
   915.0 0.4820774E-08
   916.0 0.6259561E-08
   917.0 0.7559918E-08
   918.0 0.8703200E-08
   919.0 0.9673672E-08
   920.0 0.1045876E-07
   921.0 0.1104920E-07
   922.0 0.1143917E-07
   923.0 0.1162621E-07
   924.0 0.1161131E-07
   925.0 0.1139878E-07
   926.0 0.1099617E-07
   927.0 0.1041402E-07
   928.0 0.9665690E-08
   929.0 0.8767057E-08
   930.0 0.7736225E-08
   931.0 0.6593194E-08
   932.0 0.5359482E-08
   933.0 0.4057737E-08
   934.0 0.2711351E-08
   935.0 0.1344054E-08
   936.0 -.2050242E-10
   937.0 -.1359125E-08
   938.0 -.2649476E-08
   939.0 -.3870447E-08
   940.0 -.5002482E-08
   941.0 -.6027887E-08
   942.0 -.6931121E-08
   943.0 -.7699017E-08
   944.0 -.8321011E-08
   945.0 -.8789242E-08
   946.0 -.9098642E-08
   947.0 -.9247064E-08
   948.0 -.9235169E-08
   949.0 -.9066494E-08
   950.0 -.8747269E-08
   951.0 -.8286296E-08
   952.0 -.7694762E-08
   953.0 -.6986028E-08
   954.0 -.6175347E-08
   955.0 -.5279538E-08
   956.0 -.4316728E-08
   957.0 -.3305957E-08
   958.0 -.2266850E-08
   959.0 -.1219222E-08
   960.0 -.1827561E-09
   961.0 0.8233998E-09
   962.0 0.1780962E-08
   963.0 0.2672849E-08
   964.0 0.3483477E-08
   965.0 0.4199064E-08
   966.0 0.4807847E-08
   967.0 0.5300312E-08
   968.0 0.5669314E-08
   969.0 0.5910263E-08
   970.0 0.6021116E-08
   971.0 0.6002471E-08
   972.0 0.5857467E-08
   973.0 0.5591736E-08
   974.0 0.5213319E-08
   975.0 0.4732401E-08
   976.0 0.4161176E-08
   977.0 0.3513553E-08
   978.0 0.2804884E-08
   979.0 0.2051637E-08
   980.0 0.1271076E-08
   981.0 0.4808961E-09
   982.0 -.3011452E-09
   983.0 -.1057571E-08
   984.0 -.1771562E-08
   985.0 -.2427288E-08
   986.0 -.3010247E-08
   987.0 -.3507553E-08
   988.0 -.3908216E-08
   989.0 -.4203352E-08
   990.0 -.4386394E-08
   991.0 -.4453229E-08
   992.0 -.4402259E-08
   993.0 -.4234483E-08
   994.0 -.3953442E-08
   995.0 -.3565191E-08
   996.0 -.3078123E-08
   997.0 -.2502868E-08
   998.0 -.1852007E-08
   999.0 -.1139857E-08
  1000.0 -.3821566E-09
  1001.0 0.4042743E-09
  1002.0 0.1201878E-08
  1003.0 0.1992736E-08
  1004.0 0.2758963E-08
  1005.0 0.3483091E-08
  1006.0 0.4148432E-08
  1007.0 0.4739464E-08
  1008.0 0.5242211E-08
  1009.0 0.5644460E-08
  1010.0 0.5936144E-08
  1011.0 0.6109532E-08
  1012.0 0.6159409E-08
  1013.0 0.6083222E-08
  1014.0 0.5881163E-08
  1015.0 0.5556169E-08
  1016.0 0.5113919E-08
  1017.0 0.4562664E-08
  1018.0 0.3913156E-08
  1019.0 0.3178342E-08
  1020.0 0.2373164E-08
  1021.0 0.1514211E-08
  1022.0 0.6193678E-09
  1023.0 -.2925528E-09
  1024.0 -.1202250E-08
  1025.0 -.2090342E-08
  1026.0 -.2937788E-08
  1027.0 -.3726379E-08
  1028.0 -.4439060E-08
  1029.0 -.5060436E-08
  1030.0 -.5577042E-08
  1031.0 -.5977721E-08
  1032.0 -.6253902E-08
  1033.0 -.6399788E-08
  1034.0 -.6412553E-08
  1035.0 -.6292413E-08
  1036.0 -.6042677E-08
  1037.0 -.5669682E-08
  1038.0 -.5182700E-08
  1039.0 -.4593735E-08
  1040.0 -.3917296E-08
  1041.0 -.3170077E-08
  1042.0 -.2370586E-08
  1043.0 -.1538743E-08
  1044.0 -.6954126E-09
  1045.0 0.1380594E-09
  1046.0 0.9403636E-09
  1047.0 0.1690746E-08
  1048.0 0.2369482E-08
  1049.0 0.2958418E-08
  1050.0 0.3441378E-08
  1051.0 0.3804654E-08
  1052.0 0.4037328E-08
  1053.0 0.4131625E-08
  1054.0 0.4083155E-08
  1055.0 0.3891096E-08
  1056.0 0.3558277E-08
  1057.0 0.3091211E-08
  1058.0 0.2499984E-08
  1059.0 0.1798148E-08
  1060.0 0.1002419E-08
  1061.0 0.1323798E-09
  1062.0 -.7899250E-09
  1063.0 -.1740497E-08
  1064.0 -.2693878E-08
  1065.0 -.3623736E-08
  1066.0 -.4503516E-08
  1067.0 -.5307062E-08
  1068.0 -.6009239E-08
  1069.0 -.6586646E-08
  1070.0 -.7018148E-08
  1071.0 -.7285542E-08
  1072.0 -.7374062E-08
  1073.0 -.7272804E-08
  1074.0 -.6975219E-08
  1075.0 -.6479322E-08
  1076.0 -.5787930E-08
  1077.0 -.4908801E-08
  1078.0 -.3854536E-08
  1079.0 -.2642555E-08
  1080.0 -.1294775E-08
  1081.0 0.1627196E-09
  1082.0 0.1700115E-08
  1083.0 0.3284460E-08
  1084.0 0.4880316E-08
  1085.0 0.6450459E-08
  1086.0 0.7956759E-08
  1087.0 0.9360895E-08
  1088.0 0.1062540E-07
  1089.0 0.1171436E-07
  1090.0 0.1259450E-07
  1091.0 0.1323584E-07
  1092.0 0.1361269E-07
  1093.0 0.1370422E-07
  1094.0 0.1349521E-07
  1095.0 0.1297665E-07
  1096.0 0.1214599E-07
  1097.0 0.1100762E-07
  1098.0 0.9572932E-08
  1099.0 0.7860363E-08
  1100.0 0.5895214E-08
  1101.0 0.3709333E-08
  1102.0 0.1340666E-08
  1103.0 -.1167320E-08
  1104.0 -.3766505E-08
  1105.0 -.6404893E-08
  1106.0 -.9027674E-08
  1107.0 -.1157832E-07
  1108.0 -.1399973E-07
  1109.0 -.1623551E-07
  1110.0 -.1823112E-07
  1111.0 -.1993525E-07
  1112.0 -.2130097E-07
  1113.0 -.2228695E-07
  1114.0 -.2285837E-07
  1115.0 -.2298818E-07
  1116.0 -.2265771E-07
  1117.0 -.2185745E-07
  1118.0 -.2058763E-07
  1119.0 -.1885833E-07
  1120.0 -.1668981E-07
  1121.0 -.1411232E-07
  1122.0 -.1116575E-07
  1123.0 -.7899181E-08
  1124.0 -.4370119E-08
  1125.0 -.6433999E-09
  1126.0 0.3209722E-08
  1127.0 0.7113044E-08
  1128.0 0.1098683E-07
  1129.0 0.1474939E-07
  1130.0 0.1831873E-07
  1131.0 0.2161438E-07
  1132.0 0.2455895E-07
  1133.0 0.2708009E-07
  1134.0 0.2911208E-07
  1135.0 0.3059736E-07
  1136.0 0.3148813E-07
  1137.0 0.3174755E-07
  1138.0 0.3135095E-07
  1139.0 0.3028669E-07
  1140.0 0.2855690E-07
  1141.0 0.2617753E-07
  1142.0 0.2317887E-07
  1143.0 0.1960508E-07
  1144.0 0.1551381E-07
  1145.0 0.1097526E-07
  1146.0 0.6071243E-08
  1147.0 0.8937057E-09
  1148.0 -.4456859E-08
  1149.0 -.9873315E-08
  1150.0 -.1524381E-07
  1151.0 -.2045422E-07
  1152.0 -.2539024E-07
  1153.0 -.2993993E-07
  1154.0 -.3399603E-07
  1155.0 -.3745858E-07
  1156.0 -.4023694E-07
  1157.0 -.4225236E-07
  1158.0 -.4343961E-07
  1159.0 -.4374893E-07
  1160.0 -.4314780E-07
  1161.0 -.4162168E-07
  1162.0 -.3917529E-07
  1163.0 -.3583285E-07
  1164.0 -.3163834E-07
  1165.0 -.2665515E-07
  1166.0 -.2096533E-07
  1167.0 -.1466847E-07
  1168.0 -.7880232E-08
  1169.0 -.7303135E-09
  1170.0 0.6639686E-08
  1171.0 0.1407889E-07
  1172.0 0.2143003E-07
  1173.0 0.2853250E-07
  1174.0 0.3522549E-07
  1175.0 0.4135160E-07
  1176.0 0.4675982E-07
  1177.0 0.5130931E-07
  1178.0 0.5487239E-07
  1179.0 0.5733760E-07
  1180.0 0.5861272E-07
  1181.0 0.5862726E-07
  1182.0 0.5733461E-07
  1183.0 0.5471364E-07
  1184.0 0.5077039E-07
  1185.0 0.4553858E-07
  1186.0 0.3907978E-07
  1187.0 0.3148349E-07
  1188.0 0.2286578E-07
  1189.0 0.1336828E-07
  1190.0 0.3155861E-08
  1191.0 -.7585761E-08
  1192.0 -.1865313E-07
  1193.0 -.2982844E-07
  1194.0 -.4088355E-07
  1195.0 -.5158423E-07
  1196.0 -.6169458E-07
  1197.0 -.7098155E-07
  1198.0 -.7922006E-07
  1199.0 -.8619745E-07
  1200.0 -.9171847E-07
  1201.0 -.9560920E-07
  1202.0 -.9772197E-07
  1203.0 -.9793844E-07
  1204.0 -.9617371E-07
  1205.0 -.9237855E-07
  1206.0 -.8654207E-07
  1207.0 -.7869274E-07
  1208.0 -.6889994E-07
  1209.0 -.5727335E-07
  1210.0 -.4396270E-07
  1211.0 -.2915609E-07
  1212.0 -.1307767E-07
  1213.0 0.4015194E-08
  1214.0 0.2183596E-07
  1215.0 0.4007313E-07
  1216.0 0.5839543E-07
  1217.0 0.7645726E-07
  1218.0 0.9390514E-07
  1219.0 0.1103835E-06
  1220.0 0.1255415E-06
  1221.0 0.1390404E-06
  1222.0 0.1505588E-06
  1223.0 0.1598016E-06
  1224.0 0.1665027E-06
  1225.0 0.1704352E-06
  1226.0 0.1714135E-06
  1227.0 0.1692998E-06
  1228.0 0.1640074E-06
  1229.0 0.1555051E-06
  1230.0 0.1438176E-06
  1231.0 0.1290289E-06
  1232.0 0.1112821E-06
  1233.0 0.9077760E-07
  1234.0 0.6777296E-07
  1235.0 0.4257938E-07
  1236.0 0.1555754E-07
  1237.0 -.1288661E-07
  1238.0 -.4230785E-07
  1239.0 -.7222832E-07
  1240.0 -.1021452E-06
  1241.0 -.1315379E-06
  1242.0 -.1598774E-06
  1243.0 -.1866347E-06
  1244.0 -.2112907E-06
  1245.0 -.2333436E-06
  1246.0 -.2523205E-06
  1247.0 -.2677839E-06
  1248.0 -.2793419E-06
  1249.0 -.2866551E-06
  1250.0 -.2894445E-06
  1251.0 -.2874963E-06
  1252.0 -.2806697E-06
  1253.0 -.2688985E-06
  1254.0 -.2521963E-06
  1255.0 -.2306567E-06
  1256.0 -.2044548E-06
  1257.0 -.1738456E-06
  1258.0 -.1391618E-06
  1259.0 -.1008111E-06
  1260.0 -.5927037E-07
  1261.0 -.1507943E-07
  1262.0 0.3116579E-07
  1263.0 0.7882186E-07
  1264.0 0.1272068E-06
  1265.0 0.1756112E-06
  1266.0 0.2233081E-06
  1267.0 0.2695642E-06
  1268.0 0.3136522E-06
  1269.0 0.3548610E-06
  1270.0 0.3925089E-06
  1271.0 0.4259529E-06
  1272.0 0.4546025E-06
  1273.0 0.4779257E-06
  1274.0 0.4954610E-06
  1275.0 0.5068255E-06
  1276.0 0.5117196E-06
  1277.0 0.5099383E-06
  1278.0 0.5013698E-06
  1279.0 0.4859994E-06
  1280.0 0.4639141E-06
  1281.0 0.4352997E-06
  1282.0 0.4004410E-06
  1283.0 0.3597162E-06
  1284.0 0.3135929E-06
  1285.0 0.2626245E-06
  1286.0 0.2074377E-06
  1287.0 0.1487274E-06
  1288.0 0.8724575E-07
  1289.0 0.2379001E-07
  1290.0 -.4080795E-07
  1291.0 -.1056940E-06
  1292.0 -.1700056E-06
  1293.0 -.2328828E-06
  1294.0 -.2934836E-06
  1295.0 -.3509951E-06
  1296.0 -.4046448E-06
  1297.0 -.4537148E-06
  1298.0 -.4975508E-06
  1299.0 -.5355724E-06
  1300.0 -.5672809E-06
  1301.0 -.5922696E-06
  1302.0 -.6102259E-06
  1303.0 -.6209370E-06
  1304.0 -.6242954E-06
  1305.0 -.6202961E-06
  1306.0 -.6090402E-06
  1307.0 -.5907276E-06
  1308.0 -.5656610E-06
  1309.0 -.5342322E-06
  1310.0 -.4969249E-06
  1311.0 -.4542956E-06
  1312.0 -.4069767E-06
  1313.0 -.3556576E-06
  1314.0 -.3010773E-06
  1315.0 -.2440119E-06
  1316.0 -.1852635E-06
  1317.0 -.1256467E-06
  1318.0 -.6597683E-07
  1319.0 -.7057404E-08
  1320.0 0.5033229E-07
  1321.0 0.1054479E-06
  1322.0 0.1575915E-06
  1323.0 0.2061214E-06
  1324.0 0.2504611E-06
  1325.0 0.2901061E-06
  1326.0 0.3246330E-06
  1327.0 0.3537013E-06
  1328.0 0.3770602E-06
  1329.0 0.3945487E-06
  1330.0 0.4060976E-06
  1331.0 0.4117278E-06
  1332.0 0.4115494E-06
  1333.0 0.4057580E-06
  1334.0 0.3946280E-06
  1335.0 0.3785086E-06
  1336.0 0.3578172E-06
  1337.0 0.3330278E-06
  1338.0 0.3046665E-06
  1339.0 0.2732986E-06
  1340.0 0.2395201E-06
  1341.0 0.2039472E-06
  1342.0 0.1672058E-06
  1343.0 0.1299208E-06
  1344.0 0.9270657E-07
  1345.0 0.5615657E-07
  1346.0 0.2083454E-07
  1347.0 -.1273408E-07
  1348.0 -.4406957E-07
  1349.0 -.7274510E-07
  1350.0 -.9839210E-07
  1351.0 -.1207045E-06
  1352.0 -.1394427E-06
  1353.0 -.1544358E-06
  1354.0 -.1655815E-06
  1355.0 -.1728463E-06
  1356.0 -.1762658E-06
  1357.0 -.1759388E-06
  1358.0 -.1720264E-06
  1359.0 -.1647465E-06
  1360.0 -.1543680E-06
  1361.0 -.1412050E-06
  1362.0 -.1256102E-06
  1363.0 -.1079667E-06
  1364.0 -.8868160E-07
  1365.0 -.6817705E-07
  1366.0 -.4688254E-07
  1367.0 -.2522767E-07
  1368.0 -.3633625E-08
  1369.0 0.1749339E-07
  1370.0 0.3776928E-07
  1371.0 0.5683827E-07
  1372.0 0.7437823E-07
  1373.0 0.9010572E-07
  1374.0 0.1037801E-06
  1375.0 0.1152060E-06
  1376.0 0.1242355E-06
  1377.0 0.1307707E-06
  1378.0 0.1347619E-06
  1379.0 0.1362088E-06
  1380.0 0.1351584E-06
  1381.0 0.1317017E-06
  1382.0 0.1259726E-06
  1383.0 0.1181429E-06
  1384.0 0.1084177E-06
  1385.0 0.9703179E-07
  1386.0 0.8424313E-07
  1387.0 0.7032842E-07
  1388.0 0.5557641E-07
  1389.0 0.4028298E-07
  1390.0 0.2474496E-07
  1391.0 0.9254636E-08
  1392.0 -.5905524E-08
  1393.0 -.2046797E-07
  1394.0 -.3418432E-07
  1395.0 -.4683001E-07
  1396.0 -.5820710E-07
  1397.0 -.6814766E-07
  1398.0 -.7651624E-07
  1399.0 -.8321009E-07
  1400.0 -.8816231E-07
  1401.0 -.9133984E-07
  1402.0 -.9274422E-07
  1403.0 -.9241067E-07
  1404.0 -.9040535E-07
  1405.0 -.8682417E-07
  1406.0 -.8178952E-07
  1407.0 -.7544700E-07
  1408.0 -.6796260E-07
  1409.0 -.5951803E-07
  1410.0 -.5030732E-07
  1411.0 -.4053273E-07
  1412.0 -.3040031E-07
  1413.0 -.2011603E-07
  1414.0 -.9881876E-08
  1415.0 0.1079644E-09
  1416.0 0.9670578E-08
  1417.0 0.1863748E-07
  1418.0 0.2685729E-07
  1419.0 0.3419824E-07
  1420.0 0.4054989E-07
  1421.0 0.4582481E-07
  1422.0 0.4995924E-07
  1423.0 0.5291375E-07
  1424.0 0.5467307E-07
  1425.0 0.5524533E-07
  1426.0 0.5466186E-07
  1427.0 0.5297512E-07
  1428.0 0.5025707E-07
  1429.0 0.4659725E-07
  1430.0 0.4210045E-07
  1431.0 0.3688402E-07
  1432.0 0.3107510E-07
  1433.0 0.2480810E-07
  1434.0 0.1822115E-07
  1435.0 0.1145408E-07
  1436.0 0.4644872E-08
  1437.0 -.2072424E-08
  1438.0 -.8570638E-08
  1439.0 -.1473155E-07
  1440.0 -.2044784E-07
  1441.0 -.2562512E-07
  1442.0 -.3018297E-07
  1443.0 -.3405632E-07
  1444.0 -.3719620E-07
  1445.0 -.3956978E-07
  1446.0 -.4116086E-07
  1447.0 -.4196940E-07
  1448.0 -.4201088E-07
  1449.0 -.4131554E-07
  1450.0 -.3992703E-07
  1451.0 -.3790116E-07
  1452.0 -.3530449E-07
  1453.0 -.3221194E-07
  1454.0 -.2870583E-07
  1455.0 -.2487318E-07
  1456.0 -.2080415E-07
  1457.0 -.1658995E-07
  1458.0 -.1232093E-07
  1459.0 -.8084799E-08
  1460.0 -.3964860E-08
  1461.0 -.3856031E-10
  1462.0 0.3624005E-08
  1463.0 0.6961151E-08
  1464.0 0.9920561E-08
  1465.0 0.1246007E-07
  1466.0 0.1454810E-07
  1467.0 0.1616380E-07
  1468.0 0.1729730E-07
  1469.0 0.1794919E-07
  1470.0 0.1813011E-07
  1471.0 0.1786039E-07
  1472.0 0.1716891E-07
  1473.0 0.1609232E-07
  1474.0 0.1467377E-07
  1475.0 0.1296191E-07
  1476.0 0.1100944E-07
  1477.0 0.8871892E-08
  1478.0 0.6606328E-08
  1479.0 0.4269940E-08
  1480.0 0.1918901E-08
  1481.0 -.3928972E-09
  1482.0 -.2614879E-08
  1483.0 -.4700788E-08
  1484.0 -.6609541E-08
  1485.0 -.8305891E-08
  1486.0 -.9760951E-08
  1487.0 -.1095267E-07
  1488.0 -.1186589E-07
  1489.0 -.1249256E-07
  1490.0 -.1283152E-07
  1491.0 -.1288822E-07
  1492.0 -.1267443E-07
  1493.0 -.1220765E-07
  1494.0 -.1151035E-07
  1495.0 -.1060954E-07
  1496.0 -.9535674E-08
  1497.0 -.8322011E-08
  1498.0 -.7003569E-08
  1499.0 -.5616355E-08
  1500.0 -.4196461E-08
  1501.0 -.2779164E-08
  1502.0 -.1398210E-08
  1503.0 -.8502012E-10
  1504.0 0.1131920E-08
  1505.0 0.2227657E-08
  1506.0 0.3181193E-08
  1507.0 0.3975846E-08
  1508.0 0.4599497E-08
  1509.0 0.5044670E-08
  1510.0 0.5308600E-08
  1511.0 0.5393038E-08
  1512.0 0.5304119E-08
  1513.0 0.5052043E-08
  1514.0 0.4650639E-08
  1515.0 0.4116941E-08
  1516.0 0.3470653E-08
  1517.0 0.2733548E-08
  1518.0 0.1928917E-08
  1519.0 0.1080902E-08
  1520.0 0.2139056E-09
  1521.0 -.6480394E-09
  1522.0 -.1481829E-08
  1523.0 -.2265860E-08
  1524.0 -.2980446E-08
  1525.0 -.3608335E-08
  1526.0 -.4134999E-08
  1527.0 -.4548905E-08
  1528.0 -.4841774E-08
  1529.0 -.5008614E-08
  1530.0 -.5047820E-08
  1531.0 -.4961030E-08
  1532.0 -.4753109E-08
  1533.0 -.4431827E-08
  1534.0 -.4007667E-08
  1535.0 -.3493449E-08
  1536.0 -.2903962E-08
  1537.0 -.2255552E-08
  1538.0 -.1565675E-08
  1539.0 -.8524066E-09
  1540.0 -.1340291E-09
  1541.0 0.5714776E-09
  1542.0 0.1246851E-08
  1543.0 0.1875956E-08
  1544.0 0.2444181E-08
  1545.0 0.2938748E-08
  1546.0 0.3348995E-08
  1547.0 0.3666607E-08
  1548.0 0.3885758E-08
  1549.0 0.4003207E-08
  1550.0 0.4018336E-08
  1551.0 0.3933101E-08
  1552.0 0.3751949E-08
  1553.0 0.3481631E-08
  1554.0 0.3131036E-08
  1555.0 0.2710881E-08
  1556.0 0.2233467E-08
  1557.0 0.1712301E-08
  1558.0 0.1161766E-08
  1559.0 0.5967491E-09
  1560.0 0.3227834E-10
  1561.0 -.5168776E-09
  1562.0 -.1036529E-08
  1563.0 -.1513430E-08
  1564.0 -.1935593E-08
  1565.0 -.2292520E-08
  1566.0 -.2575480E-08
  1567.0 -.2777677E-08
  1568.0 -.2894375E-08
  1569.0 -.2923014E-08
  1570.0 -.2863210E-08
  1571.0 -.2716736E-08
  1572.0 -.2487477E-08
  1573.0 -.2181289E-08
  1574.0 -.1805815E-08
  1575.0 -.1370310E-08
  1576.0 -.8853839E-09
  1577.0 -.3627231E-09
  1578.0 0.1851908E-09
  1579.0 0.7453877E-09
  1580.0 0.1304729E-08
  1581.0 0.1850214E-08
  1582.0 0.2369298E-08
  1583.0 0.2850165E-08
  1584.0 0.3282001E-08
  1585.0 0.3655250E-08
  1586.0 0.3961785E-08
  1587.0 0.4195148E-08
  1588.0 0.4350594E-08
  1589.0 0.4425248E-08
  1590.0 0.4418110E-08
  1591.0 0.4330077E-08
  1592.0 0.4163868E-08
  1593.0 0.3923988E-08
  1594.0 0.3616544E-08
  1595.0 0.3249116E-08
  1596.0 0.2830572E-08
  1597.0 0.2370802E-08
  1598.0 0.1880547E-08
  1599.0 0.1371070E-08
  1600.0 0.8539396E-09
  1601.0 0.3407585E-09
  1602.0 -.1571252E-09
  1603.0 -.6288515E-09
  1604.0 -.1064294E-08
  1605.0 -.1454273E-08
  1606.0 -.1790762E-08
  1607.0 -.2067031E-08
  1608.0 -.2277790E-08
  1609.0 -.2419300E-08
  1610.0 -.2489388E-08
  1611.0 -.2487522E-08
  1612.0 -.2414768E-08
  1613.0 -.2273742E-08
  1614.0 -.2068526E-08
  1615.0 -.1804552E-08
  1616.0 -.1488459E-08
  1617.0 -.1127923E-08
  1618.0 -.7314671E-09
  1619.0 -.3082491E-09
  1620.0 0.1321487E-09
  1621.0 0.5799394E-09
  1622.0 0.1025352E-08
  1623.0 0.1458858E-08
  1624.0 0.1871373E-08
  1625.0 0.2254442E-08
  1626.0 0.2600423E-08
  1627.0 0.2902648E-08
  1628.0 0.3155525E-08
  1629.0 0.3354659E-08
  1630.0 0.3496924E-08
  1631.0 0.3580493E-08
  1632.0 0.3604850E-08
  1633.0 0.3570766E-08
  1634.0 0.3480279E-08
  1635.0 0.3336584E-08
  1636.0 0.3143939E-08
  1637.0 0.2907564E-08
  1638.0 0.2633476E-08
  1639.0 0.2328346E-08
  1640.0 0.1999335E-08
  1641.0 0.1653907E-08
  1642.0 0.1299655E-08
  1643.0 0.9441468E-09
  1644.0 0.5947253E-09
  1645.0 0.2583758E-09
  1646.0 -.5844070E-10
  1647.0 -.3499148E-09
  1648.0 -.6109928E-09
  1649.0 -.8374755E-09
  1650.0 -.1026087E-08
  1651.0 -.1174524E-08
  1652.0 -.1281469E-08
  1653.0 -.1346602E-08
  1654.0 -.1370555E-08
  1655.0 -.1354893E-08
  1656.0 -.1302020E-08
  1657.0 -.1215116E-08
  1658.0 -.1098012E-08
  1659.0 -.9550998E-09
  1660.0 -.7911916E-09
  1661.0 -.6113982E-09
  1662.0 -.4209902E-09
  1663.0 -.2252713E-09
  1664.0 -.2944292E-10
  1665.0 0.1615235E-09
  1666.0 0.3429931E-09
  1667.0 0.5107654E-09
  1668.0 0.6611815E-09
  1669.0 0.7911859E-09
  1670.0 0.8983660E-09
  1671.0 0.9810263E-09
  1672.0 0.1038174E-08
  1673.0 0.1069534E-08
  1674.0 0.1075527E-08
  1675.0 0.1057241E-08
  1676.0 0.1016366E-08
  1677.0 0.9551394E-09
  1678.0 0.8762777E-09
  1679.0 0.7828552E-09
  1680.0 0.6782486E-09
  1681.0 0.5660097E-09
  1682.0 0.4497719E-09
  1683.0 0.3331544E-09
  1684.0 0.2196523E-09
  1685.0 0.1125504E-09
  1686.0 0.1483010E-10
  1687.0 -.7089335E-10
  1688.0 -.1424470E-09
  1689.0 -.1981472E-09
  1690.0 -.2368346E-09
  1691.0 -.2578969E-09
  1692.0 -.2612769E-09
  1693.0 -.2474663E-09
  1694.0 -.2174715E-09
  1695.0 -.1727925E-09
  1696.0 -.1153666E-09
  1697.0 -.4750017E-10
  1698.0 0.2819107E-10
  1699.0 0.1088614E-09
  1700.0 0.1915231E-09
  1701.0 0.2731244E-09
  1702.0 0.3506453E-09
  1703.0 0.4211771E-09
  1704.0 0.4820019E-09
  1705.0 0.5306803E-09
  1706.0 0.5651016E-09
  1707.0 0.5835593E-09
  1708.0 0.5847908E-09
  1709.0 0.5680148E-09
  1710.0 0.5329467E-09
  1711.0 0.4798306E-09
  1712.0 0.4094056E-09
  1713.0 0.3229113E-09
  1714.0 0.2220514E-09
  1715.0 0.1089395E-09
  1716.0 -.1393153E-10
  1717.0 -.1437756E-09
  1718.0 -.2775646E-09
  1719.0 -.4121251E-09
  1720.0 -.5441947E-09
  1721.0 -.6705322E-09
  1722.0 -.7879786E-09
  1723.0 -.8935463E-09
  1724.0 -.9845017E-09
  1725.0 -.1058430E-08
  1726.0 -.1113299E-08
  1727.0 -.1147509E-08
  1728.0 -.1159944E-08
  1729.0 -.1150001E-08
  1730.0 -.1117603E-08
  1731.0 -.1063219E-08
  1732.0 -.9878373E-09
  1733.0 -.8929592E-09
  1734.0 -.7805711E-09
  1735.0 -.6530899E-09
  1736.0 -.5133095E-09
  1737.0 -.3643460E-09
  1738.0 -.2095601E-09
  1739.0 -.5247966E-10
  1740.0 0.1032794E-09
  1741.0 0.2540963E-09
  1742.0 0.3964307E-09
  1743.0 0.5269055E-09
  1744.0 0.6423808E-09
  1745.0 0.7400344E-09
  1746.0 0.8174180E-09
  1747.0 0.8725276E-09
  1748.0 0.9038290E-09
  1749.0 0.9103212E-09
  1750.0 0.8915368E-09
  1751.0 0.8475676E-09
  1752.0 0.7790595E-09
  1753.0 0.6871910E-09
  1754.0 0.5736664E-09
  1755.0 0.4406551E-09
  1756.0 0.2907644E-09
  1757.0 0.1269691E-09
  1758.0 -.4745222E-10
  1759.0 -.2289863E-09
  1760.0 -.4139634E-09
  1761.0 -.5986422E-09
  1762.0 -.7792869E-09
  1763.0 -.9522462E-09
  1764.0 -.1114046E-08
  1765.0 -.1261442E-08
  1766.0 -.1391510E-08
  1767.0 -.1501697E-08
  1768.0 -.1589873E-08
  1769.0 -.1654382E-08
  1770.0 -.1694070E-08
  1771.0 -.1708301E-08
  1772.0 -.1696976E-08
  1773.0 -.1660527E-08
  1774.0 -.1599904E-08
  1775.0 -.1516543E-08
  1776.0 -.1412344E-08
  1777.0 -.1289613E-08
  1778.0 -.1151020E-08
  1779.0 -.9995200E-09
  1780.0 -.8383033E-09
  1781.0 -.6707223E-09
  1782.0 -.5002039E-09
  1783.0 -.3301931E-09
  1784.0 -.1640657E-09
  1785.0 -.5063064E-11
  1786.0 0.1437791E-09
  1787.0 0.2796882E-09
  1788.0 0.4002172E-09
  1789.0 0.5032862E-09
  1790.0 0.5872223E-09
  1791.0 0.6507925E-09
  1792.0 0.6932199E-09
  1793.0 0.7141923E-09
  1794.0 0.7138625E-09
  1795.0 0.6928340E-09
  1796.0 0.6521426E-09
  1797.0 0.5932233E-09
  1798.0 0.5178714E-09
  1799.0 0.4281970E-09
  1800.0 0.3265716E-09
  1801.0 0.2155749E-09
  1802.0 0.9792211E-10
  1803.0 -.2358139E-10
  1804.0 -.1461173E-09
  1805.0 -.2669157E-09
  1806.0 -.3833067E-09
  1807.0 -.4927873E-09
  1808.0 -.5930670E-09
  1809.0 -.6821195E-09
  1810.0 -.7582152E-09
  1811.0 -.8199607E-09
  1812.0 -.8663195E-09
  1813.0 -.8966224E-09
  1814.0 -.9105795E-09
  1815.0 -.9082802E-09
  1816.0 -.8901752E-09
  1817.0 -.8570594E-09
  1818.0 -.8100534E-09
  1819.0 -.7505600E-09
  1820.0 -.6802315E-09
  1821.0 -.6009219E-09
  1822.0 -.5146457E-09
  1823.0 -.4235225E-09
  1824.0 -.3297266E-09
  1825.0 -.2354337E-09
  1826.0 -.1427761E-09
  1827.0 -.5378875E-10
  1828.0 0.2963311E-10
  1829.0 0.1057748E-09
  1830.0 0.1731405E-09
  1831.0 0.2304832E-09
  1832.0 0.2768221E-09
  1833.0 0.3114664E-09
  1834.0 0.3340259E-09
  1835.0 0.3444038E-09
  1836.0 0.3428039E-09
  1837.0 0.3297125E-09
  1838.0 0.3058840E-09
  1839.0 0.2723143E-09
  1840.0 0.2302140E-09
  1841.0 0.1809764E-09
  1842.0 0.1261386E-09
  1843.0 0.6734426E-10
  1844.0 0.6299609E-11
  1845.0 -.5526541E-10
  1846.0 -.1156381E-09
  1847.0 -.1731672E-09
  1848.0 -.2262946E-09
  1849.0 -.2735974E-09
  1850.0 -.3138103E-09
  1851.0 -.3458638E-09
  1852.0 -.3688944E-09
  1853.0 -.3822692E-09
  1854.0 -.3855918E-09
  1855.0 -.3787109E-09
  1856.0 -.3617200E-09
  1857.0 -.3349482E-09
  1858.0 -.2989483E-09
  1859.0 -.2544844E-09
  1860.0 -.2025103E-09
  1861.0 -.1441419E-09
  1862.0 -.8062882E-10
  1863.0 -.1332830E-10
  1864.0 0.5633270E-10
  1865.0 0.1268841E-09
  1866.0 0.1968533E-09
  1867.0 0.2647929E-09
  1868.0 0.3293145E-09
  1869.0 0.3891194E-09
  1870.0 0.4430205E-09
  1871.0 0.4899742E-09
  1872.0 0.5290911E-09
  1873.0 0.5596612E-09
  1874.0 0.5811584E-09
  1875.0 0.5932506E-09
  1876.0 0.5958076E-09
  1877.0 0.5888898E-09
  1878.0 0.5727514E-09
  1879.0 0.5478273E-09
  1880.0 0.5147164E-09
  1881.0 0.4741719E-09
  1882.0 0.4270773E-09
  1883.0 0.3744260E-09
  1884.0 0.3172988E-09
  1885.0 0.2568387E-09
  1886.0 0.1942265E-09
  1887.0 0.1306541E-09
  1888.0 0.6730334E-10
  1889.0 0.5323190E-11
  1890.0 -.5419746E-10
  1891.0 -.1102403E-09
  1892.0 -.1618828E-09
  1893.0 -.2083078E-09
  1894.0 -.2488165E-09
  1895.0 -.2828364E-09
  1896.0 -.3099288E-09
  1897.0 -.3297864E-09
  1898.0 -.3422403E-09
  1899.0 -.3472476E-09
  1900.0 -.3448949E-09
  1901.0 -.3353826E-09
  1902.0 -.3190185E-09
  1903.0 -.2962064E-09
  1904.0 -.2674331E-09
  1905.0 -.2332516E-09
  1906.0 -.1942715E-09
  1907.0 -.1511431E-09
  1908.0 -.1045428E-09
  1909.0 -.5515925E-10
  1910.0 -.3682886E-11
  1911.0 0.4920498E-10
  1912.0 0.1028450E-09
  1913.0 0.1566062E-09
  1914.0 0.2098915E-09
  1915.0 0.2621452E-09
  1916.0 0.3128567E-09
  1917.0 0.3615595E-09
  1918.0 0.4078346E-09
  1919.0 0.4513091E-09
  1920.0 0.4916530E-09
  1921.0 0.5285803E-09
  1922.0 0.5618410E-09
  1923.0 0.5912196E-09
  1924.0 0.6165312E-09
  1925.0 0.6376163E-09
  1926.0 0.6543414E-09
  1927.0 0.6665893E-09
  1928.0 0.6742611E-09
  1929.0 0.6772774E-09
  1930.0 0.6755695E-09
  1931.0 0.6690858E-09
  1932.0 0.6577893E-09
  1933.0 0.6416660E-09
  1934.0 0.6207206E-09
  1935.0 0.5949832E-09
  1936.0 0.5645164E-09
  1937.0 0.5294129E-09
  1938.0 0.4898125E-09
  1939.0 0.4458917E-09
  1940.0 0.3978809E-09
  1941.0 0.3460640E-09
  1942.0 0.2907824E-09
  1943.0 0.2324351E-09
  1944.0 0.1714833E-09
  1945.0 0.1084494E-09
  1946.0 0.4391492E-10
  1947.0 -.2148286E-10
  1948.0 -.8705666E-10
  1949.0 -.1520722E-09
  1950.0 -.2157623E-09
  1951.0 -.2773299E-09
  1952.0 -.3359649E-09
  1953.0 -.3908561E-09
  1954.0 -.4412021E-09
  1955.0 -.4862272E-09
  1956.0 -.5251966E-09
  1957.0 -.5574315E-09
  1958.0 -.5823221E-09
  1959.0 -.5993464E-09
  1960.0 -.6080774E-09
  1961.0 -.6081989E-09
  1962.0 -.5995133E-09
  1963.0 -.5819556E-09
  1964.0 -.5555897E-09
  1965.0 -.5206245E-09
  1966.0 -.4774037E-09
  1967.0 -.4264112E-09
  1968.0 -.3682641E-09
  1969.0 -.3037079E-09
  1970.0 -.2336001E-09
  1971.0 -.1589095E-09
  1972.0 -.8068882E-10
  1973.0 -.6619278E-13
  1974.0 0.8177684E-10
  1975.0 0.1636256E-09
  1976.0 0.2442511E-09
  1977.0 0.3224364E-09
  1978.0 0.3969931E-09
  1979.0 0.4667870E-09
  1980.0 0.5307585E-09
  1981.0 0.5879400E-09
  1982.0 0.6374781E-09
  1983.0 0.6786439E-09
  1984.0 0.7108527E-09
  1985.0 0.7336706E-09
  1986.0 0.7468231E-09
  1987.0 0.7502011E-09
  1988.0 0.7438621E-09
  1989.0 0.7280267E-09
  1990.0 0.7030762E-09
  1991.0 0.6695404E-09
  1992.0 0.6280887E-09
  1993.0 0.5795173E-09
  1994.0 0.5247267E-09
  1995.0 0.4647109E-09
  1996.0 0.4005307E-09
  1997.0 0.3332954E-09
  1998.0 0.2641366E-09
  1999.0 0.1941915E-09
  2000.0 0.1245749E-09
  2001.0 0.5635890E-10
  2002.0 -.9443813E-11
  2003.0 -.7190493E-10
  2004.0 -.1301921E-09
  2005.0 -.1835855E-09
  2006.0 -.2314893E-09
  2007.0 -.2734393E-09
  2008.0 -.3091082E-09
  2009.0 -.3383100E-09
  2010.0 -.3609955E-09
  2011.0 -.3772497E-09
  2012.0 -.3872872E-09
  2013.0 -.3914347E-09
  2014.0 -.3901268E-09
  2015.0 -.3838856E-09
  2016.0 -.3733081E-09
  2017.0 -.3590424E-09
  2018.0 -.3417755E-09
  2019.0 -.3222087E-09
  2020.0 -.3010429E-09
  2021.0 -.2789563E-09
  2022.0 -.2565882E-09
  2023.0 -.2345250E-09
  2024.0 -.2132826E-09
  2025.0 -.1932974E-09
  2026.0 -.1749152E-09
  2027.0 -.1583860E-09
  2028.0 -.1438588E-09
  2029.0 -.1313828E-09
  2030.0 -.1209095E-09
  2031.0 -.1122975E-09
  2032.0 -.1053198E-09
  2033.0 -.9967694E-10
  2034.0 -.9500770E-10
  2035.0 -.9090405E-10
  2036.0 -.8692973E-10
  2037.0 -.8263477E-10
  2038.0 -.7757376E-10
  2039.0 -.7132490E-10
  2040.0 -.6350688E-10
  2041.0 -.5379374E-10
  2042.0 -.4193173E-10
  2043.0 -.2775102E-10
  2044.0 -.1117652E-10
  2045.0 0.7763997E-11
  2046.0 0.2893553E-10
  2047.0 0.5209241E-10
  2048.0 0.7688167E-10
  2049.0 0.1028474E-09
  2050.0 0.1294371E-09
  2051.0 0.1560143E-09
  2052.0 0.1818729E-09
  2053.0 0.2062531E-09
  2054.0 0.2283597E-09
  2055.0 0.2473841E-09
  2056.0 0.2625258E-09
  2057.0 0.2730149E-09
  2058.0 0.2781359E-09
  2059.0 0.2772472E-09
  2060.0 0.2698086E-09
  2061.0 0.2553951E-09
  2062.0 0.2337179E-09
  2063.0 0.2046394E-09
  2064.0 0.1681845E-09
  2065.0 0.1245492E-09
  2066.0 0.7410478E-10
  2067.0 0.1739933E-10
  2068.0 -.4484767E-10
  2069.0 -.1117512E-09
  2070.0 -.1822762E-09
  2071.0 -.2552507E-09
  2072.0 -.3293901E-09
  2073.0 -.4033172E-09
  2074.0 -.4755900E-09
  2075.0 -.5447349E-09
  2076.0 -.6092719E-09
  2077.0 -.6677520E-09
  2078.0 -.7187881E-09
  2079.0 -.7610888E-09
  2080.0 -.7934891E-09
  2081.0 -.8149800E-09
  2082.0 -.8247416E-09
  2083.0 -.8221593E-09
  2084.0 -.8068504E-09
  2085.0 -.7786792E-09
  2086.0 -.7377676E-09
  2087.0 -.6845023E-09
  2088.0 -.6195352E-09
  2089.0 -.5437772E-09
  2090.0 -.4583900E-09
  2091.0 -.3647680E-09
  2092.0 -.2645147E-09
  2093.0 -.1594210E-09
  2094.0 -.5142800E-10
  2095.0 0.5740752E-10
  2096.0 0.1649497E-09
  2097.0 0.2690295E-09
  2098.0 0.3674866E-09
  2099.0 0.4582144E-09
  2100.0 0.5392063E-09
  2101.0 0.6085985E-09
  2102.0 0.6647141E-09
  2103.0 0.7060998E-09
  2104.0 0.7315688E-09
  2105.0 0.7402208E-09
  2106.0 0.7314821E-09
  2107.0 0.7051163E-09
  2108.0 0.6612413E-09
  2109.0 0.6003394E-09
  2110.0 0.5232522E-09
  2111.0 0.4311771E-09
  2112.0 0.3256532E-09
  2113.0 0.2085363E-09
  2114.0 0.8197389E-10
  2115.0 -.5163290E-10
  2116.0 -.1896673E-09
  2117.0 -.3293461E-09
  2118.0 -.4677669E-09
  2119.0 -.6019652E-09
  2120.0 -.7289683E-09
  2121.0 -.8458537E-09
  2122.0 -.9498086E-09
  2123.0 -.1038184E-08
  2124.0 -.1108552E-08
  2125.0 -.1158761E-08
  2126.0 -.1186973E-08
  2127.0 -.1191722E-08
  2128.0 -.1171935E-08
  2129.0 -.1126971E-08
  2130.0 -.1056642E-08
  2131.0 -.9612241E-09
  2132.0 -.8414666E-09
  2133.0 -.6985885E-09
  2134.0 -.5342640E-09
  2135.0 -.3506026E-09
  2136.0 -.1501232E-09
  2137.0 0.6428553E-10
  2138.0 0.2894096E-09
  2139.0 0.5217591E-09
  2140.0 0.7576259E-09
  2141.0 0.9931439E-09
  2142.0 0.1224356E-08
  2143.0 0.1447287E-08
  2144.0 0.1657995E-08
  2145.0 0.1852667E-08
  2146.0 0.2027660E-08
  2147.0 0.2179588E-08
  2148.0 0.2305374E-08
  2149.0 0.2402309E-08
  2150.0 0.2468099E-08
  2151.0 0.2500922E-08
  2152.0 0.2499457E-08
  2153.0 0.2462904E-08
  2154.0 0.2391022E-08
  2155.0 0.2284125E-08
  2156.0 0.2143084E-08
  2157.0 0.1969338E-08
  2158.0 0.1764845E-08
  2159.0 0.1532073E-08
  2160.0 0.1273962E-08
  2161.0 0.9938808E-09
  2162.0 0.6955651E-09
  2163.0 0.3830738E-09
  2164.0 0.6071106E-10
  2165.0 -.2670276E-09
  2166.0 -.5955393E-09
  2167.0 -.9201778E-09
  2168.0 -.1236336E-08
  2169.0 -.1539511E-08
  2170.0 -.1825380E-08
  2171.0 -.2089868E-08
  2172.0 -.2329220E-08
  2173.0 -.2540045E-08
  2174.0 -.2719375E-08
  2175.0 -.2864728E-08
  2176.0 -.2974100E-08
  2177.0 -.3046060E-08
  2178.0 -.3079718E-08
  2179.0 -.3074744E-08
  2180.0 -.3031393E-08
  2181.0 -.2950490E-08
  2182.0 -.2833393E-08
  2183.0 -.2681981E-08
  2184.0 -.2498635E-08
  2185.0 -.2286172E-08
  2186.0 -.2047820E-08
  2187.0 -.1787137E-08
  2188.0 -.1507977E-08
  2189.0 -.1214420E-08
  2190.0 -.9106979E-09
  2191.0 -.6011370E-09
  2192.0 -.2900836E-09
  2193.0 0.1816120E-10
  2194.0 0.3194065E-09
  2195.0 0.6096348E-09
  2196.0 0.8850665E-09
  2197.0 0.1142205E-08
  2198.0 0.1377894E-08
  2199.0 0.1589357E-08
  2200.0 0.1774238E-08
  2201.0 0.1930624E-08
  2202.0 0.2057063E-08
  2203.0 0.2152591E-08
  2204.0 0.2216727E-08
  2205.0 0.2249471E-08
  2206.0 0.2251292E-08
  2207.0 0.2223121E-08
  2208.0 0.2166311E-08
  2209.0 0.2082618E-08
  2210.0 0.1974154E-08
  2211.0 0.1843352E-08
  2212.0 0.1692921E-08
  2213.0 0.1525791E-08
  2214.0 0.1345062E-08
  2215.0 0.1153951E-08
  2216.0 0.9557374E-09
  2217.0 0.7537126E-09
  2218.0 0.5511215E-09
  2219.0 0.3511149E-09
  2220.0 0.1566979E-09
  2221.0 -.2930865E-10
  2222.0 -.2043148E-09
  2223.0 -.3659918E-09
  2224.0 -.5123080E-09
  2225.0 -.6415471E-09
  2226.0 -.7523335E-09
  2227.0 -.8436375E-09
  2228.0 -.9147919E-09
  2229.0 -.9654813E-09
  2230.0 -.9957453E-09
  2231.0 -.1005965E-08
  2232.0 -.9968406E-09
  2233.0 -.9693789E-09
  2234.0 -.9248624E-09
  2235.0 -.8648204E-09
  2236.0 -.7909923E-09
  2237.0 -.7052957E-09
  2238.0 -.6097901E-09
  2239.0 -.5066289E-09
  2240.0 -.3980307E-09
  2241.0 -.2862290E-09
  2242.0 -.1734397E-09
  2243.0 -.6181899E-10
  2244.0 0.4656855E-10
  2245.0 0.1497876E-09
  2246.0 0.2460589E-09
  2247.0 0.3337894E-09
  2248.0 0.4115912E-09
  2249.0 0.4783056E-09
  2250.0 0.5330120E-09
  2251.0 0.5750435E-09
  2252.0 0.6039871E-09
  2253.0 0.6196899E-09
  2254.0 0.6222461E-09
  2255.0 0.6120033E-09
  2256.0 0.5895342E-09
  2257.0 0.5556345E-09
  2258.0 0.5112930E-09
  2259.0 0.4576762E-09
  2260.0 0.3960986E-09
  2261.0 0.3279961E-09
  2262.0 0.2549003E-09
  2263.0 0.1784023E-09
  2264.0 0.1001285E-09
  2265.0 0.2170407E-10
  2266.0 -.5527217E-10
  2267.0 -.1292618E-09
  2268.0 -.1988114E-09
  2269.0 -.2625788E-09
  2270.0 -.3193582E-09
  2271.0 -.3680997E-09
  2272.0 -.4079254E-09
  2273.0 -.4381484E-09
  2274.0 -.4582777E-09
  2275.0 -.4680294E-09
  2276.0 -.4673280E-09
  2277.0 -.4563061E-09
  2278.0 -.4353038E-09
  2279.0 -.4048527E-09
  2280.0 -.3656719E-09
  2281.0 -.3186503E-09
  2282.0 -.2648270E-09
  2283.0 -.2053754E-09
  2284.0 -.1415770E-09
  2285.0 -.7479662E-10
  2286.0 -.6458792E-11
  2287.0 0.6198200E-10
  2288.0 0.1290667E-09
  2289.0 0.1933614E-09
  2290.0 0.2534820E-09
  2291.0 0.3081242E-09
  2292.0 0.3560846E-09
  2293.0 0.3962857E-09
  2294.0 0.4277969E-09
  2295.0 0.4498525E-09
  2296.0 0.4618665E-09
  2297.0 0.4634457E-09
  2298.0 0.4543966E-09
  2299.0 0.4347324E-09
  2300.0 0.4046745E-09
  2301.0 0.3646468E-09
  2302.0 0.3152746E-09
  2303.0 0.2573711E-09
  2304.0 0.1919248E-09
  2305.0 0.1200846E-09
  2306.0 0.4313808E-10
  2307.0 -.3750893E-10
  2308.0 -.1203581E-09
  2309.0 -.2038451E-09
  2310.0 -.2863662E-09
  2311.0 -.3663095E-09
  2312.0 -.4420820E-09
  2313.0 -.5121408E-09
  2314.0 -.5750209E-09
  2315.0 -.6293633E-09
  2316.0 -.6739425E-09
  2317.0 -.7076873E-09
  2318.0 -.7297062E-09
  2319.0 -.7393047E-09
  2320.0 -.7360025E-09
  2321.0 -.7195408E-09
  2322.0 -.6898956E-09
  2323.0 -.6472803E-09
  2324.0 -.5921447E-09
  2325.0 -.5251735E-09
  2326.0 -.4472745E-09
  2327.0 -.3595689E-09
  2328.0 -.2633741E-09
  2329.0 -.1601850E-09
  2330.0 -.5165048E-10
  2331.0 0.6045490E-10
  2332.0 0.1742559E-09
  2333.0 0.2878110E-09
  2334.0 0.3991420E-09
  2335.0 0.5062689E-09
  2336.0 0.6072444E-09
  2337.0 0.7001857E-09
  2338.0 0.7833107E-09
  2339.0 0.8549648E-09
  2340.0 0.9136589E-09
  2341.0 0.9580903E-09
  2342.0 0.9871710E-09
  2343.0 0.1000045E-08
  2344.0 0.9961152E-09
  2345.0 0.9750463E-09
  2346.0 0.9367822E-09
  2347.0 0.8815484E-09
  2348.0 0.8098508E-09
  2349.0 0.7224732E-09
  2350.0 0.6204705E-09
  2351.0 0.5051473E-09
  2352.0 0.3780486E-09
  2353.0 0.2409323E-09
  2354.0 0.9574552E-10
  2355.0 -.5540472E-10
  2356.0 -.2102848E-09
  2357.0 -.3665686E-09
  2358.0 -.5218734E-09
  2359.0 -.6737969E-09
  2360.0 -.8199584E-09
  2361.0 -.9580325E-09
  2362.0 -.1085788E-08
  2363.0 -.1201127E-08
  2364.0 -.1302119E-08
  2365.0 -.1387025E-08
  2366.0 -.1454337E-08
  2367.0 -.1502797E-08
  2368.0 -.1531418E-08
  2369.0 -.1539508E-08
  2370.0 -.1526667E-08
  2371.0 -.1492819E-08
  2372.0 -.1438191E-08
  2373.0 -.1363323E-08
  2374.0 -.1269064E-08
  2375.0 -.1156548E-08
  2376.0 -.1027189E-08
  2377.0 -.8826516E-09
  2378.0 -.7248357E-09
  2379.0 -.5558391E-09
  2380.0 -.3779282E-09
  2381.0 -.1935068E-09
  2382.0 -.5077584E-11
  2383.0 0.1847962E-09
  2384.0 0.3735274E-09
  2385.0 0.5585454E-09
  2386.0 0.7373357E-09
  2387.0 0.9074709E-09
  2388.0 0.1066654E-08
  2389.0 0.1212752E-08
  2390.0 0.1343818E-08
  2391.0 0.1458129E-08
  2392.0 0.1554203E-08
  2393.0 0.1630825E-08
  2394.0 0.1687059E-08
  2395.0 0.1722258E-08
  2396.0 0.1736080E-08
  2397.0 0.1728477E-08
  2398.0 0.1699705E-08
  2399.0 0.1650310E-08
