     0.0 0.0000000E+00
     1.0 -.4291917E-16
     2.0 0.5318937E-15
     3.0 0.3807975E-14
     4.0 0.1320740E-13
     5.0 0.3338282E-13
     6.0 0.7003943E-13
     7.0 0.1297040E-12
     8.0 0.2194605E-12
     9.0 0.3466582E-12
    10.0 0.5185998E-12
    11.0 0.7422214E-12
    12.0 0.1023776E-11
    13.0 0.1368529E-11
    14.0 0.1780478E-11
    15.0 0.2262105E-11
    16.0 0.2814160E-11
    17.0 0.3435502E-11
    18.0 0.4122968E-11
    19.0 0.4871316E-11
    20.0 0.5673185E-11
    21.0 0.6519142E-11
    22.0 0.7397742E-11
    23.0 0.8295643E-11
    24.0 0.9197749E-11
    25.0 0.1008740E-10
    26.0 0.1094658E-10
    27.0 0.1175610E-10
    28.0 0.1249590E-10
    29.0 0.1314524E-10
    30.0 0.1368297E-10
    31.0 0.1408781E-10
    32.0 0.1433856E-10
    33.0 0.1441441E-10
    34.0 0.1429511E-10
    35.0 0.1396135E-10
    36.0 0.1339494E-10
    37.0 0.1257907E-10
    38.0 0.1149863E-10
    39.0 0.1014043E-10
    40.0 0.8493487E-11
    41.0 0.6549343E-11
    42.0 0.4302268E-11
    43.0 0.1749568E-11
    44.0 -.1108184E-11
    45.0 -.4266944E-11
    46.0 -.7718989E-11
    47.0 -.1145280E-10
    48.0 -.1545299E-10
    49.0 -.1970031E-10
    50.0 -.2417173E-10
    51.0 -.2884062E-10
    52.0 -.3367706E-10
    53.0 -.3864829E-10
    54.0 -.4371914E-10
    55.0 -.4885277E-10
    56.0 -.5401139E-10
    57.0 -.5915709E-10
    58.0 -.6425286E-10
    59.0 -.6926357E-10
    60.0 -.7415700E-10
    61.0 -.7890494E-10
    62.0 -.8348420E-10
    63.0 -.8787758E-10
    64.0 -.9207485E-10
    65.0 -.9607335E-10
    66.0 -.9987848E-10
    67.0 -.1035043E-09
    68.0 -.1069735E-09
    69.0 -.1103171E-09
    70.0 -.1135741E-09
    71.0 -.1167906E-09
    72.0 -.1200189E-09
    73.0 -.1233159E-09
    74.0 -.1267415E-09
    75.0 -.1303572E-09
    76.0 -.1342230E-09
    77.0 -.1383965E-09
    78.0 -.1429292E-09
    79.0 -.1478657E-09
    80.0 -.1532402E-09
    81.0 -.1590756E-09
    82.0 -.1653808E-09
    83.0 -.1721499E-09
    84.0 -.1793606E-09
    85.0 -.1869741E-09
    86.0 -.1949351E-09
    87.0 -.2031714E-09
    88.0 -.2115961E-09
    89.0 -.2201088E-09
    90.0 -.2285974E-09
    91.0 -.2369421E-09
    92.0 -.2450171E-09
    93.0 -.2526955E-09
    94.0 -.2598527E-09
    95.0 -.2663710E-09
    96.0 -.2721430E-09
    97.0 -.2770767E-09
    98.0 -.2810991E-09
    99.0 -.2841596E-09
   100.0 -.2862330E-09
   101.0 -.2873219E-09
   102.0 -.2874604E-09
   103.0 -.2867161E-09
   104.0 -.2851894E-09
   105.0 -.2830140E-09
   106.0 -.2803529E-09
   107.0 -.2773961E-09
   108.0 -.2743549E-09
   109.0 -.2714572E-09
   110.0 -.2689399E-09
   111.0 -.2670427E-09
   112.0 -.2659990E-09
   113.0 -.2660277E-09
   114.0 -.2673258E-09
   115.0 -.2700593E-09
   116.0 -.2743553E-09
   117.0 -.2802953E-09
   118.0 -.2879085E-09
   119.0 -.2971669E-09
   120.0 -.3079825E-09
   121.0 -.3202046E-09
   122.0 -.3336189E-09
   123.0 -.3479510E-09
   124.0 -.3628688E-09
   125.0 -.3779877E-09
   126.0 -.3928782E-09
   127.0 -.4070758E-09
   128.0 -.4200903E-09
   129.0 -.4314180E-09
   130.0 -.4405552E-09
   131.0 -.4470107E-09
   132.0 -.4503211E-09
   133.0 -.4500627E-09
   134.0 -.4458664E-09
   135.0 -.4374297E-09
   136.0 -.4245282E-09
   137.0 -.4070244E-09
   138.0 -.3848765E-09
   139.0 -.3581421E-09
   140.0 -.3269820E-09
   141.0 -.2916622E-09
   142.0 -.2525473E-09
   143.0 -.2100982E-09
   144.0 -.1648621E-09
   145.0 -.1174630E-09
   146.0 -.6858688E-10
   147.0 -.1896782E-10
   148.0 0.3063056E-10
   149.0 0.7943300E-10
   150.0 0.1266725E-09
   151.0 0.1716098E-09
   152.0 0.2135534E-09
   153.0 0.2518775E-09
   154.0 0.2860418E-09
   155.0 0.3156037E-09
   156.0 0.3402368E-09
   157.0 0.3597365E-09
   158.0 0.3740303E-09
   159.0 0.3831824E-09
   160.0 0.3873925E-09
   161.0 0.3869924E-09
   162.0 0.3824411E-09
   163.0 0.3743112E-09
   164.0 0.3632764E-09
   165.0 0.3500925E-09
   166.0 0.3355789E-09
   167.0 0.3205940E-09
   168.0 0.3060125E-09
   169.0 0.2926988E-09
   170.0 0.2814815E-09
   171.0 0.2731283E-09
   172.0 0.2683215E-09
   173.0 0.2676347E-09
   174.0 0.2715140E-09
   175.0 0.2802599E-09
   176.0 0.2940141E-09
   177.0 0.3127504E-09
   178.0 0.3362714E-09
   179.0 0.3642079E-09
   180.0 0.3960217E-09
   181.0 0.4310202E-09
   182.0 0.4683686E-09
   183.0 0.5071101E-09
   184.0 0.5461893E-09
   185.0 0.5844790E-09
   186.0 0.6208105E-09
   187.0 0.6540077E-09
   188.0 0.6829171E-09
   189.0 0.7064439E-09
   190.0 0.7235850E-09
   191.0 0.7334580E-09
   192.0 0.7353370E-09
   193.0 0.7286725E-09
   194.0 0.7131122E-09
   195.0 0.6885238E-09
   196.0 0.6550019E-09
   197.0 0.6128710E-09
   198.0 0.5626886E-09
   199.0 0.5052374E-09
   200.0 0.4415041E-09
   201.0 0.3726634E-09
   202.0 0.3000523E-09
   203.0 0.2251337E-09
   204.0 0.1494589E-09
   205.0 0.7462995E-10
   206.0 0.2252734E-11
   207.0 -.6611025E-10
   208.0 -.1289817E-09
   209.0 -.1850208E-09
   210.0 -.2330631E-09
   211.0 -.2721658E-09
   212.0 -.3016360E-09
   213.0 -.3210699E-09
   214.0 -.3303703E-09
   215.0 -.3297656E-09
   216.0 -.3198194E-09
   217.0 -.3014257E-09
   218.0 -.2758008E-09
   219.0 -.2444672E-09
   220.0 -.2092209E-09
   221.0 -.1721002E-09
   222.0 -.1353353E-09
   223.0 -.1013015E-09
   224.0 -.7246267E-10
   225.0 -.5130625E-10
   226.0 -.4028207E-10
   227.0 -.4173100E-10
   228.0 -.5782532E-10
   229.0 -.9050070E-10
   230.0 -.1413949E-09
   231.0 -.2117967E-09
   232.0 -.3025895E-09
   233.0 -.4142241E-09
   234.0 -.5466738E-09
   235.0 -.6994270E-09
   236.0 -.8714682E-09
   237.0 -.1061296E-08
   238.0 -.1266925E-08
   239.0 -.1485927E-08
   240.0 -.1715458E-08
   241.0 -.1952332E-08
   242.0 -.2193059E-08
   243.0 -.2433934E-08
   244.0 -.2671110E-08
   245.0 -.2900687E-08
   246.0 -.3118791E-08
   247.0 -.3321676E-08
   248.0 -.3505809E-08
   249.0 -.3667949E-08
   250.0 -.3805244E-08
   251.0 -.3915292E-08
   252.0 -.3996213E-08
   253.0 -.4046699E-08
   254.0 -.4066058E-08
   255.0 -.4054238E-08
   256.0 -.4011836E-08
   257.0 -.3940104E-08
   258.0 -.3840915E-08
   259.0 -.3716737E-08
   260.0 -.3570569E-08
   261.0 -.3405894E-08
   262.0 -.3226580E-08
   263.0 -.3036804E-08
   264.0 -.2840936E-08
   265.0 -.2643452E-08
   266.0 -.2448807E-08
   267.0 -.2261326E-08
   268.0 -.2085104E-08
   269.0 -.1923871E-08
   270.0 -.1780918E-08
   271.0 -.1658999E-08
   272.0 -.1560237E-08
   273.0 -.1486074E-08
   274.0 -.1437217E-08
   275.0 -.1413612E-08
   276.0 -.1414418E-08
   277.0 -.1438032E-08
   278.0 -.1482108E-08
   279.0 -.1543602E-08
   280.0 -.1618846E-08
   281.0 -.1703619E-08
   282.0 -.1793267E-08
   283.0 -.1882795E-08
   284.0 -.1967002E-08
   285.0 -.2040613E-08
   286.0 -.2098416E-08
   287.0 -.2135402E-08
   288.0 -.2146888E-08
   289.0 -.2128670E-08
   290.0 -.2077131E-08
   291.0 -.1989349E-08
   292.0 -.1863207E-08
   293.0 -.1697454E-08
   294.0 -.1491767E-08
   295.0 -.1246781E-08
   296.0 -.9641106E-09
   297.0 -.6463259E-09
   298.0 -.2969100E-09
   299.0 0.7978503E-10
   300.0 0.4786337E-09
   301.0 0.8938539E-09
   302.0 0.1319115E-08
   303.0 0.1747688E-08
   304.0 0.2172598E-08
   305.0 0.2586782E-08
   306.0 0.2983273E-08
   307.0 0.3355354E-08
   308.0 0.3696744E-08
   309.0 0.4001730E-08
   310.0 0.4265350E-08
   311.0 0.4483507E-08
   312.0 0.4653073E-08
   313.0 0.4772004E-08
   314.0 0.4839396E-08
   315.0 0.4855541E-08
   316.0 0.4821889E-08
   317.0 0.4741096E-08
   318.0 0.4616928E-08
   319.0 0.4454205E-08
   320.0 0.4258689E-08
   321.0 0.4036963E-08
   322.0 0.3796262E-08
   323.0 0.3544305E-08
   324.0 0.3289133E-08
   325.0 0.3038859E-08
   326.0 0.2801517E-08
   327.0 0.2584812E-08
   328.0 0.2395945E-08
   329.0 0.2241417E-08
   330.0 0.2126824E-08
   331.0 0.2056734E-08
   332.0 0.2034530E-08
   333.0 0.2062301E-08
   334.0 0.2140758E-08
   335.0 0.2269216E-08
   336.0 0.2445557E-08
   337.0 0.2666245E-08
   338.0 0.2926438E-08
   339.0 0.3220034E-08
   340.0 0.3539833E-08
   341.0 0.3877681E-08
   342.0 0.4224686E-08
   343.0 0.4571403E-08
   344.0 0.4908076E-08
   345.0 0.5224906E-08
   346.0 0.5512283E-08
   347.0 0.5761044E-08
   348.0 0.5962737E-08
   349.0 0.6109818E-08
   350.0 0.6195951E-08
   351.0 0.6216141E-08
   352.0 0.6166915E-08
   353.0 0.6046475E-08
   354.0 0.5854783E-08
   355.0 0.5593618E-08
   356.0 0.5266604E-08
   357.0 0.4879137E-08
   358.0 0.4438353E-08
   359.0 0.3952956E-08
   360.0 0.3433118E-08
   361.0 0.2890179E-08
   362.0 0.2336488E-08
   363.0 0.1785095E-08
   364.0 0.1249435E-08
   365.0 0.7430411E-09
   366.0 0.2791949E-09
   367.0 -.1293895E-09
   368.0 -.4709140E-09
   369.0 -.7347990E-09
   370.0 -.9119852E-09
   371.0 -.9952008E-09
   372.0 -.9791925E-09
   373.0 -.8609157E-09
   374.0 -.6396942E-09
   375.0 -.3172876E-09
   376.0 0.1020392E-09
   377.0 0.6115802E-09
   378.0 0.1202213E-08
   379.0 0.1862571E-08
   380.0 0.2579243E-08
   381.0 0.3336987E-08
   382.0 0.4119068E-08
   383.0 0.4907570E-08
   384.0 0.5683768E-08
   385.0 0.6428560E-08
   386.0 0.7122896E-08
   387.0 0.7748159E-08
   388.0 0.8286688E-08
   389.0 0.8722166E-08
   390.0 0.9039981E-08
   391.0 0.9227688E-08
   392.0 0.9275333E-08
   393.0 0.9175730E-08
   394.0 0.8924712E-08
   395.0 0.8521284E-08
   396.0 0.7967791E-08
   397.0 0.7269912E-08
   398.0 0.6436662E-08
   399.0 0.5480236E-08
   400.0 0.4415861E-08
   401.0 0.3261550E-08
   402.0 0.2037744E-08
   403.0 0.7669526E-09
   404.0 -.5266972E-09
   405.0 -.1817940E-08
   406.0 -.3080904E-08
   407.0 -.4289659E-08
   408.0 -.5418778E-08
   409.0 -.6443904E-08
   410.0 -.7342297E-08
   411.0 -.8093370E-08
   412.0 -.8679193E-08
   413.0 -.9084939E-08
   414.0 -.9299264E-08
   415.0 -.9314637E-08
   416.0 -.9127612E-08
   417.0 -.8738946E-08
   418.0 -.8153715E-08
   419.0 -.7381270E-08
   420.0 -.6435164E-08
   421.0 -.5332914E-08
   422.0 -.4095736E-08
   423.0 -.2748152E-08
   424.0 -.1317561E-08
   425.0 0.1663385E-09
   426.0 0.1672038E-08
   427.0 0.3166961E-08
   428.0 0.4618031E-08
   429.0 0.5992449E-08
   430.0 0.7258291E-08
   431.0 0.8385338E-08
   432.0 0.9345523E-08
   433.0 0.1011381E-07
   434.0 0.1066858E-07
   435.0 0.1099218E-07
   436.0 0.1107148E-07
   437.0 0.1089800E-07
   438.0 0.1046836E-07
   439.0 0.9784311E-08
   440.0 0.8852822E-08
   441.0 0.7685983E-08
   442.0 0.6300848E-08
   443.0 0.4719138E-08
   444.0 0.2966866E-08
   445.0 0.1073800E-08
   446.0 -.9270228E-09
   447.0 -.2999997E-08
   448.0 -.5107647E-08
   449.0 -.7211355E-08
   450.0 -.9272180E-08
   451.0 -.1125161E-07
   452.0 -.1311241E-07
   453.0 -.1481934E-07
   454.0 -.1633999E-07
   455.0 -.1764524E-07
   456.0 -.1871024E-07
   457.0 -.1951459E-07
   458.0 -.2004302E-07
   459.0 -.2028555E-07
   460.0 -.2023790E-07
   461.0 -.1990137E-07
   462.0 -.1928307E-07
   463.0 -.1839557E-07
   464.0 -.1725672E-07
   465.0 -.1588931E-07
   466.0 -.1432055E-07
   467.0 -.1258146E-07
   468.0 -.1070622E-07
   469.0 -.8731496E-08
   470.0 -.6695474E-08
   471.0 -.4637291E-08
   472.0 -.2595943E-08
   473.0 -.6095269E-09
   474.0 0.1285564E-08
   475.0 0.3055516E-08
   476.0 0.4669782E-08
   477.0 0.6101729E-08
   478.0 0.7329316E-08
   479.0 0.8335480E-08
   480.0 0.9108494E-08
   481.0 0.9642330E-08
   482.0 0.9936633E-08
   483.0 0.9996786E-08
   484.0 0.9833737E-08
   485.0 0.9463698E-08
   486.0 0.8907747E-08
   487.0 0.8191352E-08
   488.0 0.7343627E-08
   489.0 0.6396746E-08
   490.0 0.5384986E-08
   491.0 0.4344012E-08
   492.0 0.3309950E-08
   493.0 0.2318379E-08
   494.0 0.1403479E-08
   495.0 0.5972046E-09
   496.0 -.7167171E-10
   497.0 -.5782934E-09
   498.0 -.9024042E-09
   499.0 -.1028897E-08
   500.0 -.9484465E-09
   501.0 -.6576259E-09
   502.0 -.1593351E-09
   503.0 0.5372737E-09
   504.0 0.1416850E-08
   505.0 0.2458072E-08
   506.0 0.3634063E-08
   507.0 0.4912933E-08
   508.0 0.6258347E-08
   509.0 0.7630432E-08
   510.0 0.8986546E-08
   511.0 0.1028237E-07
   512.0 0.1147280E-07
   513.0 0.1251310E-07
   514.0 0.1335999E-07
   515.0 0.1397267E-07
   516.0 0.1431393E-07
   517.0 0.1435113E-07
   518.0 0.1405708E-07
   519.0 0.1341092E-07
   520.0 0.1239873E-07
   521.0 0.1101421E-07
   522.0 0.9258851E-08
   523.0 0.7142501E-08
   524.0 0.4683143E-08
   525.0 0.1906937E-08
   526.0 -.1152185E-08
   527.0 -.4452839E-08
   528.0 -.7946972E-08
   529.0 -.1158055E-07
   530.0 -.1529458E-07
   531.0 -.1902611E-07
   532.0 -.2270941E-07
   533.0 -.2627726E-07
   534.0 -.2966216E-07
   535.0 -.3279792E-07
   536.0 -.3562060E-07
   537.0 -.3807023E-07
   538.0 -.4009173E-07
   539.0 -.4163649E-07
   540.0 -.4266296E-07
   541.0 -.4313820E-07
   542.0 -.4303812E-07
   543.0 -.4234831E-07
   544.0 -.4106493E-07
   545.0 -.3919426E-07
   546.0 -.3675338E-07
   547.0 -.3376955E-07
   548.0 -.3028055E-07
   549.0 -.2633333E-07
   550.0 -.2198409E-07
   551.0 -.1729694E-07
   552.0 -.1234306E-07
   553.0 -.7199499E-08
   554.0 -.1948052E-08
   555.0 0.3326301E-08
   556.0 0.8536565E-08
   557.0 0.1359533E-07
   558.0 0.1841603E-07
   559.0 0.2291449E-07
   560.0 0.2701015E-07
   561.0 0.3062743E-07
   562.0 0.3369684E-07
   563.0 0.3615600E-07
   564.0 0.3795049E-07
   565.0 0.3903493E-07
   566.0 0.3937303E-07
   567.0 0.3893831E-07
   568.0 0.3771434E-07
   569.0 0.3569472E-07
   570.0 0.3288299E-07
   571.0 0.2929247E-07
   572.0 0.2494563E-07
   573.0 0.1987361E-07
   574.0 0.1411575E-07
   575.0 0.7718725E-08
   576.0 0.7354865E-09
   577.0 -.6775056E-08
   578.0 -.1474939E-07
   579.0 -.2312004E-07
   580.0 -.3181651E-07
   581.0 -.4076614E-07
   582.0 -.4989454E-07
   583.0 -.5912680E-07
   584.0 -.6838741E-07
   585.0 -.7760148E-07
   586.0 -.8669407E-07
   587.0 -.9559202E-07
   588.0 -.1042221E-06
   589.0 -.1125129E-06
   590.0 -.1203937E-06
   591.0 -.1277951E-06
   592.0 -.1346479E-06
   593.0 -.1408838E-06
   594.0 -.1464352E-06
   595.0 -.1512345E-06
   596.0 -.1552143E-06
   597.0 -.1583075E-06
   598.0 -.1604473E-06
   599.0 -.1615666E-06
   600.0 -.1615996E-06
   601.0 -.1604819E-06
   602.0 -.1581496E-06
   603.0 -.1545422E-06
   604.0 -.1496032E-06
   605.0 -.1432799E-06
   606.0 -.1355259E-06
   607.0 -.1263027E-06
   608.0 -.1155797E-06
   609.0 -.1033389E-06
   610.0 -.8957327E-07
   611.0 -.7429126E-07
   612.0 -.5751688E-07
   613.0 -.3929229E-07
   614.0 -.1967904E-07
   615.0 0.1239970E-08
   616.0 0.2335996E-07
   617.0 0.4655303E-07
   618.0 0.7066740E-07
   619.0 0.9552680E-07
   620.0 0.1209319E-06
   621.0 0.1466596E-06
   622.0 0.1724640E-06
   623.0 0.1980807E-06
   624.0 0.2232246E-06
   625.0 0.2475958E-06
   626.0 0.2708823E-06
   627.0 0.2927632E-06
   628.0 0.3129125E-06
   629.0 0.3310049E-06
   630.0 0.3467180E-06
   631.0 0.3597433E-06
   632.0 0.3697847E-06
   633.0 0.3765692E-06
   634.0 0.3798513E-06
   635.0 0.3794175E-06
   636.0 0.3750929E-06
   637.0 0.3667466E-06
   638.0 0.3542966E-06
   639.0 0.3377128E-06
   640.0 0.3170230E-06
   641.0 0.2923144E-06
   642.0 0.2637366E-06
   643.0 0.2315027E-06
   644.0 0.1958898E-06
   645.0 0.1572385E-06
   646.0 0.1159519E-06
   647.0 0.7249109E-07
   648.0 0.2737335E-07
   649.0 -.1883418E-07
   650.0 -.6552011E-07
   651.0 -.1120357E-06
   652.0 -.1577032E-06
   653.0 -.2018251E-06
   654.0 -.2436926E-06
   655.0 -.2825972E-06
   656.0 -.3178404E-06
   657.0 -.3487474E-06
   658.0 -.3746734E-06
   659.0 -.3950209E-06
   660.0 -.4092463E-06
   661.0 -.4168730E-06
   662.0 -.4175002E-06
   663.0 -.4108135E-06
   664.0 -.3965920E-06
   665.0 -.3747174E-06
   666.0 -.3451770E-06
   667.0 -.3080716E-06
   668.0 -.2636175E-06
   669.0 -.2121452E-06
   670.0 -.1541034E-06
   671.0 -.9005290E-07
   672.0 -.2066470E-07
   673.0 0.5328650E-07
   674.0 0.1309300E-06
   675.0 0.2113081E-06
   676.0 0.2933879E-06
   677.0 0.3760738E-06
   678.0 0.4582203E-06
   679.0 0.5386473E-06
   680.0 0.6161580E-06
   681.0 0.6895538E-06
   682.0 0.7576520E-06
   683.0 0.8193039E-06
   684.0 0.8734106E-06
   685.0 0.9189417E-06
   686.0 0.9549552E-06
   687.0 0.9806058E-06
   688.0 0.9951668E-06
   689.0 0.9980378E-06
   690.0 0.9887625E-06
   691.0 0.9670320E-06
   692.0 0.9327001E-06
   693.0 0.8857808E-06
   694.0 0.8264598E-06
   695.0 0.7550899E-06
   696.0 0.6721939E-06
   697.0 0.5784561E-06
   698.0 0.4747228E-06
   699.0 0.3619847E-06
   700.0 0.2413733E-06
   701.0 0.1141457E-06
   702.0 -.1833316E-07
   703.0 -.1546038E-06
   704.0 -.2931337E-06
   705.0 -.4323361E-06
   706.0 -.5705899E-06
   707.0 -.7062657E-06
   708.0 -.8377394E-06
   709.0 -.9634249E-06
   710.0 -.1081788E-05
   711.0 -.1191374E-05
   712.0 -.1290821E-05
   713.0 -.1378885E-05
   714.0 -.1454457E-05
   715.0 -.1516575E-05
   716.0 -.1564442E-05
   717.0 -.1597438E-05
   718.0 -.1615126E-05
   719.0 -.1617261E-05
   720.0 -.1603790E-05
   721.0 -.1574860E-05
   722.0 -.1530808E-05
   723.0 -.1472164E-05
   724.0 -.1399640E-05
   725.0 -.1314120E-05
   726.0 -.1216646E-05
   727.0 -.1108411E-05
   728.0 -.9907288E-06
   729.0 -.8650336E-06
   730.0 -.7328402E-06
   731.0 -.5957382E-06
   732.0 -.4553623E-06
   733.0 -.3133722E-06
   734.0 -.1714279E-06
   735.0 -.3116861E-07
   736.0 0.1058109E-06
   737.0 0.2379808E-06
   738.0 0.3638978E-06
   739.0 0.4822215E-06
   740.0 0.5917361E-06
   741.0 0.6913603E-06
   742.0 0.7801636E-06
   743.0 0.8573776E-06
   744.0 0.9224023E-06
   745.0 0.9748110E-06
   746.0 0.1014358E-05
   747.0 0.1040972E-05
   748.0 0.1054760E-05
   749.0 0.1055995E-05
   750.0 0.1045122E-05
   751.0 0.1022729E-05
   752.0 0.9895517E-06
   753.0 0.9464543E-06
   754.0 0.8944081E-06
   755.0 0.8344845E-06
   756.0 0.7678303E-06
   757.0 0.6956511E-06
   758.0 0.6191912E-06
   759.0 0.5397158E-06
   760.0 0.4584883E-06
   761.0 0.3767553E-06
   762.0 0.2957257E-06
   763.0 0.2165520E-06
   764.0 0.1403199E-06
   765.0 0.6802686E-07
   766.0 0.5744032E-09
   767.0 -.6124570E-07
   768.0 -.1167592E-06
   769.0 -.1654168E-06
   770.0 -.2067984E-06
   771.0 -.2406162E-06
   772.0 -.2667143E-06
   773.0 -.2850684E-06
   774.0 -.2957792E-06
   775.0 -.2990693E-06
   776.0 -.2952741E-06
   777.0 -.2848328E-06
   778.0 -.2682772E-06
   779.0 -.2462211E-06
   780.0 -.2193461E-06
   781.0 -.1883876E-06
   782.0 -.1541220E-06
   783.0 -.1173504E-06
   784.0 -.7888572E-07
   785.0 -.3953761E-07
   786.0 -.9873456E-10
   787.0 0.3866799E-07
   788.0 0.7604170E-07
   789.0 0.1113549E-06
   790.0 0.1440023E-06
   791.0 0.1734509E-06
   792.0 0.1992446E-06
   793.0 0.2210118E-06
   794.0 0.2384670E-06
   795.0 0.2514145E-06
   796.0 0.2597480E-06
   797.0 0.2634505E-06
   798.0 0.2625881E-06
   799.0 0.2573108E-06
   800.0 0.2478442E-06
   801.0 0.2344814E-06
   802.0 0.2175794E-06
   803.0 0.1975468E-06
   804.0 0.1748365E-06
   805.0 0.1499355E-06
   806.0 0.1233547E-06
   807.0 0.9561850E-07
   808.0 0.6725568E-07
   809.0 0.3878862E-07
   810.0 0.1072419E-07
   811.0 -.1645501E-07
   812.0 -.4229881E-07
   813.0 -.6639652E-07
   814.0 -.8838363E-07
   815.0 -.1079464E-06
   816.0 -.1248266E-06
   817.0 -.1388246E-06
   818.0 -.1497995E-06
   819.0 -.1576723E-06
   820.0 -.1624233E-06
   821.0 -.1640912E-06
   822.0 -.1627708E-06
   823.0 -.1586088E-06
   824.0 -.1517991E-06
   825.0 -.1425782E-06
   826.0 -.1312188E-06
   827.0 -.1180242E-06
   828.0 -.1033206E-06
   829.0 -.8745049E-07
   830.0 -.7076572E-07
   831.0 -.5362086E-07
   832.0 -.3636572E-07
   833.0 -.1933929E-07
   834.0 -.2863611E-08
   835.0 0.1276188E-07
   836.0 0.2726514E-07
   837.0 0.4040583E-07
   838.0 0.5197883E-07
   839.0 0.6181664E-07
   840.0 0.6979207E-07
   841.0 0.7581810E-07
   842.0 0.7984929E-07
   843.0 0.8188031E-07
   844.0 0.8194497E-07
   845.0 0.8011441E-07
   846.0 0.7649409E-07
   847.0 0.7122049E-07
   848.0 0.6445782E-07
   849.0 0.5639255E-07
   850.0 0.4723112E-07
   851.0 0.3719309E-07
   852.0 0.2650774E-07
   853.0 0.1540854E-07
   854.0 0.4128607E-08
   855.0 -.7103754E-08
   856.0 -.1806947E-07
   857.0 -.2856263E-07
   858.0 -.3839427E-07
   859.0 -.4739504E-07
   860.0 -.5541834E-07
   861.0 -.6234229E-07
   862.0 -.6807071E-07
   863.0 -.7253498E-07
   864.0 -.7569378E-07
   865.0 -.7753307E-07
   866.0 -.7806542E-07
   867.0 -.7732879E-07
   868.0 -.7538476E-07
   869.0 -.7231653E-07
   870.0 -.6822646E-07
   871.0 -.6323313E-07
   872.0 -.5746878E-07
   873.0 -.5107567E-07
   874.0 -.4420325E-07
   875.0 -.3700467E-07
   876.0 -.2963359E-07
   877.0 -.2224125E-07
   878.0 -.1497333E-07
   879.0 -.7967233E-08
   880.0 -.1349832E-08
   881.0 0.4764913E-08
   882.0 0.1027760E-07
   883.0 0.1510496E-07
   884.0 0.1918068E-07
   885.0 0.2245645E-07
   886.0 0.2490186E-07
   887.0 0.2650447E-07
   888.0 0.2726947E-07
   889.0 0.2721861E-07
   890.0 0.2638929E-07
   891.0 0.2483305E-07
   892.0 0.2261399E-07
   893.0 0.1980699E-07
   894.0 0.1649562E-07
   895.0 0.1277007E-07
   896.0 0.8725122E-08
   897.0 0.4457967E-08
   898.0 0.6597471E-10
   899.0 -.4355165E-08
   900.0 -.8713451E-08
   901.0 -.1292230E-07
   902.0 -.1690208E-07
   903.0 -.2058162E-07
   904.0 -.2389898E-07
   905.0 -.2680282E-07
   906.0 -.2925258E-07
   907.0 -.3121916E-07
   908.0 -.3268478E-07
   909.0 -.3364289E-07
   910.0 -.3409799E-07
   911.0 -.3406490E-07
   912.0 -.3356777E-07
   913.0 -.3263940E-07
   914.0 -.3132008E-07
   915.0 -.2965618E-07
   916.0 -.2769907E-07
   917.0 -.2550374E-07
   918.0 -.2312725E-07
   919.0 -.2062752E-07
   920.0 -.1806207E-07
   921.0 -.1548663E-07
   922.0 -.1295403E-07
   923.0 -.1051329E-07
   924.0 -.8208555E-08
   925.0 -.6078452E-08
   926.0 -.4155441E-08
   927.0 -.2465452E-08
   928.0 -.1027601E-08
   929.0 0.1459061E-09
   930.0 0.1049667E-08
   931.0 0.1684876E-08
   932.0 0.2058944E-08
   933.0 0.2184972E-08
   934.0 0.2081154E-08
   935.0 0.1770111E-08
   936.0 0.1278047E-08
   937.0 0.6339913E-09
   938.0 -.1310932E-09
   939.0 -.9851876E-09
   940.0 -.1895994E-08
   941.0 -.2831821E-08
   942.0 -.3762284E-08
   943.0 -.4659054E-08
   944.0 -.5496426E-08
   945.0 -.6251848E-08
   946.0 -.6906335E-08
   947.0 -.7444804E-08
   948.0 -.7856205E-08
   949.0 -.8133674E-08
   950.0 -.8274474E-08
   951.0 -.8279883E-08
   952.0 -.8154867E-08
   953.0 -.7907951E-08
   954.0 -.7550682E-08
   955.0 -.7097179E-08
   956.0 -.6563680E-08
   957.0 -.5967985E-08
   958.0 -.5328882E-08
   959.0 -.4665562E-08
   960.0 -.3997066E-08
   961.0 -.3341847E-08
   962.0 -.2717073E-08
   963.0 -.2138356E-08
   964.0 -.1619285E-08
   965.0 -.1171112E-08
   966.0 -.8024807E-09
   967.0 -.5193123E-09
   968.0 -.3246383E-09
   969.0 -.2186312E-09
   970.0 -.1986808E-09
   971.0 -.2594935E-09
   972.0 -.3933201E-09
   973.0 -.5902783E-09
   974.0 -.8385863E-09
   975.0 -.1124987E-08
   976.0 -.1435193E-08
   977.0 -.1754210E-08
   978.0 -.2066863E-08
   979.0 -.2358169E-08
   980.0 -.2613814E-08
   981.0 -.2820499E-08
   982.0 -.2966356E-08
   983.0 -.3041219E-08
   984.0 -.3036951E-08
   985.0 -.2947622E-08
   986.0 -.2769684E-08
   987.0 -.2502057E-08
   988.0 -.2146154E-08
   989.0 -.1705875E-08
   990.0 -.1187442E-08
   991.0 -.5992727E-09
   992.0 0.4822073E-10
   993.0 0.7429367E-09
   994.0 0.1471370E-08
   995.0 0.2218950E-08
   996.0 0.2970462E-08
   997.0 0.3710337E-08
   998.0 0.4423154E-08
   999.0 0.5093919E-08
  1000.0 0.5708510E-08
  1001.0 0.6254004E-08
  1002.0 0.6719020E-08
  1003.0 0.7093917E-08
  1004.0 0.7371134E-08
  1005.0 0.7545325E-08
  1006.0 0.7613473E-08
  1007.0 0.7575015E-08
  1008.0 0.7431785E-08
  1009.0 0.7188058E-08
  1010.0 0.6850366E-08
  1011.0 0.6427388E-08
  1012.0 0.5929734E-08
  1013.0 0.5369715E-08
  1014.0 0.4761024E-08
  1015.0 0.4118417E-08
  1016.0 0.3457411E-08
  1017.0 0.2793892E-08
  1018.0 0.2143745E-08
  1019.0 0.1522516E-08
  1020.0 0.9450506E-09
  1021.0 0.4251506E-09
  1022.0 -.2471783E-10
  1023.0 -.3937152E-09
  1024.0 -.6728526E-09
  1025.0 -.8551821E-09
  1026.0 -.9359451E-09
  1027.0 -.9126737E-09
  1028.0 -.7852152E-09
  1029.0 -.5557219E-09
  1030.0 -.2285990E-09
  1031.0 0.1896223E-09
  1032.0 0.6904474E-09
  1033.0 0.1263621E-08
  1034.0 0.1897347E-08
  1035.0 0.2578599E-08
  1036.0 0.3293401E-08
  1037.0 0.4027119E-08
  1038.0 0.4764841E-08
  1039.0 0.5491649E-08
  1040.0 0.6192995E-08
  1041.0 0.6854976E-08
  1042.0 0.7464626E-08
  1043.0 0.8010260E-08
  1044.0 0.8481563E-08
  1045.0 0.8869979E-08
  1046.0 0.9168714E-08
  1047.0 0.9372965E-08
  1048.0 0.9479920E-08
  1049.0 0.9488847E-08
  1050.0 0.9401027E-08
  1051.0 0.9219741E-08
  1052.0 0.8950136E-08
  1053.0 0.8599107E-08
  1054.0 0.8175066E-08
  1055.0 0.7687793E-08
  1056.0 0.7148176E-08
  1057.0 0.6567944E-08
  1058.0 0.5959417E-08
  1059.0 0.5335220E-08
  1060.0 0.4708016E-08
  1061.0 0.4090205E-08
  1062.0 0.3493678E-08
  1063.0 0.2929587E-08
  1064.0 0.2408087E-08
  1065.0 0.1938174E-08
  1066.0 0.1527485E-08
  1067.0 0.1182185E-08
  1068.0 0.9068555E-09
  1069.0 0.7044628E-09
  1070.0 0.5762888E-09
  1071.0 0.5219836E-09
  1072.0 0.5396041E-09
  1073.0 0.6256922E-09
  1074.0 0.7754036E-09
  1075.0 0.9826400E-09
  1076.0 0.1240236E-08
  1077.0 0.1540125E-08
  1078.0 0.1873568E-08
  1079.0 0.2231364E-08
  1080.0 0.2604036E-08
  1081.0 0.2982097E-08
  1082.0 0.3356244E-08
  1083.0 0.3717544E-08
  1084.0 0.4057662E-08
  1085.0 0.4368986E-08
  1086.0 0.4644819E-08
  1087.0 0.4879473E-08
  1088.0 0.5068388E-08
  1089.0 0.5208140E-08
  1090.0 0.5296600E-08
  1091.0 0.5332820E-08
  1092.0 0.5317079E-08
  1093.0 0.5250794E-08
  1094.0 0.5136513E-08
  1095.0 0.4977750E-08
  1096.0 0.4778875E-08
  1097.0 0.4545049E-08
  1098.0 0.4281968E-08
  1099.0 0.3995807E-08
  1100.0 0.3692959E-08
  1101.0 0.3379984E-08
  1102.0 0.3063344E-08
  1103.0 0.2749296E-08
  1104.0 0.2443759E-08
  1105.0 0.2152141E-08
  1106.0 0.1879252E-08
  1107.0 0.1629211E-08
  1108.0 0.1405356E-08
  1109.0 0.1210179E-08
  1110.0 0.1045329E-08
  1111.0 0.9115710E-09
  1112.0 0.8088133E-09
  1113.0 0.7361382E-09
  1114.0 0.6918600E-09
  1115.0 0.6735958E-09
  1116.0 0.6783569E-09
  1117.0 0.7026358E-09
  1118.0 0.7425505E-09
  1119.0 0.7939343E-09
  1120.0 0.8524628E-09
  1121.0 0.9138017E-09
  1122.0 0.9736907E-09
  1123.0 0.1028091E-08
  1124.0 0.1073276E-08
  1125.0 0.1105929E-08
  1126.0 0.1123235E-08
  1127.0 0.1122936E-08
  1128.0 0.1103390E-08
  1129.0 0.1063595E-08
  1130.0 0.1003216E-08
  1131.0 0.9225723E-09
  1132.0 0.8226169E-09
  1133.0 0.7049000E-09
  1134.0 0.5715232E-09
  1135.0 0.4250523E-09
  1136.0 0.2684524E-09
  1137.0 0.1049930E-09
  1138.0 -.6184510E-10
  1139.0 -.2284761E-09
  1140.0 -.3913108E-09
  1141.0 -.5468624E-09
  1142.0 -.6918355E-09
  1143.0 -.8232323E-09
  1144.0 -.9384210E-09
  1145.0 -.1035226E-08
  1146.0 -.1111977E-08
  1147.0 -.1167564E-08
  1148.0 -.1201454E-08
  1149.0 -.1213726E-08
  1150.0 -.1205067E-08
  1151.0 -.1176747E-08
  1152.0 -.1130587E-08
  1153.0 -.1068921E-08
  1154.0 -.9945393E-09
  1155.0 -.9105948E-09
  1156.0 -.8205589E-09
  1157.0 -.7280929E-09
  1158.0 -.6369845E-09
  1159.0 -.5510292E-09
  1160.0 -.4739363E-09
  1161.0 -.4092475E-09
  1162.0 -.3602252E-09
  1163.0 -.3297767E-09
  1164.0 -.3203794E-09
  1165.0 -.3340080E-09
  1166.0 -.3720836E-09
  1167.0 -.4354393E-09
  1168.0 -.5242785E-09
  1169.0 -.6381837E-09
  1170.0 -.7761100E-09
  1171.0 -.9364034E-09
  1172.0 -.1116838E-08
  1173.0 -.1314670E-08
  1174.0 -.1526688E-08
  1175.0 -.1749301E-08
  1176.0 -.1978598E-08
  1177.0 -.2210445E-08
  1178.0 -.2440595E-08
  1179.0 -.2664768E-08
  1180.0 -.2878751E-08
  1181.0 -.3078498E-08
  1182.0 -.3260212E-08
  1183.0 -.3420451E-08
  1184.0 -.3556188E-08
  1185.0 -.3664892E-08
  1186.0 -.3744560E-08
  1187.0 -.3793800E-08
  1188.0 -.3811830E-08
  1189.0 -.3798508E-08
  1190.0 -.3754319E-08
  1191.0 -.3680386E-08
  1192.0 -.3578416E-08
  1193.0 -.3450689E-08
  1194.0 -.3299980E-08
  1195.0 -.3129500E-08
  1196.0 -.2942836E-08
  1197.0 -.2743849E-08
  1198.0 -.2536598E-08
  1199.0 -.2325269E-08
  1200.0 -.2114047E-08
  1201.0 -.1907041E-08
  1202.0 -.1708198E-08
  1203.0 -.1521220E-08
  1204.0 -.1349481E-08
  1205.0 -.1195952E-08
  1206.0 -.1063154E-08
  1207.0 -.9531097E-09
  1208.0 -.8672879E-09
  1209.0 -.8066059E-09
  1210.0 -.7713967E-09
  1211.0 -.7614287E-09
  1212.0 -.7759130E-09
  1213.0 -.8135239E-09
  1214.0 -.8724621E-09
  1215.0 -.9504787E-09
  1216.0 -.1044950E-08
  1217.0 -.1152942E-08
  1218.0 -.1271279E-08
  1219.0 -.1396629E-08
  1220.0 -.1525573E-08
  1221.0 -.1654694E-08
  1222.0 -.1780661E-08
  1223.0 -.1900282E-08
  1224.0 -.2010600E-08
  1225.0 -.2108943E-08
  1226.0 -.2192982E-08
  1227.0 -.2260785E-08
  1228.0 -.2310852E-08
  1229.0 -.2342119E-08
  1230.0 -.2354013E-08
  1231.0 -.2346428E-08
  1232.0 -.2319720E-08
  1233.0 -.2274694E-08
  1234.0 -.2212577E-08
  1235.0 -.2134973E-08
  1236.0 -.2043811E-08
  1237.0 -.1941318E-08
  1238.0 -.1829922E-08
  1239.0 -.1712217E-08
  1240.0 -.1590888E-08
  1241.0 -.1468638E-08
  1242.0 -.1348120E-08
  1243.0 -.1231898E-08
  1244.0 -.1122350E-08
  1245.0 -.1021635E-08
  1246.0 -.9316541E-09
  1247.0 -.8539754E-09
  1248.0 -.7898273E-09
  1249.0 -.7400766E-09
  1250.0 -.7052017E-09
  1251.0 -.6852863E-09
  1252.0 -.6800399E-09
  1253.0 -.6887994E-09
  1254.0 -.7105620E-09
  1255.0 -.7440032E-09
  1256.0 -.7875190E-09
  1257.0 -.8392896E-09
  1258.0 -.8972986E-09
  1259.0 -.9594111E-09
  1260.0 -.1023412E-08
  1261.0 -.1087080E-08
  1262.0 -.1148225E-08
  1263.0 -.1204752E-08
  1264.0 -.1254718E-08
  1265.0 -.1296355E-08
  1266.0 -.1328146E-08
  1267.0 -.1348820E-08
  1268.0 -.1357419E-08
  1269.0 -.1353289E-08
  1270.0 -.1336093E-08
  1271.0 -.1305831E-08
  1272.0 -.1262824E-08
  1273.0 -.1207697E-08
  1274.0 -.1141369E-08
  1275.0 -.1065014E-08
  1276.0 -.9800355E-09
  1277.0 -.8880285E-09
  1278.0 -.7907239E-09
  1279.0 -.6899624E-09
  1280.0 -.5876211E-09
  1281.0 -.4855910E-09
  1282.0 -.3857124E-09
  1283.0 -.2897315E-09
  1284.0 -.1992624E-09
  1285.0 -.1157425E-09
  1286.0 -.4040248E-10
  1287.0 0.2576868E-10
  1288.0 0.8203602E-10
  1289.0 0.1279400E-09
  1290.0 0.1633075E-09
  1291.0 0.1882437E-09
  1292.0 0.2031319E-09
  1293.0 0.2086181E-09
  1294.0 0.2055920E-09
  1295.0 0.1951567E-09
  1296.0 0.1786004E-09
  1297.0 0.1573616E-09
  1298.0 0.1329871E-09
  1299.0 0.1070921E-09
  1300.0 0.8131038E-10
  1301.0 0.5726309E-10
  1302.0 0.3650767E-10
  1303.0 0.2049041E-10
  1304.0 0.1052659E-10
  1305.0 0.7750366E-11
  1306.0 0.1309360E-10
  1307.0 0.2725976E-10
  1308.0 0.5070298E-10
  1309.0 0.8362350E-10
  1310.0 0.1259555E-09
  1311.0 0.1773782E-09
  1312.0 0.2373098E-09
  1313.0 0.3049396E-09
  1314.0 0.3792329E-09
  1315.0 0.4589733E-09
  1316.0 0.5427780E-09
  1317.0 0.6291457E-09
  1318.0 0.7164875E-09
  1319.0 0.8031727E-09
  1320.0 0.8875556E-09
  1321.0 0.9680472E-09
  1322.0 0.1043118E-08
  1323.0 0.1111362E-08
  1324.0 0.1171527E-08
  1325.0 0.1222546E-08
  1326.0 0.1263554E-08
  1327.0 0.1293925E-08
  1328.0 0.1313277E-08
  1329.0 0.1321490E-08
  1330.0 0.1318706E-08
  1331.0 0.1305322E-08
  1332.0 0.1281988E-08
  1333.0 0.1249587E-08
  1334.0 0.1209215E-08
  1335.0 0.1162152E-08
  1336.0 0.1109839E-08
  1337.0 0.1053830E-08
  1338.0 0.9957696E-09
  1339.0 0.9373440E-09
  1340.0 0.8802388E-09
  1341.0 0.8261042E-09
  1342.0 0.7765141E-09
  1343.0 0.7329243E-09
  1344.0 0.6966401E-09
  1345.0 0.6687835E-09
  1346.0 0.6502683E-09
  1347.0 0.6417752E-09
  1348.0 0.6437361E-09
  1349.0 0.6563260E-09
  1350.0 0.6794554E-09
  1351.0 0.7127714E-09
  1352.0 0.7556654E-09
  1353.0 0.8072953E-09
  1354.0 0.8665934E-09
  1355.0 0.9322989E-09
  1356.0 0.1002982E-08
  1357.0 0.1077085E-08
  1358.0 0.1152952E-08
  1359.0 0.1228861E-08
  1360.0 0.1303086E-08
  1361.0 0.1373913E-08
  1362.0 0.1439695E-08
  1363.0 0.1498879E-08
  1364.0 0.1550053E-08
  1365.0 0.1591969E-08
  1366.0 0.1623582E-08
  1367.0 0.1644055E-08
  1368.0 0.1652809E-08
  1369.0 0.1649493E-08
  1370.0 0.1634046E-08
  1371.0 0.1606643E-08
  1372.0 0.1567728E-08
  1373.0 0.1517992E-08
  1374.0 0.1458353E-08
  1375.0 0.1389942E-08
  1376.0 0.1314071E-08
  1377.0 0.1232212E-08
  1378.0 0.1145951E-08
  1379.0 0.1056971E-08
  1380.0 0.9669896E-09
  1381.0 0.8777466E-09
  1382.0 0.7909511E-09
  1383.0 0.7082447E-09
  1384.0 0.6311698E-09
  1385.0 0.5611344E-09
  1386.0 0.4993864E-09
  1387.0 0.4469820E-09
  1388.0 0.4047669E-09
  1389.0 0.3733590E-09
  1390.0 0.3531412E-09
  1391.0 0.3442446E-09
  1392.0 0.3465621E-09
  1393.0 0.3597395E-09
  1394.0 0.3831979E-09
  1395.0 0.4161388E-09
  1396.0 0.4575677E-09
  1397.0 0.5063182E-09
  1398.0 0.5610802E-09
  1399.0 0.6204239E-09
  1400.0 0.6828404E-09
  1401.0 0.7467644E-09
  1402.0 0.8106188E-09
  1403.0 0.8728418E-09
  1404.0 0.9319215E-09
  1405.0 0.9864253E-09
  1406.0 0.1035029E-08
  1407.0 0.1076546E-08
  1408.0 0.1109950E-08
  1409.0 0.1134380E-08
  1410.0 0.1149177E-08
  1411.0 0.1153868E-08
  1412.0 0.1148200E-08
  1413.0 0.1132116E-08
  1414.0 0.1105759E-08
  1415.0 0.1069472E-08
  1416.0 0.1023769E-08
  1417.0 0.9693317E-09
  1418.0 0.9069943E-09
  1419.0 0.8377047E-09
  1420.0 0.7625134E-09
  1421.0 0.6825428E-09
  1422.0 0.5989652E-09
  1423.0 0.5129737E-09
  1424.0 0.4257529E-09
  1425.0 0.3384596E-09
  1426.0 0.2521955E-09
  1427.0 0.1679860E-09
  1428.0 0.8676213E-10
  1429.0 0.9348069E-11
  1430.0 -.6355914E-10
  1431.0 -.1313937E-09
  1432.0 -.1937248E-09
  1433.0 -.2502665E-09
  1434.0 -.3008680E-09
  1435.0 -.3455118E-09
  1436.0 -.3843092E-09
  1437.0 -.4174830E-09
  1438.0 -.4453587E-09
  1439.0 -.4683494E-09
  1440.0 -.4869353E-09
  1441.0 -.5016482E-09
  1442.0 -.5130554E-09
  1443.0 -.5217315E-09
  1444.0 -.5282536E-09
  1445.0 -.5331717E-09
  1446.0 -.5369979E-09
  1447.0 -.5401973E-09
  1448.0 -.5431676E-09
  1449.0 -.5462301E-09
  1450.0 -.5496283E-09
  1451.0 -.5535231E-09
  1452.0 -.5579826E-09
  1453.0 -.5629954E-09
  1454.0 -.5684653E-09
  1455.0 -.5742243E-09
  1456.0 -.5800379E-09
  1457.0 -.5856164E-09
  1458.0 -.5906271E-09
  1459.0 -.5947141E-09
  1460.0 -.5975049E-09
  1461.0 -.5986293E-09
  1462.0 -.5977354E-09
  1463.0 -.5945036E-09
  1464.0 -.5886589E-09
  1465.0 -.5799884E-09
  1466.0 -.5683433E-09
  1467.0 -.5536585E-09
  1468.0 -.5359500E-09
  1469.0 -.5153246E-09
  1470.0 -.4919802E-09
  1471.0 -.4662031E-09
  1472.0 -.4383668E-09
  1473.0 -.4089226E-09
  1474.0 -.3783943E-09
  1475.0 -.3473660E-09
  1476.0 -.3164663E-09
  1477.0 -.2863577E-09
  1478.0 -.2577205E-09
  1479.0 -.2312322E-09
  1480.0 -.2075566E-09
  1481.0 -.1873198E-09
  1482.0 -.1710995E-09
  1483.0 -.1594067E-09
  1484.0 -.1526702E-09
  1485.0 -.1512272E-09
  1486.0 -.1553106E-09
  1487.0 -.1650382E-09
  1488.0 -.1804135E-09
  1489.0 -.2013152E-09
  1490.0 -.2275024E-09
  1491.0 -.2586143E-09
  1492.0 -.2941781E-09
  1493.0 -.3336146E-09
  1494.0 -.3762519E-09
  1495.0 -.4213341E-09
  1496.0 -.4680407E-09
  1497.0 -.5155043E-09
  1498.0 -.5628212E-09
  1499.0 -.6090823E-09
  1500.0 -.6533822E-09
  1501.0 -.6948431E-09
  1502.0 -.7326310E-09
  1503.0 -.7659798E-09
  1504.0 -.7942034E-09
  1505.0 -.8167118E-09
  1506.0 -.8330210E-09
  1507.0 -.8427692E-09
  1508.0 -.8457248E-09
  1509.0 -.8417823E-09
  1510.0 -.8309797E-09
  1511.0 -.8134812E-09
  1512.0 -.7895903E-09
  1513.0 -.7597264E-09
  1514.0 -.7244296E-09
  1515.0 -.6843425E-09
  1516.0 -.6401930E-09
  1517.0 -.5927893E-09
  1518.0 -.5429886E-09
  1519.0 -.4916922E-09
  1520.0 -.4398110E-09
  1521.0 -.3882666E-09
  1522.0 -.3379485E-09
  1523.0 -.2897146E-09
  1524.0 -.2443604E-09
  1525.0 -.2026110E-09
  1526.0 -.1651028E-09
  1527.0 -.1323717E-09
  1528.0 -.1048437E-09
  1529.0 -.8282633E-10
  1530.0 -.6650485E-10
  1531.0 -.5593891E-10
  1532.0 -.5106485E-10
  1533.0 -.5169889E-10
  1534.0 -.5754275E-10
  1535.0 -.6819203E-10
  1536.0 -.8314780E-10
  1537.0 -.1018309E-09
  1538.0 -.1235907E-09
  1539.0 -.1477304E-09
  1540.0 -.1735132E-09
  1541.0 -.2001879E-09
  1542.0 -.2270023E-09
  1543.0 -.2532183E-09
  1544.0 -.2781319E-09
  1545.0 -.3010878E-09
  1546.0 -.3214924E-09
  1547.0 -.3388277E-09
  1548.0 -.3526502E-09
  1549.0 -.3626218E-09
  1550.0 -.3684932E-09
  1551.0 -.3701202E-09
  1552.0 -.3674568E-09
  1553.0 -.3605599E-09
  1554.0 -.3495823E-09
  1555.0 -.3347659E-09
  1556.0 -.3164339E-09
  1557.0 -.2949849E-09
  1558.0 -.2708744E-09
  1559.0 -.2446071E-09
  1560.0 -.2167229E-09
  1561.0 -.1877801E-09
  1562.0 -.1583446E-09
  1563.0 -.1289728E-09
  1564.0 -.1002014E-09
  1565.0 -.7253085E-10
  1566.0 -.4641711E-10
  1567.0 -.2225884E-10
  1568.0 -.3911275E-12
  1569.0 0.1892280E-10
  1570.0 0.3549522E-10
  1571.0 0.4921926E-10
  1572.0 0.6006452E-10
  1573.0 0.6808058E-10
  1574.0 0.7339050E-10
  1575.0 0.7618937E-10
  1576.0 0.7673057E-10
  1577.0 0.7532469E-10
  1578.0 0.7232703E-10
  1579.0 0.6812330E-10
  1580.0 0.6312640E-10
  1581.0 0.5775529E-10
  1582.0 0.5243039E-10
  1583.0 0.4755980E-10
  1584.0 0.4352587E-10
  1585.0 0.4067870E-10
  1586.0 0.3932457E-10
  1587.0 0.3971845E-10
  1588.0 0.4205895E-10
  1589.0 0.4648091E-10
  1590.0 0.5305464E-10
  1591.0 0.6178421E-10
  1592.0 0.7260709E-10
  1593.0 0.8539706E-10
  1594.0 0.9996828E-10
  1595.0 0.1160807E-09
  1596.0 0.1334474E-09
  1597.0 0.1517415E-09
  1598.0 0.1706077E-09
  1599.0 0.1896689E-09
  1600.0 0.2085395E-09
  1601.0 0.2268345E-09
  1602.0 0.2441804E-09
  1603.0 0.2602248E-09
  1604.0 0.2746471E-09
  1605.0 0.2871634E-09
  1606.0 0.2975410E-09
  1607.0 0.3055960E-09
  1608.0 0.3112045E-09
  1609.0 0.3143041E-09
  1610.0 0.3148942E-09
  1611.0 0.3130370E-09
  1612.0 0.3088549E-09
  1613.0 0.3025284E-09
  1614.0 0.2942911E-09
  1615.0 0.2844208E-09
  1616.0 0.2732372E-09
  1617.0 0.2610880E-09
  1618.0 0.2483427E-09
  1619.0 0.2353826E-09
  1620.0 0.2225910E-09
  1621.0 0.2103408E-09
  1622.0 0.1989875E-09
  1623.0 0.1888583E-09
  1624.0 0.1802439E-09
  1625.0 0.1733916E-09
  1626.0 0.1684961E-09
  1627.0 0.1656975E-09
  1628.0 0.1650758E-09
  1629.0 0.1666501E-09
  1630.0 0.1703762E-09
  1631.0 0.1761478E-09
  1632.0 0.1838017E-09
  1633.0 0.1931183E-09
  1634.0 0.2038300E-09
  1635.0 0.2156267E-09
  1636.0 0.2281624E-09
  1637.0 0.2410684E-09
  1638.0 0.2539583E-09
  1639.0 0.2664382E-09
  1640.0 0.2781213E-09
  1641.0 0.2886310E-09
  1642.0 0.2976180E-09
  1643.0 0.3047626E-09
  1644.0 0.3097884E-09
  1645.0 0.3124642E-09
  1646.0 0.3126181E-09
  1647.0 0.3101303E-09
  1648.0 0.3049489E-09
  1649.0 0.2970835E-09
  1650.0 0.2866072E-09
  1651.0 0.2736580E-09
  1652.0 0.2584311E-09
  1653.0 0.2411762E-09
  1654.0 0.2221929E-09
  1655.0 0.2018226E-09
  1656.0 0.1804400E-09
  1657.0 0.1584436E-09
  1658.0 0.1362472E-09
  1659.0 0.1142693E-09
  1660.0 0.9292331E-10
  1661.0 0.7260651E-10
  1662.0 0.5369155E-10
  1663.0 0.3651670E-10
  1664.0 0.2137820E-10
  1665.0 0.8522758E-11
  1666.0 -.1858542E-11
  1667.0 -.9634119E-11
  1668.0 -.1473560E-10
  1669.0 -.1715918E-10
  1670.0 -.1696524E-10
  1671.0 -.1427695E-10
  1672.0 -.9276919E-11
  1673.0 -.2202745E-11
  1674.0 0.6659616E-11
  1675.0 0.1698231E-10
  1676.0 0.2840448E-10
  1677.0 0.4054084E-10
  1678.0 0.5299209E-10
  1679.0 0.6535389E-10
  1680.0 0.7722760E-10
  1681.0 0.8822997E-10
  1682.0 0.9800279E-10
  1683.0 0.1062226E-09
  1684.0 0.1126069E-09
  1685.0 0.1169213E-09
  1686.0 0.1189883E-09
  1687.0 0.1186874E-09
  1688.0 0.1159604E-09
  1689.0 0.1108132E-09
  1690.0 0.1033135E-09
  1691.0 0.9359048E-10
  1692.0 0.8183069E-10
  1693.0 0.6827312E-10
  1694.0 0.5320449E-10
  1695.0 0.3694989E-10
  1696.0 0.1986557E-10
  1697.0 0.2330302E-11
  1698.0 -.1526606E-10
  1699.0 -.3253032E-10
  1700.0 -.4907760E-10
  1701.0 -.6454044E-10
  1702.0 -.7857762E-10
  1703.0 -.9088510E-10
  1704.0 -.1012006E-09
  1705.0 -.1093129E-09
  1706.0 -.1150667E-09
  1707.0 -.1183652E-09
  1708.0 -.1191750E-09
  1709.0 -.1175251E-09
  1710.0 -.1135078E-09
  1711.0 -.1072767E-09
  1712.0 -.9903982E-10
  1713.0 -.8905852E-10
  1714.0 -.7763954E-10
  1715.0 -.6512565E-10
  1716.0 -.5189087E-10
  1717.0 -.3832661E-10
  1718.0 -.2483524E-10
  1719.0 -.1181955E-10
  1720.0 0.3296421E-12
  1721.0 0.1124099E-10
  1722.0 0.2057308E-10
  1723.0 0.2802300E-10
  1724.0 0.3333408E-10
  1725.0 0.3630275E-10
  1726.0 0.3678381E-10
  1727.0 0.3469397E-10
  1728.0 0.3001480E-10
  1729.0 0.2279333E-10
  1730.0 0.1314070E-10
  1731.0 0.1230571E-11
  1732.0 -.1270552E-10
  1733.0 -.2838360E-10
  1734.0 -.4547377E-10
  1735.0 -.6360856E-10
  1736.0 -.8239141E-10
  1737.0 -.1014070E-09
  1738.0 -.1202310E-09
  1739.0 -.1384408E-09
  1740.0 -.1556257E-09
  1741.0 -.1713983E-09
  1742.0 -.1854019E-09
  1743.0 -.1973223E-09
  1744.0 -.2068953E-09
  1745.0 -.2139097E-09
  1746.0 -.2182198E-09
  1747.0 -.2197432E-09
  1748.0 -.2184669E-09
  1749.0 -.2144462E-09
  1750.0 -.2078049E-09
  1751.0 -.1987324E-09
  1752.0 -.1874782E-09
  1753.0 -.1743493E-09
  1754.0 -.1597004E-09
  1755.0 -.1439249E-09
  1756.0 -.1274481E-09
  1757.0 -.1107150E-09
  1758.0 -.9418142E-10
  1759.0 -.7829907E-10
  1760.0 -.6350908E-10
  1761.0 -.5022793E-10
  1762.0 -.3883742E-10
  1763.0 -.2967656E-10
  1764.0 -.2302923E-10
  1765.0 -.1912109E-10
  1766.0 -.1811003E-10
  1767.0 -.2008308E-10
  1768.0 -.2505289E-10
  1769.0 -.3295612E-10
  1770.0 -.4365492E-10
  1771.0 -.5693858E-10
  1772.0 -.7252804E-10
  1773.0 -.9008091E-10
  1774.0 -.1091998E-09
  1775.0 -.1294399E-09
  1776.0 -.1503200E-09
  1777.0 -.1713322E-09
  1778.0 -.1919540E-09
  1779.0 -.2116611E-09
  1780.0 -.2299378E-09
  1781.0 -.2462902E-09
  1782.0 -.2602594E-09
  1783.0 -.2714292E-09
  1784.0 -.2794379E-09
  1785.0 -.2839903E-09
  1786.0 -.2848590E-09
  1787.0 -.2818969E-09
  1788.0 -.2750381E-09
  1789.0 -.2642988E-09
  1790.0 -.2497844E-09
  1791.0 -.2316807E-09
  1792.0 -.2102565E-09
  1793.0 -.1858557E-09
  1794.0 -.1588912E-09
  1795.0 -.1298369E-09
  1796.0 -.9921833E-10
  1797.0 -.6760091E-10
  1798.0 -.3557821E-10
  1799.0 -.3759821E-11
  1800.0 0.2724201E-10
  1801.0 0.5682519E-10
  1802.0 0.8441187E-10
  1803.0 0.1094595E-09
  1804.0 0.1314743E-09
  1805.0 0.1500210E-09
  1806.0 0.1647327E-09
  1807.0 0.1753206E-09
  1808.0 0.1815779E-09
  1809.0 0.1833869E-09
  1810.0 0.1807211E-09
  1811.0 0.1736467E-09
  1812.0 0.1623209E-09
  1813.0 0.1469890E-09
  1814.0 0.1279805E-09
  1815.0 0.1057024E-09
  1816.0 0.8062901E-10
  1817.0 0.5329471E-10
  1818.0 0.2428156E-10
  1819.0 -.5792209E-11
  1820.0 -.3628549E-10
  1821.0 -.6654700E-10
  1822.0 -.9592874E-10
  1823.0 -.1238002E-09
  1824.0 -.1495600E-09
  1825.0 -.1726497E-09
  1826.0 -.1925640E-09
  1827.0 -.2088612E-09
  1828.0 -.2211730E-09
  1829.0 -.2292108E-09
  1830.0 -.2327710E-09
  1831.0 -.2317414E-09
  1832.0 -.2260989E-09
  1833.0 -.2159130E-09
  1834.0 -.2013423E-09
  1835.0 -.1826312E-09
  1836.0 -.1601041E-09
  1837.0 -.1341586E-09
  1838.0 -.1052565E-09
  1839.0 -.7391412E-10
  1840.0 -.4069137E-10
  1841.0 -.6180174E-11
  1842.0 0.2900733E-10
  1843.0 0.6425336E-10
  1844.0 0.9894484E-10
  1845.0 0.1324860E-09
  1846.0 0.1643112E-09
  1847.0 0.1938963E-09
  1848.0 0.2207661E-09
  1849.0 0.2445054E-09
  1850.0 0.2647678E-09
  1851.0 0.2812783E-09
  1852.0 0.2938397E-09
  1853.0 0.3023359E-09
  1854.0 0.3067311E-09
  1855.0 0.3070715E-09
  1856.0 0.3034808E-09
  1857.0 0.2961574E-09
  1858.0 0.2853687E-09
  1859.0 0.2714461E-09
  1860.0 0.2547727E-09
  1861.0 0.2357791E-09
  1862.0 0.2149315E-09
  1863.0 0.1927223E-09
  1864.0 0.1696575E-09
  1865.0 0.1462493E-09
  1866.0 0.1230023E-09
  1867.0 0.1004065E-09
  1868.0 0.7892394E-10
  1869.0 0.5898303E-10
  1870.0 0.4096914E-10
  1871.0 0.2521761E-10
  1872.0 0.1200806E-10
  1873.0 0.1560681E-11
  1874.0 -.5968015E-11
  1875.0 -.1048575E-10
  1876.0 -.1196558E-10
  1877.0 -.1044433E-10
  1878.0 -.6020621E-11
  1879.0 0.1148963E-11
  1880.0 0.1085508E-10
  1881.0 0.2283974E-10
  1882.0 0.3680554E-10
  1883.0 0.5241984E-10
  1884.0 0.6932574E-10
  1885.0 0.8714662E-10
  1886.0 0.1054970E-09
  1887.0 0.1239904E-09
  1888.0 0.1422452E-09
  1889.0 0.1598954E-09
  1890.0 0.1765954E-09
  1891.0 0.1920270E-09
  1892.0 0.2059054E-09
  1893.0 0.2179825E-09
  1894.0 0.2280529E-09
  1895.0 0.2359546E-09
  1896.0 0.2415724E-09
  1897.0 0.2448362E-09
  1898.0 0.2457261E-09
  1899.0 0.2442607E-09
  1900.0 0.2405075E-09
  1901.0 0.2345718E-09
  1902.0 0.2265947E-09
  1903.0 0.2167488E-09
  1904.0 0.2052347E-09
  1905.0 0.1922744E-09
  1906.0 0.1781053E-09
  1907.0 0.1629777E-09
  1908.0 0.1471456E-09
  1909.0 0.1308637E-09
  1910.0 0.1143807E-09
  1911.0 0.9793785E-10
  1912.0 0.8176037E-10
  1913.0 0.6605655E-10
  1914.0 0.5101453E-10
  1915.0 0.3679887E-10
  1916.0 0.2354930E-10
  1917.0 0.1138009E-10
  1918.0 0.3787688E-12
  1919.0 -.9392993E-11
  1920.0 -.1789956E-10
  1921.0 -.2512786E-10
  1922.0 -.3108818E-10
  1923.0 -.3581037E-10
  1924.0 -.3934156E-10
  1925.0 -.4174353E-10
  1926.0 -.4309015E-10
  1927.0 -.4346352E-10
  1928.0 -.4295216E-10
  1929.0 -.4164784E-10
  1930.0 -.3964186E-10
  1931.0 -.3702495E-10
  1932.0 -.3388354E-10
  1933.0 -.3029836E-10
  1934.0 -.2634338E-10
  1935.0 -.2208557E-10
  1936.0 -.1758276E-10
  1937.0 -.1288521E-10
  1938.0 -.8034884E-11
  1939.0 -.3066658E-11
  1940.0 0.1991381E-11
  1941.0 0.7116049E-11
  1942.0 0.1228830E-10
  1943.0 0.1749166E-10
  1944.0 0.2271014E-10
  1945.0 0.2792762E-10
  1946.0 0.3312545E-10
  1947.0 0.3828148E-10
  1948.0 0.4336916E-10
  1949.0 0.4835597E-10
  1950.0 0.5320334E-10
  1951.0 0.5786623E-10
  1952.0 0.6229221E-10
  1953.0 0.6642283E-10
  1954.0 0.7019368E-10
  1955.0 0.7353516E-10
  1956.0 0.7637457E-10
  1957.0 0.7863594E-10
  1958.0 0.8024404E-10
  1959.0 0.8112359E-10
  1960.0 0.8120338E-10
  1961.0 0.8041791E-10
  1962.0 0.7870815E-10
  1963.0 0.7602567E-10
  1964.0 0.7233238E-10
  1965.0 0.6760392E-10
  1966.0 0.6182990E-10
  1967.0 0.5501600E-10
  1968.0 0.4718389E-10
  1969.0 0.3837274E-10
  1970.0 0.2863834E-10
  1971.0 0.1805335E-10
  1972.0 0.6706173E-11
  1973.0 -.5299164E-11
  1974.0 -.1784618E-10
  1975.0 -.3080661E-10
  1976.0 -.4404217E-10
  1977.0 -.5740746E-10
  1978.0 -.7075384E-10
  1979.0 -.8392931E-10
  1980.0 -.9678432E-10
  1981.0 -.1091720E-09
  1982.0 -.1209533E-09
  1983.0 -.1319982E-09
  1984.0 -.1421873E-09
  1985.0 -.1514166E-09
  1986.0 -.1595979E-09
  1987.0 -.1666588E-09
  1988.0 -.1725483E-09
  1989.0 -.1772312E-09
  1990.0 -.1806960E-09
  1991.0 -.1829485E-09
  1992.0 -.1840139E-09
  1993.0 -.1839363E-09
  1994.0 -.1827761E-09
  1995.0 -.1806099E-09
  1996.0 -.1775267E-09
  1997.0 -.1736280E-09
  1998.0 -.1690225E-09
  1999.0 -.1638261E-09
  2000.0 -.1581577E-09
  2001.0 -.1521375E-09
  2002.0 -.1458849E-09
  2003.0 -.1395137E-09
  2004.0 -.1331323E-09
  2005.0 -.1268411E-09
  2006.0 -.1207302E-09
  2007.0 -.1148777E-09
  2008.0 -.1093498E-09
  2009.0 -.1041998E-09
  2010.0 -.9946677E-10
  2011.0 -.9517669E-10
  2012.0 -.9134234E-10
  2013.0 -.8796452E-10
  2014.0 -.8503264E-10
  2015.0 -.8252642E-10
  2016.0 -.8041749E-10
  2017.0 -.7867091E-10
  2018.0 -.7724708E-10
  2019.0 -.7610421E-10
  2020.0 -.7519918E-10
  2021.0 -.7449041E-10
  2022.0 -.7393961E-10
  2023.0 -.7351262E-10
  2024.0 -.7318108E-10
  2025.0 -.7292406E-10
  2026.0 -.7272769E-10
  2027.0 -.7258669E-10
  2028.0 -.7250380E-10
  2029.0 -.7248993E-10
  2030.0 -.7256286E-10
  2031.0 -.7274777E-10
  2032.0 -.7307381E-10
  2033.0 -.7357501E-10
  2034.0 -.7428688E-10
  2035.0 -.7524457E-10
  2036.0 -.7648186E-10
  2037.0 -.7802901E-10
  2038.0 -.7990928E-10
  2039.0 -.8213889E-10
  2040.0 -.8472482E-10
  2041.0 -.8766200E-10
  2042.0 -.9093314E-10
  2043.0 -.9450832E-10
  2044.0 -.9834331E-10
  2045.0 -.1023797E-09
  2046.0 -.1065454E-09
  2047.0 -.1107561E-09
  2048.0 -.1149148E-09
  2049.0 -.1189147E-09
  2050.0 -.1226414E-09
  2051.0 -.1259743E-09
  2052.0 -.1287896E-09
  2053.0 -.1309646E-09
  2054.0 -.1323790E-09
  2055.0 -.1329194E-09
  2056.0 -.1324821E-09
  2057.0 -.1309776E-09
  2058.0 -.1283311E-09
  2059.0 -.1244883E-09
  2060.0 -.1194167E-09
  2061.0 -.1131074E-09
  2062.0 -.1055776E-09
  2063.0 -.9687187E-10
  2064.0 -.8706134E-10
  2065.0 -.7624601E-10
  2066.0 -.6455164E-10
  2067.0 -.5213052E-10
  2068.0 -.3915773E-10
  2069.0 -.2582987E-10
  2070.0 -.1236069E-10
  2071.0 0.1021601E-11
  2072.0 0.1407914E-10
  2073.0 0.2656956E-10
  2074.0 0.3824968E-10
  2075.0 0.4888169E-10
  2076.0 0.5823824E-10
  2077.0 0.6610663E-10
  2078.0 0.7229552E-10
  2079.0 0.7663815E-10
  2080.0 0.7899741E-10
  2081.0 0.7926947E-10
  2082.0 0.7738780E-10
  2083.0 0.7332438E-10
  2084.0 0.6709261E-10
  2085.0 0.5874813E-10
  2086.0 0.4838901E-10
  2087.0 0.3615429E-10
  2088.0 0.2222362E-10
  2089.0 0.6813369E-11
  2090.0 -.9825693E-11
  2091.0 -.2741273E-10
  2092.0 -.4564235E-10
  2093.0 -.6418872E-10
  2094.0 -.8271347E-10
  2095.0 -.1008701E-09
  2096.0 -.1183119E-09
  2097.0 -.1346982E-09
  2098.0 -.1497017E-09
  2099.0 -.1630134E-09
  2100.0 -.1743520E-09
  2101.0 -.1834661E-09
  2102.0 -.1901425E-09
  2103.0 -.1942089E-09
  2104.0 -.1955388E-09
  2105.0 -.1940534E-09
  2106.0 -.1897247E-09
  2107.0 -.1825752E-09
  2108.0 -.1726791E-09
  2109.0 -.1601603E-09
  2110.0 -.1451903E-09
  2111.0 -.1279851E-09
  2112.0 -.1088013E-09
  2113.0 -.8793073E-10
  2114.0 -.6569553E-10
  2115.0 -.4244056E-10
  2116.0 -.1852799E-10
  2117.0 0.5671331E-11
  2118.0 0.2978447E-10
  2119.0 0.5344400E-10
  2120.0 0.7629591E-10
  2121.0 0.9800569E-10
  2122.0 0.1182660E-09
  2123.0 0.1368028E-09
  2124.0 0.1533804E-09
  2125.0 0.1678053E-09
  2126.0 0.1799330E-09
  2127.0 0.1896667E-09
  2128.0 0.1969612E-09
  2129.0 0.2018248E-09
  2130.0 0.2043155E-09
  2131.0 0.2045422E-09
  2132.0 0.2026602E-09
  2133.0 0.1988688E-09
  2134.0 0.1934067E-09
  2135.0 0.1865443E-09
  2136.0 0.1785816E-09
  2137.0 0.1698368E-09
  2138.0 0.1606434E-09
  2139.0 0.1513393E-09
  2140.0 0.1422612E-09
  2141.0 0.1337371E-09
  2142.0 0.1260767E-09
  2143.0 0.1195677E-09
  2144.0 0.1144662E-09
  2145.0 0.1109932E-09
  2146.0 0.1093283E-09
  2147.0 0.1096055E-09
  2148.0 0.1119108E-09
  2149.0 0.1162790E-09
  2150.0 0.1226936E-09
  2151.0 0.1310867E-09
  2152.0 0.1413396E-09
  2153.0 0.1532855E-09
  2154.0 0.1667127E-09
  2155.0 0.1813693E-09
  2156.0 0.1969675E-09
  2157.0 0.2131914E-09
  2158.0 0.2296996E-09
  2159.0 0.2461384E-09
  2160.0 0.2621424E-09
  2161.0 0.2773486E-09
  2162.0 0.2913986E-09
  2163.0 0.3039496E-09
  2164.0 0.3146809E-09
  2165.0 0.3232987E-09
  2166.0 0.3295468E-09
  2167.0 0.3332066E-09
  2168.0 0.3341057E-09
  2169.0 0.3321194E-09
  2170.0 0.3271754E-09
  2171.0 0.3192544E-09
  2172.0 0.3083896E-09
  2173.0 0.2946678E-09
  2174.0 0.2782285E-09
  2175.0 0.2592586E-09
  2176.0 0.2379907E-09
  2177.0 0.2146993E-09
  2178.0 0.1896928E-09
  2179.0 0.1633107E-09
  2180.0 0.1359151E-09
  2181.0 0.1078835E-09
  2182.0 0.7960329E-10
  2183.0 0.5146342E-10
  2184.0 0.2384686E-10
  2185.0 -.2876036E-11
  2186.0 -.2835403E-10
  2187.0 -.5226173E-10
  2188.0 -.7430519E-10
  2189.0 -.9422684E-10
  2190.0 -.1118094E-09
  2191.0 -.1268799E-09
  2192.0 -.1393110E-09
  2193.0 -.1490236E-09
  2194.0 -.1559863E-09
  2195.0 -.1602159E-09
  2196.0 -.1617746E-09
  2197.0 -.1607689E-09
  2198.0 -.1573463E-09
  2199.0 -.1516905E-09
  2200.0 -.1440181E-09
  2201.0 -.1345721E-09
  2202.0 -.1236181E-09
  2203.0 -.1114373E-09
  2204.0 -.9832054E-10
  2205.0 -.8456361E-10
  2206.0 -.7045996E-10
  2207.0 -.5629535E-10
  2208.0 -.4234367E-10
  2209.0 -.2886060E-10
  2210.0 -.1608006E-10
  2211.0 -.4210190E-11
  2212.0 0.6569075E-11
  2213.0 0.1610945E-10
  2214.0 0.2429455E-10
  2215.0 0.3104203E-10
  2216.0 0.3630244E-10
  2217.0 0.4005950E-10
  2218.0 0.4232818E-10
  2219.0 0.4315294E-10
  2220.0 0.4260500E-10
  2221.0 0.4077943E-10
  2222.0 0.3779159E-10
  2223.0 0.3377345E-10
  2224.0 0.2886944E-10
  2225.0 0.2323253E-10
  2226.0 0.1701990E-10
  2227.0 0.1038913E-10
  2228.0 0.3494264E-11
  2229.0 -.3517256E-11
  2230.0 -.1050925E-10
  2231.0 -.1735775E-10
  2232.0 -.2395464E-10
  2233.0 -.3020853E-10
  2234.0 -.3604701E-10
  2235.0 -.4141697E-10
  2236.0 -.4628378E-10
  2237.0 -.5063308E-10
  2238.0 -.5446756E-10
  2239.0 -.5780739E-10
  2240.0 -.6068716E-10
  2241.0 -.6315461E-10
  2242.0 -.6526746E-10
  2243.0 -.6709146E-10
  2244.0 -.6869713E-10
  2245.0 -.7015712E-10
  2246.0 -.7154276E-10
  2247.0 -.7292224E-10
  2248.0 -.7435755E-10
  2249.0 -.7590169E-10
  2250.0 -.7759727E-10
  2251.0 -.7947451E-10
  2252.0 -.8155020E-10
  2253.0 -.8382633E-10
  2254.0 -.8629016E-10
  2255.0 -.8891398E-10
  2256.0 -.9165591E-10
  2257.0 -.9446049E-10
  2258.0 -.9725982E-10
  2259.0 -.9997640E-10
  2260.0 -.1025239E-09
  2261.0 -.1048102E-09
  2262.0 -.1067400E-09
  2263.0 -.1082172E-09
  2264.0 -.1091480E-09
  2265.0 -.1094430E-09
  2266.0 -.1090217E-09
  2267.0 -.1078125E-09
  2268.0 -.1057576E-09
  2269.0 -.1028137E-09
  2270.0 -.9895364E-10
  2271.0 -.9416898E-10
  2272.0 -.8847052E-10
  2273.0 -.8188818E-10
  2274.0 -.7447196E-10
  2275.0 -.6629190E-10
  2276.0 -.5743554E-10
  2277.0 -.4800958E-10
  2278.0 -.3813491E-10
  2279.0 -.2794721E-10
  2280.0 -.1759298E-10
  2281.0 -.7227581E-11
  2282.0 0.2987809E-11
  2283.0 0.1288976E-10
  2284.0 0.2231522E-10
  2285.0 0.3110518E-10
  2286.0 0.3910746E-10
  2287.0 0.4618071E-10
  2288.0 0.5219579E-10
  2289.0 0.5704006E-10
  2290.0 0.6061920E-10
  2291.0 0.6285889E-10
  2292.0 0.6370672E-10
  2293.0 0.6313408E-10
  2294.0 0.6113596E-10
  2295.0 0.5773210E-10
  2296.0 0.5296605E-10
  2297.0 0.4690544E-10
  2298.0 0.3964075E-10
  2299.0 0.3128315E-10
  2300.0 0.2196360E-10
  2301.0 0.1182989E-10
  2302.0 0.1044612E-11
  2303.0 -.1021797E-10
  2304.0 -.2177451E-10
  2305.0 -.3343627E-10
  2306.0 -.4501160E-10
  2307.0 -.5630990E-10
  2308.0 -.6714410E-10
  2309.0 -.7733433E-10
  2310.0 -.8671049E-10
  2311.0 -.9511493E-10
  2312.0 -.1024055E-09
  2313.0 -.1084564E-09
  2314.0 -.1131617E-09
  2315.0 -.1164362E-09
  2316.0 -.1182154E-09
  2317.0 -.1184585E-09
  2318.0 -.1171469E-09
  2319.0 -.1142851E-09
  2320.0 -.1099008E-09
  2321.0 -.1040430E-09
  2322.0 -.9678239E-10
  2323.0 -.8820884E-10
  2324.0 -.7843088E-10
  2325.0 -.6757354E-10
  2326.0 -.5577653E-10
  2327.0 -.4319189E-10
  2328.0 -.2998237E-10
  2329.0 -.1631846E-10
  2330.0 -.2376631E-11
  2331.0 0.1166315E-10
  2332.0 0.2561961E-10
  2333.0 0.3931280E-10
  2334.0 0.5256574E-10
  2335.0 0.6520666E-10
  2336.0 0.7707115E-10
  2337.0 0.8800399E-10
  2338.0 0.9786012E-10
  2339.0 0.1065071E-09
  2340.0 0.1138263E-09
  2341.0 0.1197138E-09
  2342.0 0.1240811E-09
  2343.0 0.1268569E-09
  2344.0 0.1279875E-09
  2345.0 0.1274375E-09
  2346.0 0.1251899E-09
  2347.0 0.1212460E-09
  2348.0 0.1156270E-09
  2349.0 0.1083726E-09
  2350.0 0.9954118E-10
  2351.0 0.8921008E-10
  2352.0 0.7747399E-10
  2353.0 0.6444537E-10
  2354.0 0.5025294E-10
  2355.0 0.3504113E-10
  2356.0 0.1896887E-10
  2357.0 0.2208067E-11
  2358.0 -.1505760E-10
  2359.0 -.3263466E-10
  2360.0 -.5032107E-10
  2361.0 -.6790878E-10
  2362.0 -.8518573E-10
  2363.0 -.1019375E-09
  2364.0 -.1179506E-09
  2365.0 -.1330143E-09
  2366.0 -.1469241E-09
  2367.0 -.1594820E-09
  2368.0 -.1705029E-09
  2369.0 -.1798131E-09
  2370.0 -.1872566E-09
  2371.0 -.1926948E-09
  2372.0 -.1960109E-09
  2373.0 -.1971100E-09
  2374.0 -.1959231E-09
  2375.0 -.1924076E-09
  2376.0 -.1865498E-09
  2377.0 -.1783642E-09
  2378.0 -.1678956E-09
  2379.0 -.1552204E-09
  2380.0 -.1404429E-09
  2381.0 -.1236991E-09
  2382.0 -.1051523E-09
  2383.0 -.8499406E-10
  2384.0 -.6344054E-10
  2385.0 -.4073072E-10
  2386.0 -.1712406E-10
  2387.0 0.7103285E-11
  2388.0 0.3166190E-10
  2389.0 0.5625261E-10
  2390.0 0.8057122E-10
  2391.0 0.1043120E-09
  2392.0 0.1271730E-09
  2393.0 0.1488598E-09
  2394.0 0.1690902E-09
  2395.0 0.1875992E-09
  2396.0 0.2041421E-09
  2397.0 0.2184993E-09
  2398.0 0.2304796E-09
  2399.0 0.2399240E-09
