     0.0 0.0000000E+00
     1.0 -.4674732E-18
     2.0 -.4818862E-18
     3.0 0.3981745E-17
     4.0 0.1822870E-16
     5.0 0.4630299E-16
     6.0 0.8858625E-16
     7.0 0.1395163E-15
     8.0 0.1853947E-15
     9.0 0.2024718E-15
    10.0 0.1554761E-15
    11.0 -.3319231E-17
    12.0 -.3344038E-15
    13.0 -.9106413E-15
    14.0 -.1816140E-14
    15.0 -.3144376E-14
    16.0 -.4995592E-14
    17.0 -.7473522E-14
    18.0 -.1068153E-13
    19.0 -.1471828E-13
    20.0 -.1967304E-13
    21.0 -.2562081E-13
    22.0 -.3261748E-13
    23.0 -.4069500E-13
    24.0 -.4985702E-13
    25.0 -.6007497E-13
    26.0 -.7128466E-13
    27.0 -.8338390E-13
    28.0 -.9623078E-13
    29.0 -.1096430E-12
    30.0 -.1233983E-12
    31.0 -.1372359E-12
    32.0 -.1508589E-12
    33.0 -.1639378E-12
    34.0 -.1761153E-12
    35.0 -.1870110E-12
    36.0 -.1962282E-12
    37.0 -.2033601E-12
    38.0 -.2079975E-12
    39.0 -.2097363E-12
    40.0 -.2081853E-12
    41.0 -.2029741E-12
    42.0 -.1937610E-12
    43.0 -.1802408E-12
    44.0 -.1621517E-12
    45.0 -.1392828E-12
    46.0 -.1114798E-12
    47.0 -.7865075E-13
    48.0 -.4077065E-13
    49.0 0.2113960E-14
    50.0 0.4988285E-13
    51.0 0.1023398E-12
    52.0 0.1592117E-12
    53.0 0.2201495E-12
    54.0 0.2847297E-12
    55.0 0.3524573E-12
    56.0 0.4227717E-12
    57.0 0.4950509E-12
    58.0 0.5686213E-12
    59.0 0.6427665E-12
    60.0 0.7167384E-12
    61.0 0.7897689E-12
    62.0 0.8610874E-12
    63.0 0.9299320E-12
    64.0 0.9955712E-12
    65.0 0.1057317E-11
    66.0 0.1114547E-11
    67.0 0.1166722E-11
    68.0 0.1213404E-11
    69.0 0.1254273E-11
    70.0 0.1289146E-11
    71.0 0.1317991E-11
    72.0 0.1340936E-11
    73.0 0.1358280E-11
    74.0 0.1370501E-11
    75.0 0.1378251E-11
    76.0 0.1382351E-11
    77.0 0.1383789E-11
    78.0 0.1383700E-11
    79.0 0.1383341E-11
    80.0 0.1384074E-11
    81.0 0.1387329E-11
    82.0 0.1394564E-11
    83.0 0.1407228E-11
    84.0 0.1426719E-11
    85.0 0.1454334E-11
    86.0 0.1491219E-11
    87.0 0.1538326E-11
    88.0 0.1596366E-11
    89.0 0.1665765E-11
    90.0 0.1746632E-11
    91.0 0.1838724E-11
    92.0 0.1941426E-11
    93.0 0.2053737E-11
    94.0 0.2174273E-11
    95.0 0.2301275E-11
    96.0 0.2432637E-11
    97.0 0.2565931E-11
    98.0 0.2698466E-11
    99.0 0.2827342E-11
   100.0 0.2949532E-11
   101.0 0.3061945E-11
   102.0 0.3161529E-11
   103.0 0.3245355E-11
   104.0 0.3310706E-11
   105.0 0.3355192E-11
   106.0 0.3376844E-11
   107.0 0.3374198E-11
   108.0 0.3346382E-11
   109.0 0.3293191E-11
   110.0 0.3215130E-11
   111.0 0.3113440E-11
   112.0 0.2990136E-11
   113.0 0.2847959E-11
   114.0 0.2690371E-11
   115.0 0.2521464E-11
   116.0 0.2345900E-11
   117.0 0.2168776E-11
   118.0 0.1995501E-11
   119.0 0.1831653E-11
   120.0 0.1682797E-11
   121.0 0.1554315E-11
   122.0 0.1451230E-11
   123.0 0.1378017E-11
   124.0 0.1338436E-11
   125.0 0.1335358E-11
   126.0 0.1370639E-11
   127.0 0.1444985E-11
   128.0 0.1557871E-11
   129.0 0.1707485E-11
   130.0 0.1890712E-11
   131.0 0.2103147E-11
   132.0 0.2339184E-11
   133.0 0.2592094E-11
   134.0 0.2854209E-11
   135.0 0.3117084E-11
   136.0 0.3371727E-11
   137.0 0.3608852E-11
   138.0 0.3819175E-11
   139.0 0.3993666E-11
   140.0 0.4123888E-11
   141.0 0.4202259E-11
   142.0 0.4222353E-11
   143.0 0.4179164E-11
   144.0 0.4069322E-11
   145.0 0.3891301E-11
   146.0 0.3645552E-11
   147.0 0.3334593E-11
   148.0 0.2963037E-11
   149.0 0.2537555E-11
   150.0 0.2066782E-11
   151.0 0.1561123E-11
   152.0 0.1032557E-11
   153.0 0.4943167E-12
   154.0 -.3944452E-13
   155.0 -.5540477E-12
   156.0 -.1034699E-11
   157.0 -.1466962E-11
   158.0 -.1837189E-11
   159.0 -.2132975E-11
   160.0 -.2343627E-11
   161.0 -.2460521E-11
   162.0 -.2477498E-11
   163.0 -.2391126E-11
   164.0 -.2200968E-11
   165.0 -.1909679E-11
   166.0 -.1523106E-11
   167.0 -.1050241E-11
   168.0 -.5030525E-12
   169.0 0.1036937E-12
   170.0 0.7527901E-12
   171.0 0.1424986E-11
   172.0 0.2099490E-11
   173.0 0.2754507E-11
   174.0 0.3367870E-11
   175.0 0.3917664E-11
   176.0 0.4382885E-11
   177.0 0.4744128E-11
   178.0 0.4984171E-11
   179.0 0.5088656E-11
   180.0 0.5046494E-11
   181.0 0.4850447E-11
   182.0 0.4497411E-11
   183.0 0.3988679E-11
   184.0 0.3330062E-11
   185.0 0.2531882E-11
   186.0 0.1608855E-11
   187.0 0.5797787E-12
   188.0 -.5328704E-12
   189.0 -.1703414E-11
   190.0 -.2903693E-11
   191.0 -.4103734E-11
   192.0 -.5272623E-11
   193.0 -.6379325E-11
   194.0 -.7393618E-11
   195.0 -.8286991E-11
   196.0 -.9033517E-11
   197.0 -.9610709E-11
   198.0 -.1000028E-10
   199.0 -.1018881E-10
   200.0 -.1016822E-10
   201.0 -.9936271E-11
   202.0 -.9496756E-11
   203.0 -.8859531E-11
   204.0 -.8040465E-11
   205.0 -.7061075E-11
   206.0 -.5948157E-11
   207.0 -.4733016E-11
   208.0 -.3450803E-11
   209.0 -.2139489E-11
   210.0 -.8388786E-12
   211.0 0.4105605E-12
   212.0 0.1568847E-11
   213.0 0.2597739E-11
   214.0 0.3461858E-11
   215.0 0.4129901E-11
   216.0 0.4575681E-11
   217.0 0.4779017E-11
   218.0 0.4726637E-11
   219.0 0.4412684E-11
   220.0 0.3839232E-11
   221.0 0.3016394E-11
   222.0 0.1962353E-11
   223.0 0.7030638E-12
   224.0 -.7282590E-12
   225.0 -.2291859E-11
   226.0 -.3942435E-11
   227.0 -.5630228E-11
   228.0 -.7302411E-11
   229.0 -.8904499E-11
   230.0 -.1038194E-10
   231.0 -.1168171E-10
   232.0 -.1275398E-10
   233.0 -.1355363E-10
   234.0 -.1404188E-10
   235.0 -.1418759E-10
   236.0 -.1396864E-10
   237.0 -.1337273E-10
   238.0 -.1239844E-10
   239.0 -.1105555E-10
   240.0 -.9365355E-11
   241.0 -.7360616E-11
   242.0 -.5085063E-11
   243.0 -.2592855E-11
   244.0 0.5258049E-13
   245.0 0.2779748E-11
   246.0 0.5510595E-11
   247.0 0.8162395E-11
   248.0 0.1064963E-10
   249.0 0.1288597E-10
   250.0 0.1478669E-10
   251.0 0.1627061E-10
   252.0 0.1726243E-10
   253.0 0.1769468E-10
   254.0 0.1750975E-10
   255.0 0.1666157E-10
   256.0 0.1511715E-10
   257.0 0.1285763E-10
   258.0 0.9879328E-11
   259.0 0.6194088E-11
   260.0 0.1829483E-11
   261.0 -.3171597E-11
   262.0 -.8751449E-11
   263.0 -.1483873E-10
   264.0 -.2134988E-10
   265.0 -.2819088E-10
   266.0 -.3525929E-10
   267.0 -.4244661E-10
   268.0 -.4964076E-10
   269.0 -.5672870E-10
   270.0 -.6359929E-10
   271.0 -.7014575E-10
   272.0 -.7626857E-10
   273.0 -.8187778E-10
   274.0 -.8689554E-10
   275.0 -.9125779E-10
   276.0 -.9491639E-10
   277.0 -.9783993E-10
   278.0 -.1000152E-09
   279.0 -.1014472E-09
   280.0 -.1021594E-09
   281.0 -.1021934E-09
   282.0 -.1016074E-09
   283.0 -.1004754E-09
   284.0 -.9888529E-10
   285.0 -.9693633E-10
   286.0 -.9473705E-10
   287.0 -.9240204E-10
   288.0 -.9004925E-10
   289.0 -.8779692E-10
   290.0 -.8575984E-10
   291.0 -.8404689E-10
   292.0 -.8275768E-10
   293.0 -.8197953E-10
   294.0 -.8178517E-10
   295.0 -.8223074E-10
   296.0 -.8335318E-10
   297.0 -.8516948E-10
   298.0 -.8767596E-10
   299.0 -.9084730E-10
   300.0 -.9463742E-10
   301.0 -.9897982E-10
   302.0 -.1037891E-09
   303.0 -.1089631E-09
   304.0 -.1143841E-09
   305.0 -.1199238E-09
   306.0 -.1254439E-09
   307.0 -.1308012E-09
   308.0 -.1358509E-09
   309.0 -.1404504E-09
   310.0 -.1444627E-09
   311.0 -.1477606E-09
   312.0 -.1502306E-09
   313.0 -.1517749E-09
   314.0 -.1523157E-09
   315.0 -.1517977E-09
   316.0 -.1501890E-09
   317.0 -.1474834E-09
   318.0 -.1437015E-09
   319.0 -.1388899E-09
   320.0 -.1331216E-09
   321.0 -.1264944E-09
   322.0 -.1191289E-09
   323.0 -.1111664E-09
   324.0 -.1027656E-09
   325.0 -.9409893E-10
   326.0 -.8534864E-10
   327.0 -.7670250E-10
   328.0 -.6834898E-10
   329.0 -.6047246E-10
   330.0 -.5324837E-10
   331.0 -.4683871E-10
   332.0 -.4138736E-10
   333.0 -.3701601E-10
   334.0 -.3382029E-10
   335.0 -.3186695E-10
   336.0 -.3119090E-10
   337.0 -.3179368E-10
   338.0 -.3364263E-10
   339.0 -.3667050E-10
   340.0 -.4077609E-10
   341.0 -.4582598E-10
   342.0 -.5165722E-10
   343.0 -.5808011E-10
   344.0 -.6488240E-10
   345.0 -.7183418E-10
   346.0 -.7869323E-10
   347.0 -.8520985E-10
   348.0 -.9113439E-10
   349.0 -.9622282E-10
   350.0 -.1002424E-09
   351.0 -.1029791E-09
   352.0 -.1042434E-09
   353.0 -.1038748E-09
   354.0 -.1017480E-09
   355.0 -.9777666E-10
   356.0 -.9191686E-10
   357.0 -.8416944E-10
   358.0 -.7458226E-10
   359.0 -.6324905E-10
   360.0 -.5031040E-10
   361.0 -.3595032E-10
   362.0 -.2039433E-10
   363.0 -.3904165E-11
   364.0 0.1322665E-10
   365.0 0.3067925E-10
   366.0 0.4811649E-10
   367.0 0.6519087E-10
   368.0 0.8155177E-10
   369.0 0.9685559E-10
   370.0 0.1107726E-09
   371.0 0.1229973E-09
   372.0 0.1332548E-09
   373.0 0.1413099E-09
   374.0 0.1469742E-09
   375.0 0.1501115E-09
   376.0 0.1506431E-09
   377.0 0.1485522E-09
   378.0 0.1438858E-09
   379.0 0.1367561E-09
   380.0 0.1273395E-09
   381.0 0.1158750E-09
   382.0 0.1026599E-09
   383.0 0.8804588E-10
   384.0 0.7243086E-10
   385.0 0.5625176E-10
   386.0 0.3997509E-10
   387.0 0.2408713E-10
   388.0 0.9082891E-11
   389.0 -.4545844E-11
   390.0 -.1632154E-10
   391.0 -.2579347E-10
   392.0 -.3254826E-10
   393.0 -.3622215E-10
   394.0 -.3650958E-10
   395.0 -.3317297E-10
   396.0 -.2605108E-10
   397.0 -.1506275E-10
   398.0 -.2139479E-12
   399.0 0.1840149E-10
   400.0 0.4060123E-10
   401.0 0.6611611E-10
   402.0 0.9459392E-10
   403.0 0.1256049E-09
   404.0 0.1586507E-09
   405.0 0.1931728E-09
   406.0 0.2285645E-09
   407.0 0.2641836E-09
   408.0 0.2993665E-09
   409.0 0.3334422E-09
   410.0 0.3657486E-09
   411.0 0.3956463E-09
   412.0 0.4225351E-09
   413.0 0.4458693E-09
   414.0 0.4651688E-09
   415.0 0.4800336E-09
   416.0 0.4901519E-09
   417.0 0.4953137E-09
   418.0 0.4954122E-09
   419.0 0.4904503E-09
   420.0 0.4805438E-09
   421.0 0.4659174E-09
   422.0 0.4469045E-09
   423.0 0.4239370E-09
   424.0 0.3975416E-09
   425.0 0.3683266E-09
   426.0 0.3369669E-09
   427.0 0.3041929E-09
   428.0 0.2707718E-09
   429.0 0.2374918E-09
   430.0 0.2051424E-09
   431.0 0.1744980E-09
   432.0 0.1462980E-09
   433.0 0.1212301E-09
   434.0 0.9991501E-10
   435.0 0.8288912E-10
   436.0 0.7059428E-10
   437.0 0.6336489E-10
   438.0 0.6142048E-10
   439.0 0.6486069E-10
   440.0 0.7366166E-10
   441.0 0.8767769E-10
   442.0 0.1066436E-09
   443.0 0.1301821E-09
   444.0 0.1578128E-09
   445.0 0.1889633E-09
   446.0 0.2229845E-09
   447.0 0.2591663E-09
   448.0 0.2967554E-09
   449.0 0.3349733E-09
   450.0 0.3730382E-09
   451.0 0.4101804E-09
   452.0 0.4456661E-09
   453.0 0.4788114E-09
   454.0 0.5090016E-09
   455.0 0.5357059E-09
   456.0 0.5584876E-09
   457.0 0.5770189E-09
   458.0 0.5910798E-09
   459.0 0.6005718E-09
   460.0 0.6055090E-09
   461.0 0.6060223E-09
   462.0 0.6023486E-09
   463.0 0.5948230E-09
   464.0 0.5838686E-09
   465.0 0.5699802E-09
   466.0 0.5537055E-09
   467.0 0.5356301E-09
   468.0 0.5163570E-09
   469.0 0.4964846E-09
   470.0 0.4765896E-09
   471.0 0.4572041E-09
   472.0 0.4387997E-09
   473.0 0.4217718E-09
   474.0 0.4064236E-09
   475.0 0.3929555E-09
   476.0 0.3814580E-09
   477.0 0.3719068E-09
   478.0 0.3641615E-09
   479.0 0.3579717E-09
   480.0 0.3529801E-09
   481.0 0.3487376E-09
   482.0 0.3447149E-09
   483.0 0.3403231E-09
   484.0 0.3349318E-09
   485.0 0.3278947E-09
   486.0 0.3185712E-09
   487.0 0.3063545E-09
   488.0 0.2906957E-09
   489.0 0.2711293E-09
   490.0 0.2472973E-09
   491.0 0.2189695E-09
   492.0 0.1860645E-09
   493.0 0.1486609E-09
   494.0 0.1070128E-09
   495.0 0.6155029E-10
   496.0 0.1288564E-10
   497.0 -.3819410E-10
   498.0 -.9073738E-10
   499.0 -.1436407E-09
   500.0 -.1956730E-09
   501.0 -.2455006E-09
   502.0 -.2917149E-09
   503.0 -.3328713E-09
   504.0 -.3675207E-09
   505.0 -.3942569E-09
   506.0 -.4117486E-09
   507.0 -.4187884E-09
   508.0 -.4143285E-09
   509.0 -.3975216E-09
   510.0 -.3677521E-09
   511.0 -.3246735E-09
   512.0 -.2682296E-09
   513.0 -.1986760E-09
   514.0 -.1165920E-09
   515.0 -.2288833E-10
   516.0 0.8119823E-10
   517.0 0.1941139E-09
   518.0 0.3140058E-09
   519.0 0.4387540E-09
   520.0 0.5660021E-09
   521.0 0.6932034E-09
   522.0 0.8176663E-09
   523.0 0.9366148E-09
   524.0 0.1047244E-08
   525.0 0.1146784E-08
   526.0 0.1232566E-08
   527.0 0.1302087E-08
   528.0 0.1353071E-08
   529.0 0.1383538E-08
   530.0 0.1391846E-08
   531.0 0.1376765E-08
   532.0 0.1337494E-08
   533.0 0.1273718E-08
   534.0 0.1185623E-08
   535.0 0.1073911E-08
   536.0 0.9398089E-09
   537.0 0.7850524E-09
   538.0 0.6118717E-09
   539.0 0.4229559E-09
   540.0 0.2214104E-09
   541.0 0.1070065E-10
   542.0 -.2054102E-09
   543.0 -.4229405E-09
   544.0 -.6377629E-09
   545.0 -.8457012E-09
   546.0 -.1042613E-08
   547.0 -.1224485E-08
   548.0 -.1387528E-08
   549.0 -.1528266E-08
   550.0 -.1643617E-08
   551.0 -.1730986E-08
   552.0 -.1788316E-08
   553.0 -.1814170E-08
   554.0 -.1807761E-08
   555.0 -.1769008E-08
   556.0 -.1698537E-08
   557.0 -.1597697E-08
   558.0 -.1468553E-08
   559.0 -.1313849E-08
   560.0 -.1136981E-08
   561.0 -.9419209E-09
   562.0 -.7331629E-09
   563.0 -.5156257E-09
   564.0 -.2945656E-09
   565.0 -.7546142E-10
   566.0 0.1360942E-09
   567.0 0.3345149E-09
   568.0 0.5143426E-09
   569.0 0.6703730E-09
   570.0 0.7977722E-09
   571.0 0.8921885E-09
   572.0 0.9498687E-09
   573.0 0.9677467E-09
   574.0 0.9435319E-09
   575.0 0.8757777E-09
   576.0 0.7639325E-09
   577.0 0.6083822E-09
   578.0 0.4104613E-09
   579.0 0.1724477E-09
   580.0 -.1024572E-09
   581.0 -.4101697E-09
   582.0 -.7457954E-09
   583.0 -.1103700E-08
   584.0 -.1477617E-08
   585.0 -.1860756E-08
   586.0 -.2245933E-08
   587.0 -.2625713E-08
   588.0 -.2992546E-08
   589.0 -.3338925E-08
   590.0 -.3657550E-08
   591.0 -.3941461E-08
   592.0 -.4184211E-08
   593.0 -.4379993E-08
   594.0 -.4523777E-08
   595.0 -.4611427E-08
   596.0 -.4639808E-08
   597.0 -.4606886E-08
   598.0 -.4511755E-08
   599.0 -.4354727E-08
   600.0 -.4137319E-08
   601.0 -.3862270E-08
   602.0 -.3533496E-08
   603.0 -.3156068E-08
   604.0 -.2736098E-08
   605.0 -.2280692E-08
   606.0 -.1797777E-08
   607.0 -.1296016E-08
   608.0 -.7846153E-09
   609.0 -.2731830E-09
   610.0 0.2284538E-09
   611.0 0.7104406E-09
   612.0 0.1163081E-08
   613.0 0.1577014E-08
   614.0 0.1943427E-08
   615.0 0.2254205E-08
   616.0 0.2502127E-08
   617.0 0.2681000E-08
   618.0 0.2785825E-08
   619.0 0.2812874E-08
   620.0 0.2759849E-08
   621.0 0.2625893E-08
   622.0 0.2411701E-08
   623.0 0.2119466E-08
   624.0 0.1752953E-08
   625.0 0.1317401E-08
   626.0 0.8194860E-09
   627.0 0.2672335E-09
   628.0 -.3301169E-09
   629.0 -.9622362E-09
   630.0 -.1617884E-08
   631.0 -.2285085E-08
   632.0 -.2951342E-08
   633.0 -.3603832E-08
   634.0 -.4229662E-08
   635.0 -.4816070E-08
   636.0 -.5350699E-08
   637.0 -.5821783E-08
   638.0 -.6218404E-08
   639.0 -.6530741E-08
   640.0 -.6750198E-08
   641.0 -.6869666E-08
   642.0 -.6883648E-08
   643.0 -.6788427E-08
   644.0 -.6582144E-08
   645.0 -.6264945E-08
   646.0 -.5838949E-08
   647.0 -.5308356E-08
   648.0 -.4679370E-08
   649.0 -.3960184E-08
   650.0 -.3160864E-08
   651.0 -.2293269E-08
   652.0 -.1370838E-08
   653.0 -.4084620E-09
   654.0 0.5777599E-09
   655.0 0.1570778E-08
   656.0 0.2552825E-08
   657.0 0.3505737E-08
   658.0 0.4411231E-08
   659.0 0.5251234E-08
   660.0 0.6008213E-08
   661.0 0.6665489E-08
   662.0 0.7207519E-08
   663.0 0.7620280E-08
   664.0 0.7891511E-08
   665.0 0.8011019E-08
   666.0 0.7970908E-08
   667.0 0.7765785E-08
   668.0 0.7393002E-08
   669.0 0.6852766E-08
   670.0 0.6148233E-08
   671.0 0.5285617E-08
   672.0 0.4274124E-08
   673.0 0.3126028E-08
   674.0 0.1856451E-08
   675.0 0.4833350E-09
   676.0 -.9728235E-09
   677.0 -.2489166E-08
   678.0 -.4040809E-08
   679.0 -.5601120E-08
   680.0 -.7142142E-08
   681.0 -.8634978E-08
   682.0 -.1005024E-07
   683.0 -.1135850E-07
   684.0 -.1253082E-07
   685.0 -.1353916E-07
   686.0 -.1435696E-07
   687.0 -.1495961E-07
   688.0 -.1532491E-07
   689.0 -.1543354E-07
   690.0 -.1526947E-07
   691.0 -.1482042E-07
   692.0 -.1407811E-07
   693.0 -.1303859E-07
   694.0 -.1170252E-07
   695.0 -.1007529E-07
   696.0 -.8167075E-08
   697.0 -.5992938E-08
   698.0 -.3572722E-08
   699.0 -.9309485E-09
   700.0 0.1903445E-08
   701.0 0.4897358E-08
   702.0 0.8013920E-08
   703.0 0.1121296E-07
   704.0 0.1445149E-07
   705.0 0.1768429E-07
   706.0 0.2086457E-07
   707.0 0.2394461E-07
   708.0 0.2687650E-07
   709.0 0.2961292E-07
   710.0 0.3210781E-07
   711.0 0.3431728E-07
   712.0 0.3620014E-07
   713.0 0.3771889E-07
   714.0 0.3884025E-07
   715.0 0.3953575E-07
   716.0 0.3978250E-07
   717.0 0.3956353E-07
   718.0 0.3886838E-07
   719.0 0.3769333E-07
   720.0 0.3604159E-07
   721.0 0.3392350E-07
   722.0 0.3135675E-07
   723.0 0.2836573E-07
   724.0 0.2498192E-07
   725.0 0.2124330E-07
   726.0 0.1719369E-07
   727.0 0.1288265E-07
   728.0 0.8364411E-08
   729.0 0.3697371E-08
   730.0 -.1056836E-08
   731.0 -.5834251E-08
   732.0 -.1056948E-07
   733.0 -.1519680E-07
   734.0 -.1965113E-07
   735.0 -.2386908E-07
   736.0 -.2778994E-07
   737.0 -.3135676E-07
   738.0 -.3451729E-07
   739.0 -.3722482E-07
   740.0 -.3943911E-07
   741.0 -.4112687E-07
   742.0 -.4226282E-07
   743.0 -.4282966E-07
   744.0 -.4281891E-07
   745.0 -.4223066E-07
   746.0 -.4107412E-07
   747.0 -.3936718E-07
   748.0 -.3713641E-07
   749.0 -.3441655E-07
   750.0 -.3125010E-07
   751.0 -.2768659E-07
   752.0 -.2378174E-07
   753.0 -.1959672E-07
   754.0 -.1519709E-07
   755.0 -.1065158E-07
   756.0 -.6031157E-08
   757.0 -.1407639E-08
   758.0 0.3147393E-08
   759.0 0.7563895E-08
   760.0 0.1177452E-07
   761.0 0.1571581E-07
   762.0 0.1932928E-07
   763.0 0.2256242E-07
   764.0 0.2536965E-07
   765.0 0.2771301E-07
   766.0 0.2956299E-07
   767.0 0.3089883E-07
   768.0 0.3170889E-07
   769.0 0.3199103E-07
   770.0 0.3175238E-07
   771.0 0.3100917E-07
   772.0 0.2978642E-07
   773.0 0.2811765E-07
   774.0 0.2604382E-07
   775.0 0.2361267E-07
   776.0 0.2087793E-07
   777.0 0.1789794E-07
   778.0 0.1473478E-07
   779.0 0.1145289E-07
   780.0 0.8117798E-08
   781.0 0.4794859E-08
   782.0 0.1547970E-08
   783.0 -.1561746E-08
   784.0 -.4477087E-08
   785.0 -.7145953E-08
   786.0 -.9522354E-08
   787.0 -.1156727E-07
   788.0 -.1324952E-07
   789.0 -.1454617E-07
   790.0 -.1544318E-07
   791.0 -.1593542E-07
   792.0 -.1602697E-07
   793.0 -.1573066E-07
   794.0 -.1506802E-07
   795.0 -.1406862E-07
   796.0 -.1276939E-07
   797.0 -.1121374E-07
   798.0 -.9450650E-08
   799.0 -.7533433E-08
   800.0 -.5518626E-08
   801.0 -.3464441E-08
   802.0 -.1429777E-08
   803.0 0.5274664E-09
   804.0 0.2351604E-08
   805.0 0.3990543E-08
   806.0 0.5397014E-08
   807.0 0.6529713E-08
   808.0 0.7354389E-08
   809.0 0.7844648E-08
   810.0 0.7982746E-08
   811.0 0.7760070E-08
   812.0 0.7177436E-08
   813.0 0.6245253E-08
   814.0 0.4983356E-08
   815.0 0.3420694E-08
   816.0 0.1594784E-08
   817.0 -.4490568E-09
   818.0 -.2658673E-08
   819.0 -.4976192E-08
   820.0 -.7339333E-08
   821.0 -.9682791E-08
   822.0 -.1193977E-07
   823.0 -.1404361E-07
   824.0 -.1592933E-07
   825.0 -.1753531E-07
   826.0 -.1880484E-07
   827.0 -.1968771E-07
   828.0 -.2014144E-07
   829.0 -.2013265E-07
   830.0 -.1963820E-07
   831.0 -.1864589E-07
   832.0 -.1715527E-07
   833.0 -.1517793E-07
   834.0 -.1273767E-07
   835.0 -.9870416E-08
   836.0 -.6623674E-08
   837.0 -.3055954E-08
   838.0 0.7642679E-09
   839.0 0.4759741E-08
   840.0 0.8845899E-08
   841.0 0.1293255E-07
   842.0 0.1692569E-07
   843.0 0.2072940E-07
   844.0 0.2424826E-07
   845.0 0.2738911E-07
   846.0 0.3006346E-07
   847.0 0.3218951E-07
   848.0 0.3369440E-07
   849.0 0.3451589E-07
   850.0 0.3460435E-07
   851.0 0.3392423E-07
   852.0 0.3245528E-07
   853.0 0.3019372E-07
   854.0 0.2715288E-07
   855.0 0.2336344E-07
   856.0 0.1887358E-07
   857.0 0.1374845E-07
   858.0 0.8069460E-08
   859.0 0.1933186E-08
   860.0 -.4550190E-08
   861.0 -.1125875E-07
   862.0 -.1806087E-07
   863.0 -.2481783E-07
   864.0 -.3138626E-07
   865.0 -.3762121E-07
   866.0 -.4337891E-07
   867.0 -.4852010E-07
   868.0 -.5291281E-07
   869.0 -.5643555E-07
   870.0 -.5898014E-07
   871.0 -.6045450E-07
   872.0 -.6078525E-07
   873.0 -.5991947E-07
   874.0 -.5782691E-07
   875.0 -.5450149E-07
   876.0 -.4996195E-07
   877.0 -.4425269E-07
   878.0 -.3744343E-07
   879.0 -.2962920E-07
   880.0 -.2092875E-07
   881.0 -.1148343E-07
   882.0 -.1454847E-08
   883.0 0.8977422E-08
   884.0 0.1961906E-07
   885.0 0.3026416E-07
   886.0 0.4069907E-07
   887.0 0.5070638E-07
   888.0 0.6006918E-07
   889.0 0.6857512E-07
   890.0 0.7602118E-07
   891.0 0.8221748E-07
   892.0 0.8699226E-07
   893.0 0.9019506E-07
   894.0 0.9170109E-07
   895.0 0.9141378E-07
   896.0 0.8926893E-07
   897.0 0.8523541E-07
   898.0 0.7931816E-07
   899.0 0.7155899E-07
   900.0 0.6203685E-07
   901.0 0.5086745E-07
   902.0 0.3820271E-07
   903.0 0.2422865E-07
   904.0 0.9163144E-08
   905.0 -.6747215E-08
   906.0 -.2323092E-07
   907.0 -.3999592E-07
   908.0 -.5673449E-07
   909.0 -.7312840E-07
   910.0 -.8885510E-07
   911.0 -.1035930E-06
   912.0 -.1170280E-06
   913.0 -.1288597E-06
   914.0 -.1388074E-06
   915.0 -.1466159E-06
   916.0 -.1520608E-06
   917.0 -.1549547E-06
   918.0 -.1551506E-06
   919.0 -.1525472E-06
   920.0 -.1470910E-06
   921.0 -.1387795E-06
   922.0 -.1276627E-06
   923.0 -.1138440E-06
   924.0 -.9747981E-07
   925.0 -.7877798E-07
   926.0 -.5799648E-07
   927.0 -.3543934E-07
   928.0 -.1145324E-07
   929.0 0.1357804E-07
   930.0 0.3923898E-07
   931.0 0.6508898E-07
   932.0 0.9066967E-07
   933.0 0.1155122E-06
   934.0 0.1391459E-06
   935.0 0.1611059E-06
   936.0 0.1809420E-06
   937.0 0.1982269E-06
   938.0 0.2125645E-06
   939.0 0.2235980E-06
   940.0 0.2310164E-06
   941.0 0.2345620E-06
   942.0 0.2340364E-06
   943.0 0.2293051E-06
   944.0 0.2203024E-06
   945.0 0.2070330E-06
   946.0 0.1895760E-06
   947.0 0.1680828E-06
   948.0 0.1427787E-06
   949.0 0.1139604E-06
   950.0 0.8199210E-07
   951.0 0.4730196E-07
   952.0 0.1037588E-07
   953.0 -.2824879E-07
   954.0 -.6799124E-07
   955.0 -.1082356E-06
   956.0 -.1483410E-06
   957.0 -.1876501E-06
   958.0 -.2255015E-06
   959.0 -.2612396E-06
   960.0 -.2942240E-06
   961.0 -.3238441E-06
   962.0 -.3495257E-06
   963.0 -.3707440E-06
   964.0 -.3870305E-06
   965.0 -.3979843E-06
   966.0 -.4032794E-06
   967.0 -.4026688E-06
   968.0 -.3959931E-06
   969.0 -.3831844E-06
   970.0 -.3642662E-06
   971.0 -.3393576E-06
   972.0 -.3086727E-06
   973.0 -.2725175E-06
   974.0 -.2312868E-06
   975.0 -.1854603E-06
   976.0 -.1355965E-06
   977.0 -.8232314E-07
   978.0 -.2633127E-07
   979.0 0.3163711E-07
   980.0 0.9079827E-07
   981.0 0.1503393E-06
   982.0 0.2094292E-06
   983.0 0.2672337E-06
   984.0 0.3229244E-06
   985.0 0.3756948E-06
   986.0 0.4247722E-06
   987.0 0.4694287E-06
   988.0 0.5089910E-06
   989.0 0.5428594E-06
   990.0 0.5705031E-06
   991.0 0.5914832E-06
   992.0 0.6054511E-06
   993.0 0.6121581E-06
   994.0 0.6114561E-06
   995.0 0.6033045E-06
   996.0 0.5877673E-06
   997.0 0.5650173E-06
   998.0 0.5353273E-06
   999.0 0.4990728E-06
  1000.0 0.4567205E-06
  1001.0 0.4088265E-06
  1002.0 0.3560247E-06
  1003.0 0.2990175E-06
  1004.0 0.2385678E-06
  1005.0 0.1754838E-06
  1006.0 0.1106088E-06
  1007.0 0.4480890E-07
  1008.0 -.2104123E-07
  1009.0 -.8607083E-07
  1010.0 -.1494267E-06
  1011.0 -.2102849E-06
  1012.0 -.2678638E-06
  1013.0 -.3214353E-06
  1014.0 -.3703352E-06
  1015.0 -.4139717E-06
  1016.0 -.4518365E-06
  1017.0 -.4835093E-06
  1018.0 -.5086616E-06
  1019.0 -.5270672E-06
  1020.0 -.5385951E-06
  1021.0 -.5432191E-06
  1022.0 -.5410124E-06
  1023.0 -.5321456E-06
  1024.0 -.5168830E-06
  1025.0 -.4955770E-06
  1026.0 -.4686629E-06
  1027.0 -.4366497E-06
  1028.0 -.4001112E-06
  1029.0 -.3596756E-06
  1030.0 -.3160164E-06
  1031.0 -.2698401E-06
  1032.0 -.2218754E-06
  1033.0 -.1728600E-06
  1034.0 -.1235303E-06
  1035.0 -.7461025E-07
  1036.0 -.2679912E-07
  1037.0 0.1923850E-07
  1038.0 0.6288212E-07
  1039.0 0.1035645E-06
  1040.0 0.1407795E-06
  1041.0 0.1740884E-06
  1042.0 0.2031258E-06
  1043.0 0.2276038E-06
  1044.0 0.2473137E-06
  1045.0 0.2621283E-06
  1046.0 0.2720024E-06
  1047.0 0.2769712E-06
  1048.0 0.2771463E-06
  1049.0 0.2727134E-06
  1050.0 0.2639274E-06
  1051.0 0.2511060E-06
  1052.0 0.2346221E-06
  1053.0 0.2148963E-06
  1054.0 0.1923897E-06
  1055.0 0.1675943E-06
  1056.0 0.1410240E-06
  1057.0 0.1132050E-06
  1058.0 0.8466679E-07
  1059.0 0.5593370E-07
  1060.0 0.2751512E-07
  1061.0 -.1020471E-09
  1062.0 -.2646150E-07
  1063.0 -.5114399E-07
  1064.0 -.7377409E-07
  1065.0 -.9402459E-07
  1066.0 -.1116215E-06
  1067.0 -.1263465E-06
  1068.0 -.1380400E-06
  1069.0 -.1466013E-06
  1070.0 -.1519889E-06
  1071.0 -.1542190E-06
  1072.0 -.1533644E-06
  1073.0 -.1495508E-06
  1074.0 -.1429528E-06
  1075.0 -.1337897E-06
  1076.0 -.1223200E-06
  1077.0 -.1088355E-06
  1078.0 -.9365468E-07
  1079.0 -.7711738E-07
  1080.0 -.5957617E-07
  1081.0 -.4139108E-07
  1082.0 -.2292184E-07
  1083.0 -.4521919E-08
  1084.0 0.1346799E-07
  1085.0 0.3072591E-07
  1086.0 0.4695371E-07
  1087.0 0.6188183E-07
  1088.0 0.7527382E-07
  1089.0 0.8692911E-07
  1090.0 0.9668562E-07
  1091.0 0.1044222E-06
  1092.0 0.1100590E-06
  1093.0 0.1135579E-06
  1094.0 0.1149219E-06
  1095.0 0.1141940E-06
  1096.0 0.1114546E-06
  1097.0 0.1068194E-06
  1098.0 0.1004360E-06
  1099.0 0.9248004E-07
  1100.0 0.8315087E-07
  1101.0 0.7266769E-07
  1102.0 0.6126390E-07
  1103.0 0.4918301E-07
  1104.0 0.3667333E-07
  1105.0 0.2398343E-07
  1106.0 0.1135711E-07
  1107.0 -.9709644E-09
  1108.0 -.1277928E-07
  1109.0 -.2386349E-07
  1110.0 -.3403952E-07
  1111.0 -.4314665E-07
  1112.0 -.5104976E-07
  1113.0 -.5764098E-07
  1114.0 -.6284109E-07
  1115.0 -.6659985E-07
  1116.0 -.6889623E-07
  1117.0 -.6973813E-07
  1118.0 -.6916071E-07
  1119.0 -.6722497E-07
  1120.0 -.6401626E-07
  1121.0 -.5964113E-07
  1122.0 -.5422540E-07
  1123.0 -.4791017E-07
  1124.0 -.4084928E-07
  1125.0 -.3320559E-07
  1126.0 -.2514764E-07
  1127.0 -.1684629E-07
  1128.0 -.8471042E-08
  1129.0 -.1870964E-09
  1130.0 0.7847982E-08
  1131.0 0.1548692E-07
  1132.0 0.2259523E-07
  1133.0 0.2905357E-07
  1134.0 0.3475945E-07
  1135.0 0.3962872E-07
  1136.0 0.4359647E-07
  1137.0 0.4661785E-07
  1138.0 0.4866810E-07
  1139.0 0.4974230E-07
  1140.0 0.4985502E-07
  1141.0 0.4903919E-07
  1142.0 0.4734473E-07
  1143.0 0.4483705E-07
  1144.0 0.4159532E-07
  1145.0 0.3771007E-07
  1146.0 0.3328143E-07
  1147.0 0.2841659E-07
  1148.0 0.2322709E-07
  1149.0 0.1782706E-07
  1150.0 0.1233028E-07
  1151.0 0.6848273E-08
  1152.0 0.1487957E-08
  1153.0 -.3650254E-08
  1154.0 -.8474307E-08
  1155.0 -.1290193E-07
  1156.0 -.1686209E-07
  1157.0 -.2029589E-07
  1158.0 -.2315740E-07
  1159.0 -.2541393E-07
  1160.0 -.2704646E-07
  1161.0 -.2804928E-07
  1162.0 -.2842973E-07
  1163.0 -.2820745E-07
  1164.0 -.2741353E-07
  1165.0 -.2608952E-07
  1166.0 -.2428600E-07
  1167.0 -.2206137E-07
  1168.0 -.1948010E-07
  1169.0 -.1661133E-07
  1170.0 -.1352726E-07
  1171.0 -.1030128E-07
  1172.0 -.7006733E-08
  1173.0 -.3715086E-08
  1174.0 -.4946300E-09
  1175.0 0.2590825E-08
  1176.0 0.5483173E-08
  1177.0 0.8130966E-08
  1178.0 0.1049028E-07
  1179.0 0.1252529E-07
  1180.0 0.1420875E-07
  1181.0 0.1552220E-07
  1182.0 0.1645601E-07
  1183.0 0.1700919E-07
  1184.0 0.1718914E-07
  1185.0 0.1701095E-07
  1186.0 0.1649695E-07
  1187.0 0.1567580E-07
  1188.0 0.1458162E-07
  1189.0 0.1325303E-07
  1190.0 0.1173201E-07
  1191.0 0.1006289E-07
  1192.0 0.8291314E-08
  1193.0 0.6463011E-08
  1194.0 0.4622884E-08
  1195.0 0.2813943E-08
  1196.0 0.1076447E-08
  1197.0 -.5529077E-09
  1198.0 -.2041691E-08
  1199.0 -.3362333E-08
  1200.0 -.4492509E-08
  1201.0 -.5415511E-08
  1202.0 -.6120356E-08
  1203.0 -.6601828E-08
  1204.0 -.6860417E-08
  1205.0 -.6902010E-08
  1206.0 -.6737554E-08
  1207.0 -.6382662E-08
  1208.0 -.5856992E-08
  1209.0 -.5183634E-08
  1210.0 -.4388464E-08
  1211.0 -.3499360E-08
  1212.0 -.2545494E-08
  1213.0 -.1556577E-08
  1214.0 -.5620835E-09
  1215.0 0.4094433E-09
  1216.0 0.1331040E-08
  1217.0 0.2177963E-08
  1218.0 0.2928207E-08
  1219.0 0.3562974E-08
  1220.0 0.4067032E-08
  1221.0 0.4428961E-08
  1222.0 0.4641399E-08
  1223.0 0.4700980E-08
  1224.0 0.4608440E-08
  1225.0 0.4368423E-08
  1226.0 0.3989248E-08
  1227.0 0.3482620E-08
  1228.0 0.2863326E-08
  1229.0 0.2148680E-08
  1230.0 0.1358122E-08
  1231.0 0.5126636E-09
  1232.0 -.3656631E-09
  1233.0 -.1254380E-08
  1234.0 -.2131057E-08
  1235.0 -.2973976E-08
  1236.0 -.3762529E-08
  1237.0 -.4477743E-08
  1238.0 -.5102721E-08
  1239.0 -.5622999E-08
  1240.0 -.6026831E-08
  1241.0 -.6305453E-08
  1242.0 -.6453189E-08
  1243.0 -.6467608E-08
  1244.0 -.6349423E-08
  1245.0 -.6102527E-08
  1246.0 -.5733763E-08
  1247.0 -.5252757E-08
  1248.0 -.4671604E-08
  1249.0 -.4004600E-08
  1250.0 -.3267807E-08
  1251.0 -.2478681E-08
  1252.0 -.1655640E-08
  1253.0 -.8176256E-09
  1254.0 0.1638841E-10
  1255.0 0.8277762E-09
  1256.0 0.1598722E-08
  1257.0 0.2312631E-08
  1258.0 0.2954430E-08
  1259.0 0.3510953E-08
  1260.0 0.3971182E-08
  1261.0 0.4326449E-08
  1262.0 0.4570633E-08
  1263.0 0.4700194E-08
  1264.0 0.4714275E-08
  1265.0 0.4614622E-08
  1266.0 0.4405526E-08
  1267.0 0.4093655E-08
  1268.0 0.3687878E-08
  1269.0 0.3199018E-08
  1270.0 0.2639550E-08
  1271.0 0.2023318E-08
  1272.0 0.1365187E-08
  1273.0 0.6806478E-09
  1274.0 -.1449101E-10
  1275.0 -.7045060E-09
  1276.0 -.1374094E-08
  1277.0 -.2008723E-08
  1278.0 -.2594935E-08
  1279.0 -.3120647E-08
  1280.0 -.3575379E-08
  1281.0 -.3950469E-08
  1282.0 -.4239225E-08
  1283.0 -.4437060E-08
  1284.0 -.4541512E-08
  1285.0 -.4552315E-08
  1286.0 -.4471299E-08
  1287.0 -.4302353E-08
  1288.0 -.4051270E-08
  1289.0 -.3725567E-08
  1290.0 -.3334336E-08
  1291.0 -.2887941E-08
  1292.0 -.2397785E-08
  1293.0 -.1876046E-08
  1294.0 -.1335348E-08
  1295.0 -.7885024E-09
  1296.0 -.2482004E-09
  1297.0 0.2732782E-09
  1298.0 0.7643188E-09
  1299.0 0.1214231E-08
  1300.0 0.1613480E-08
  1301.0 0.1953845E-08
  1302.0 0.2228618E-08
  1303.0 0.2432687E-08
  1304.0 0.2562662E-08
  1305.0 0.2616869E-08
  1306.0 0.2595379E-08
  1307.0 0.2499965E-08
  1308.0 0.2334036E-08
  1309.0 0.2102508E-08
  1310.0 0.1811679E-08
  1311.0 0.1469055E-08
  1312.0 0.1083155E-08
  1313.0 0.6632980E-09
  1314.0 0.2193892E-09
  1315.0 -.2383200E-09
  1316.0 -.6994704E-09
  1317.0 -.1153821E-08
  1318.0 -.1591474E-08
  1319.0 -.2003083E-08
  1320.0 -.2380066E-08
  1321.0 -.2714737E-08
  1322.0 -.3000500E-08
  1323.0 -.3231955E-08
  1324.0 -.3404972E-08
  1325.0 -.3516772E-08
  1326.0 -.3565948E-08
  1327.0 -.3552469E-08
  1328.0 -.3477641E-08
  1329.0 -.3344053E-08
  1330.0 -.3155503E-08
  1331.0 -.2916840E-08
  1332.0 -.2633887E-08
  1333.0 -.2313262E-08
  1334.0 -.1962215E-08
  1335.0 -.1588472E-08
  1336.0 -.1200032E-08
  1337.0 -.8050088E-09
  1338.0 -.4114410E-09
  1339.0 -.2713044E-10
  1340.0 0.3405222E-09
  1341.0 0.6846692E-09
  1342.0 0.9991259E-09
  1343.0 0.1278515E-08
  1344.0 0.1518326E-08
  1345.0 0.1714995E-08
  1346.0 0.1865959E-08
  1347.0 0.1969668E-08
  1348.0 0.2025581E-08
  1349.0 0.2034163E-08
  1350.0 0.1996807E-08
  1351.0 0.1915810E-08
  1352.0 0.1794273E-08
  1353.0 0.1636000E-08
  1354.0 0.1445405E-08
  1355.0 0.1227390E-08
  1356.0 0.9872323E-09
  1357.0 0.7304368E-09
  1358.0 0.4626395E-09
  1359.0 0.1894683E-09
  1360.0 -.8357947E-10
  1361.0 -.3512272E-09
  1362.0 -.6085326E-09
  1363.0 -.8509728E-09
  1364.0 -.1074514E-08
  1365.0 -.1275669E-08
  1366.0 -.1451560E-08
  1367.0 -.1599919E-08
  1368.0 -.1719118E-08
  1369.0 -.1808167E-08
  1370.0 -.1866690E-08
  1371.0 -.1894900E-08
  1372.0 -.1893557E-08
  1373.0 -.1863920E-08
  1374.0 -.1807687E-08
  1375.0 -.1726921E-08
  1376.0 -.1623985E-08
  1377.0 -.1501474E-08
  1378.0 -.1362144E-08
  1379.0 -.1208823E-08
  1380.0 -.1044369E-08
  1381.0 -.8715891E-09
  1382.0 -.6931908E-09
  1383.0 -.5117294E-09
  1384.0 -.3295806E-09
  1385.0 -.1488857E-09
  1386.0 0.2843837E-10
  1387.0 0.2007401E-09
  1388.0 0.3666172E-09
  1389.0 0.5249260E-09
  1390.0 0.6747500E-09
  1391.0 0.8153936E-09
  1392.0 0.9463565E-09
  1393.0 0.1067290E-08
  1394.0 0.1177979E-08
  1395.0 0.1278298E-08
  1396.0 0.1368183E-08
  1397.0 0.1447592E-08
  1398.0 0.1516470E-08
  1399.0 0.1574739E-08
  1400.0 0.1622256E-08
  1401.0 0.1658812E-08
  1402.0 0.1684107E-08
  1403.0 0.1697763E-08
  1404.0 0.1699320E-08
  1405.0 0.1688243E-08
  1406.0 0.1663950E-08
  1407.0 0.1625827E-08
  1408.0 0.1573262E-08
  1409.0 0.1505676E-08
  1410.0 0.1422563E-08
  1411.0 0.1323535E-08
  1412.0 0.1208356E-08
  1413.0 0.1076970E-08
  1414.0 0.9295682E-09
  1415.0 0.7665989E-09
  1416.0 0.5888058E-09
  1417.0 0.3972522E-09
  1418.0 0.1933384E-09
  1419.0 -.2119596E-10
  1420.0 -.2442606E-09
  1421.0 -.4734397E-09
  1422.0 -.7059999E-09
  1423.0 -.9389184E-09
  1424.0 -.1168930E-08
  1425.0 -.1392568E-08
  1426.0 -.1606224E-08
  1427.0 -.1806206E-08
  1428.0 -.1988805E-08
  1429.0 -.2150376E-08
  1430.0 -.2287402E-08
  1431.0 -.2396594E-08
  1432.0 -.2474934E-08
  1433.0 -.2519769E-08
  1434.0 -.2528893E-08
  1435.0 -.2500576E-08
  1436.0 -.2433654E-08
  1437.0 -.2327561E-08
  1438.0 -.2182358E-08
  1439.0 -.1998783E-08
  1440.0 -.1778232E-08
  1441.0 -.1522782E-08
  1442.0 -.1235165E-08
  1443.0 -.9187435E-09
  1444.0 -.5774706E-09
  1445.0 -.2158319E-09
  1446.0 0.1612244E-09
  1447.0 0.5483566E-09
  1448.0 0.9399193E-09
  1449.0 0.1330060E-08
  1450.0 0.1712824E-08
  1451.0 0.2082247E-08
  1452.0 0.2432478E-08
  1453.0 0.2757880E-08
  1454.0 0.3053124E-08
  1455.0 0.3313310E-08
  1456.0 0.3534048E-08
  1457.0 0.3711542E-08
  1458.0 0.3842673E-08
  1459.0 0.3925057E-08
  1460.0 0.3957096E-08
  1461.0 0.3938013E-08
  1462.0 0.3867889E-08
  1463.0 0.3747611E-08
  1464.0 0.3578943E-08
  1465.0 0.3364439E-08
  1466.0 0.3107412E-08
  1467.0 0.2811899E-08
  1468.0 0.2482558E-08
  1469.0 0.2124611E-08
  1470.0 0.1743741E-08
  1471.0 0.1345988E-08
  1472.0 0.9376411E-09
  1473.0 0.5251362E-09
  1474.0 0.1149253E-09
  1475.0 -.2866274E-09
  1476.0 -.6733642E-09
  1477.0 -.1039436E-08
  1478.0 -.1379419E-08
  1479.0 -.1688383E-08
  1480.0 -.1961995E-08
  1481.0 -.2196584E-08
  1482.0 -.2389200E-08
  1483.0 -.2537652E-08
  1484.0 -.2640539E-08
  1485.0 -.2697279E-08
  1486.0 -.2708078E-08
  1487.0 -.2673932E-08
  1488.0 -.2596600E-08
  1489.0 -.2478536E-08
  1490.0 -.2322859E-08
  1491.0 -.2133256E-08
  1492.0 -.1913920E-08
  1493.0 -.1669460E-08
  1494.0 -.1404797E-08
  1495.0 -.1125078E-08
  1496.0 -.8355680E-09
  1497.0 -.5415485E-09
  1498.0 -.2482232E-09
  1499.0 0.3937798E-10
  1500.0 0.3164943E-09
  1501.0 0.5787080E-09
  1502.0 0.8220236E-09
  1503.0 0.1042927E-08
  1504.0 0.1238446E-08
  1505.0 0.1406175E-08
  1506.0 0.1544318E-08
  1507.0 0.1651698E-08
  1508.0 0.1727756E-08
  1509.0 0.1772537E-08
  1510.0 0.1786686E-08
  1511.0 0.1771395E-08
  1512.0 0.1728361E-08
  1513.0 0.1659746E-08
  1514.0 0.1568104E-08
  1515.0 0.1456323E-08
  1516.0 0.1327546E-08
  1517.0 0.1185102E-08
  1518.0 0.1032432E-08
  1519.0 0.8730064E-09
  1520.0 0.7102597E-09
  1521.0 0.5475168E-09
  1522.0 0.3879287E-09
  1523.0 0.2344180E-09
  1524.0 0.8962112E-10
  1525.0 -.4415682E-10
  1526.0 -.1649643E-09
  1527.0 -.2712433E-09
  1528.0 -.3618343E-09
  1529.0 -.4359902E-09
  1530.0 -.4933716E-09
  1531.0 -.5340289E-09
  1532.0 -.5583906E-09
  1533.0 -.5672283E-09
  1534.0 -.5616306E-09
  1535.0 -.5429492E-09
  1536.0 -.5127702E-09
  1537.0 -.4728499E-09
  1538.0 -.4250770E-09
  1539.0 -.3714131E-09
  1540.0 -.3138448E-09
  1541.0 -.2543332E-09
  1542.0 -.1947666E-09
  1543.0 -.1369215E-09
  1544.0 -.8241652E-10
  1545.0 -.3268610E-10
  1546.0 0.1105369E-10
  1547.0 0.4781952E-10
  1548.0 0.7687767E-10
  1549.0 0.9775305E-10
  1550.0 0.1102269E-09
  1551.0 0.1143332E-09
  1552.0 0.1103464E-09
  1553.0 0.9875871E-10
  1554.0 0.8026568E-10
  1555.0 0.5573423E-10
  1556.0 0.2616863E-10
  1557.0 -.7315507E-11
  1558.0 -.4353139E-10
  1559.0 -.8125439E-10
  1560.0 -.1192600E-09
  1561.0 -.1563529E-09
  1562.0 -.1914044E-09
  1563.0 -.2233803E-09
  1564.0 -.2513670E-09
  1565.0 -.2745938E-09
  1566.0 -.2924492E-09
  1567.0 -.3044942E-09
  1568.0 -.3104711E-09
  1569.0 -.3103054E-09
  1570.0 -.3041034E-09
  1571.0 -.2921423E-09
  1572.0 -.2748645E-09
  1573.0 -.2528543E-09
  1574.0 -.2268211E-09
  1575.0 -.1975797E-09
  1576.0 -.1660209E-09
  1577.0 -.1330851E-09
  1578.0 -.9973866E-10
  1579.0 -.6694208E-10
  1580.0 -.3562442E-10
  1581.0 -.6657614E-11
  1582.0 0.1916636E-10
  1583.0 0.4115877E-10
  1584.0 0.5874996E-10
  1585.0 0.7150487E-10
  1586.0 0.7913294E-10
  1587.0 0.8149489E-10
  1588.0 0.7860446E-10
  1589.0 0.7062678E-10
  1590.0 0.5787134E-10
  1591.0 0.4078213E-10
  1592.0 0.1992324E-10
  1593.0 -.4037287E-11
  1594.0 -.3034763E-10
  1595.0 -.5819544E-10
  1596.0 -.8672815E-10
  1597.0 -.1150816E-09
  1598.0 -.1423999E-09
  1599.0 -.1678663E-09
  1600.0 -.1907170E-09
  1601.0 -.2102731E-09
  1602.0 -.2259525E-09
  1603.0 -.2372879E-09
  1604.0 -.2439440E-09
  1605.0 -.2457219E-09
  1606.0 -.2425691E-09
  1607.0 -.2345813E-09
  1608.0 -.2219971E-09
  1609.0 -.2051979E-09
  1610.0 -.1846945E-09
  1611.0 -.1611141E-09
  1612.0 -.1351871E-09
  1613.0 -.1077248E-09
  1614.0 -.7960074E-10
  1615.0 -.5172597E-10
  1616.0 -.2502507E-10
  1617.0 -.4130602E-12
  1618.0 0.2123158E-10
  1619.0 0.3908871E-10
  1620.0 0.5241945E-10
  1621.0 0.6058933E-10
  1622.0 0.6308235E-10
  1623.0 0.5952087E-10
  1624.0 0.4967329E-10
  1625.0 0.3346662E-10
  1626.0 0.1098819E-10
  1627.0 -.1751152E-10
  1628.0 -.5162289E-10
  1629.0 -.9078566E-10
  1630.0 -.1342969E-09
  1631.0 -.1813284E-09
  1632.0 -.2309417E-09
  1633.0 -.2821107E-09
  1634.0 -.3337423E-09
  1635.0 -.3847024E-09
  1636.0 -.4338425E-09
  1637.0 -.4800208E-09
  1638.0 -.5221366E-09
  1639.0 -.5591475E-09
  1640.0 -.5900998E-09
  1641.0 -.6141486E-09
  1642.0 -.6305764E-09
  1643.0 -.6388155E-09
  1644.0 -.6384550E-09
  1645.0 -.6292605E-09
  1646.0 -.6111712E-09
  1647.0 -.5843099E-09
  1648.0 -.5489786E-09
  1649.0 -.5056560E-09
  1650.0 -.4549852E-09
  1651.0 -.3977637E-09
  1652.0 -.3349262E-09
  1653.0 -.2675269E-09
  1654.0 -.1967142E-09
  1655.0 -.1237129E-09
  1656.0 -.4979387E-10
  1657.0 0.2375000E-10
  1658.0 0.9563078E-10
  1659.0 0.1645921E-09
  1660.0 0.2294346E-09
  1661.0 0.2890417E-09
  1662.0 0.3423986E-09
  1663.0 0.3886192E-09
  1664.0 0.4269557E-09
  1665.0 0.4568176E-09
  1666.0 0.4777837E-09
  1667.0 0.4896064E-09
  1668.0 0.4922145E-09
  1669.0 0.4857191E-09
  1670.0 0.4704026E-09
  1671.0 0.4467149E-09
  1672.0 0.4152621E-09
  1673.0 0.3767925E-09
  1674.0 0.3321771E-09
  1675.0 0.2823957E-09
  1676.0 0.2285099E-09
  1677.0 0.1716443E-09
  1678.0 0.1129597E-09
  1679.0 0.5363370E-10
  1680.0 -.5169396E-11
  1681.0 -.6231592E-10
  1682.0 -.1167306E-09
  1683.0 -.1674126E-09
  1684.0 -.2134574E-09
  1685.0 -.2540709E-09
  1686.0 -.2885846E-09
  1687.0 -.3164668E-09
  1688.0 -.3373295E-09
  1689.0 -.3509304E-09
  1690.0 -.3571803E-09
  1691.0 -.3561350E-09
  1692.0 -.3479945E-09
  1693.0 -.3330916E-09
  1694.0 -.3118858E-09
  1695.0 -.2849466E-09
  1696.0 -.2529416E-09
  1697.0 -.2166171E-09
  1698.0 -.1767828E-09
  1699.0 -.1342924E-09
  1700.0 -.9002435E-10
  1701.0 -.4486327E-10
  1702.0 0.3185908E-12
  1703.0 0.4467854E-10
  1704.0 0.8742006E-10
  1705.0 0.1278073E-09
  1706.0 0.1651788E-09
  1707.0 0.1989588E-09
  1708.0 0.2286646E-09
  1709.0 0.2539122E-09
  1710.0 0.2744250E-09
  1711.0 0.2900272E-09
  1712.0 0.3006523E-09
  1713.0 0.3063316E-09
  1714.0 0.3071955E-09
  1715.0 0.3034619E-09
  1716.0 0.2954283E-09
  1717.0 0.2834649E-09
  1718.0 0.2679979E-09
  1719.0 0.2495017E-09
  1720.0 0.2284839E-09
  1721.0 0.2054730E-09
  1722.0 0.1810059E-09
  1723.0 0.1556167E-09
  1724.0 0.1298237E-09
  1725.0 0.1041191E-09
  1726.0 0.7896055E-10
  1727.0 0.5476179E-10
  1728.0 0.3188821E-10
  1729.0 0.1065025E-10
  1730.0 -.8699139E-11
  1731.0 -.2596668E-10
  1732.0 -.4101738E-10
  1733.0 -.5377491E-10
  1734.0 -.6421709E-10
  1735.0 -.7237221E-10
  1736.0 -.7831444E-10
  1737.0 -.8215643E-10
  1738.0 -.8404332E-10
  1739.0 -.8414591E-10
  1740.0 -.8265139E-10
  1741.0 -.7975860E-10
  1742.0 -.7566869E-10
  1743.0 -.7057825E-10
  1744.0 -.6467567E-10
  1745.0 -.5813321E-10
  1746.0 -.5110387E-10
  1747.0 -.4371786E-10
  1748.0 -.3607968E-10
  1749.0 -.2826838E-10
  1750.0 -.2033621E-10
  1751.0 -.1231013E-10
  1752.0 -.4193613E-11
  1753.0 0.4029394E-11
  1754.0 0.1239251E-10
  1755.0 0.2094063E-10
  1756.0 0.2972639E-10
  1757.0 0.3880454E-10
  1758.0 0.4822613E-10
  1759.0 0.5803496E-10
  1760.0 0.6826115E-10
  1761.0 0.7891645E-10
  1762.0 0.8999249E-10
  1763.0 0.1014552E-09
  1764.0 0.1132438E-09
  1765.0 0.1252703E-09
  1766.0 0.1374168E-09
  1767.0 0.1495385E-09
  1768.0 0.1614649E-09
  1769.0 0.1730026E-09
  1770.0 0.1839387E-09
  1771.0 0.1940457E-09
  1772.0 0.2030878E-09
  1773.0 0.2108259E-09
  1774.0 0.2170238E-09
  1775.0 0.2214569E-09
  1776.0 0.2239170E-09
  1777.0 0.2242192E-09
  1778.0 0.2222102E-09
  1779.0 0.2177719E-09
  1780.0 0.2108267E-09
  1781.0 0.2013448E-09
  1782.0 0.1893441E-09
  1783.0 0.1748932E-09
  1784.0 0.1581145E-09
  1785.0 0.1391812E-09
  1786.0 0.1183174E-09
  1787.0 0.9579453E-10
  1788.0 0.7192794E-10
  1789.0 0.4707016E-10
  1790.0 0.2160637E-10
  1791.0 -.4054391E-11
  1792.0 -.2948720E-10
  1793.0 -.5425940E-10
  1794.0 -.7794040E-10
  1795.0 -.1001111E-09
  1796.0 -.1203725E-09
  1797.0 -.1383558E-09
  1798.0 -.1537304E-09
  1799.0 -.1662122E-09
  1800.0 -.1755700E-09
  1801.0 -.1816330E-09
  1802.0 -.1842928E-09
  1803.0 -.1835098E-09
  1804.0 -.1793135E-09
  1805.0 -.1718019E-09
  1806.0 -.1611421E-09
  1807.0 -.1475667E-09
  1808.0 -.1313695E-09
  1809.0 -.1128991E-09
  1810.0 -.9255311E-10
  1811.0 -.7076944E-10
  1812.0 -.4801540E-10
  1813.0 -.2478008E-10
  1814.0 -.1562771E-11
  1815.0 0.2113856E-10
  1816.0 0.4283759E-10
  1817.0 0.6307049E-10
  1818.0 0.8140687E-10
  1819.0 0.9745840E-10
  1820.0 0.1108894E-09
  1821.0 0.1214232E-09
  1822.0 0.1288476E-09
  1823.0 0.1330235E-09
  1824.0 0.1338838E-09
  1825.0 0.1314375E-09
  1826.0 0.1257700E-09
  1827.0 0.1170403E-09
  1828.0 0.1054775E-09
  1829.0 0.9137704E-10
  1830.0 0.7509177E-10
  1831.0 0.5702662E-10
  1832.0 0.3762654E-10
  1833.0 0.1736935E-10
  1834.0 -.3248156E-11
  1835.0 -.2371960E-10
  1836.0 -.4354182E-10
  1837.0 -.6222674E-10
  1838.0 -.7931229E-10
  1839.0 -.9437352E-10
  1840.0 -.1070334E-09
  1841.0 -.1169709E-09
  1842.0 -.1239298E-09
  1843.0 -.1277250E-09
  1844.0 -.1282463E-09
  1845.0 -.1254637E-09
  1846.0 -.1194258E-09
  1847.0 -.1102623E-09
  1848.0 -.9818018E-10
  1849.0 -.8345946E-10
  1850.0 -.6644751E-10
  1851.0 -.4755288E-10
  1852.0 -.2723443E-10
  1853.0 -.5993447E-11
  1854.0 0.1563999E-10
  1855.0 0.3711582E-10
  1856.0 0.5787958E-10
  1857.0 0.7738245E-10
  1858.0 0.9509517E-10
  1859.0 0.1105197E-09
  1860.0 0.1232016E-09
  1861.0 0.1327405E-09
  1862.0 0.1387991E-09
  1863.0 0.1411128E-09
  1864.0 0.1394967E-09
  1865.0 0.1338493E-09
  1866.0 0.1241573E-09
  1867.0 0.1104967E-09
  1868.0 0.9303279E-10
  1869.0 0.7201706E-10
  1870.0 0.4778481E-10
  1871.0 0.2074667E-10
  1872.0 -.8616542E-11
  1873.0 -.3976498E-10
  1874.0 -.7210865E-10
  1875.0 -.1050204E-09
  1876.0 -.1378475E-09
  1877.0 -.1699251E-09
  1878.0 -.2005900E-09
  1879.0 -.2291936E-09
  1880.0 -.2551162E-09
  1881.0 -.2777782E-09
  1882.0 -.2966541E-09
  1883.0 -.3112836E-09
  1884.0 -.3212774E-09
  1885.0 -.3263327E-09
  1886.0 -.3262334E-09
  1887.0 -.3208592E-09
  1888.0 -.3101863E-09
  1889.0 -.2942908E-09
  1890.0 -.2733470E-09
  1891.0 -.2476238E-09
  1892.0 -.2174822E-09
  1893.0 -.1833670E-09
  1894.0 -.1458016E-09
  1895.0 -.1053756E-09
  1896.0 -.6273537E-10
  1897.0 -.1857318E-10
  1898.0 0.2638697E-10
  1899.0 0.7140137E-10
  1900.0 0.1157212E-09
  1901.0 0.1586053E-09
  1902.0 0.1993343E-09
  1903.0 0.2372228E-09
  1904.0 0.2716324E-09
  1905.0 0.3019829E-09
  1906.0 0.3277625E-09
  1907.0 0.3485364E-09
  1908.0 0.3639544E-09
  1909.0 0.3737564E-09
  1910.0 0.3777774E-09
  1911.0 0.3759488E-09
  1912.0 0.3682999E-09
  1913.0 0.3549557E-09
  1914.0 0.3361348E-09
  1915.0 0.3121437E-09
  1916.0 0.2833726E-09
  1917.0 0.2502863E-09
  1918.0 0.2134144E-09
  1919.0 0.1733456E-09
  1920.0 0.1307130E-09
  1921.0 0.8618369E-10
  1922.0 0.4044846E-10
  1923.0 -.5791167E-11
  1924.0 -.5183517E-10
  1925.0 -.9699585E-10
  1926.0 -.1406096E-09
  1927.0 -.1820471E-09
  1928.0 -.2207239E-09
  1929.0 -.2561072E-09
  1930.0 -.2877263E-09
  1931.0 -.3151761E-09
  1932.0 -.3381250E-09
  1933.0 -.3563165E-09
  1934.0 -.3695718E-09
  1935.0 -.3777918E-09
  1936.0 -.3809561E-09
  1937.0 -.3791203E-09
  1938.0 -.3724161E-09
  1939.0 -.3610400E-09
  1940.0 -.3452580E-09
  1941.0 -.3253899E-09
  1942.0 -.3018094E-09
  1943.0 -.2749322E-09
  1944.0 -.2452092E-09
  1945.0 -.2131179E-09
  1946.0 -.1791547E-09
  1947.0 -.1438257E-09
  1948.0 -.1076368E-09
  1949.0 -.7108861E-10
  1950.0 -.3466647E-10
  1951.0 0.1166439E-11
  1952.0 0.3597398E-10
  1953.0 0.6935480E-10
  1954.0 0.1009461E-09
  1955.0 0.1304273E-09
  1956.0 0.1575243E-09
  1957.0 0.1820102E-09
  1958.0 0.2037079E-09
  1959.0 0.2224902E-09
  1960.0 0.2382775E-09
  1961.0 0.2510385E-09
  1962.0 0.2607881E-09
  1963.0 0.2675820E-09
  1964.0 0.2715177E-09
  1965.0 0.2727264E-09
  1966.0 0.2713690E-09
  1967.0 0.2676349E-09
  1968.0 0.2617337E-09
  1969.0 0.2538923E-09
  1970.0 0.2443476E-09
  1971.0 0.2333441E-09
  1972.0 0.2211283E-09
  1973.0 0.2079425E-09
  1974.0 0.1940234E-09
  1975.0 0.1795962E-09
  1976.0 0.1648724E-09
  1977.0 0.1500464E-09
  1978.0 0.1352937E-09
  1979.0 0.1207680E-09
  1980.0 0.1066011E-09
  1981.0 0.9290192E-10
  1982.0 0.7975614E-10
  1983.0 0.6722593E-10
  1984.0 0.5535327E-10
  1985.0 0.4415745E-10
  1986.0 0.3363993E-10
  1987.0 0.2378445E-10
  1988.0 0.1456210E-10
  1989.0 0.5929793E-11
  1990.0 -.2163624E-11
  1991.0 -.9774887E-11
  1992.0 -.1696501E-10
  1993.0 -.2379479E-10
  1994.0 -.3032290E-10
  1995.0 -.3660217E-10
  1996.0 -.4267848E-10
  1997.0 -.4858738E-10
  1998.0 -.5435272E-10
  1999.0 -.5998502E-10
  2000.0 -.6548034E-10
  2001.0 -.7081927E-10
  2002.0 -.7596694E-10
  2003.0 -.8087311E-10
  2004.0 -.8547270E-10
  2005.0 -.8968680E-10
  2006.0 -.9342444E-10
  2007.0 -.9658387E-10
  2008.0 -.9905590E-10
  2009.0 -.1007256E-09
  2010.0 -.1014757E-09
  2011.0 -.1011900E-09
  2012.0 -.9975585E-10
  2013.0 -.9706914E-10
  2014.0 -.9303622E-10
  2015.0 -.8757892E-10
  2016.0 -.8063679E-10
  2017.0 -.7217114E-10
  2018.0 -.6216752E-10
  2019.0 -.5063858E-10
  2020.0 -.3762602E-10
  2021.0 -.2320310E-10
  2022.0 -.7474694E-11
  2023.0 0.9421477E-11
  2024.0 0.2731481E-10
  2025.0 0.4600329E-10
  2026.0 0.6525407E-10
  2027.0 0.8480629E-10
  2028.0 0.1043740E-09
  2029.0 0.1236491E-09
  2030.0 0.1423066E-09
  2031.0 0.1600091E-09
  2032.0 0.1764122E-09
  2033.0 0.1911698E-09
  2034.0 0.2039419E-09
  2035.0 0.2144004E-09
  2036.0 0.2222355E-09
  2037.0 0.2271633E-09
  2038.0 0.2289317E-09
  2039.0 0.2273283E-09
  2040.0 0.2221845E-09
  2041.0 0.2133836E-09
  2042.0 0.2008635E-09
  2043.0 0.1846223E-09
  2044.0 0.1647215E-09
  2045.0 0.1412878E-09
  2046.0 0.1145143E-09
  2047.0 0.8466108E-10
  2048.0 0.5205355E-10
  2049.0 0.1707948E-10
  2050.0 -.1981380E-10
  2051.0 -.5812568E-10
  2052.0 -.9730817E-10
  2053.0 -.1367736E-09
  2054.0 -.1759035E-09
  2055.0 -.2140580E-09
  2056.0 -.2505875E-09
  2057.0 -.2848419E-09
  2058.0 -.3161854E-09
  2059.0 -.3440051E-09
  2060.0 -.3677267E-09
  2061.0 -.3868240E-09
  2062.0 -.4008310E-09
  2063.0 -.4093548E-09
  2064.0 -.4120827E-09
  2065.0 -.4087940E-09
  2066.0 -.3993661E-09
  2067.0 -.3837813E-09
  2068.0 -.3621309E-09
  2069.0 -.3346178E-09
  2070.0 -.3015584E-09
  2071.0 -.2633788E-09
  2072.0 -.2206125E-09
  2073.0 -.1738960E-09
  2074.0 -.1239577E-09
  2075.0 -.7161026E-10
  2076.0 -.1773827E-10
  2077.0 0.3671641E-10
  2078.0 0.9076911E-10
  2079.0 0.1434088E-09
  2080.0 0.1936176E-09
  2081.0 0.2403877E-09
  2082.0 0.2827404E-09
  2083.0 0.3197475E-09
  2084.0 0.3505479E-09
  2085.0 0.3743673E-09
  2086.0 0.3905348E-09
  2087.0 0.3985005E-09
  2088.0 0.3978479E-09
  2089.0 0.3883085E-09
  2090.0 0.3697693E-09
  2091.0 0.3422837E-09
  2092.0 0.3060718E-09
  2093.0 0.2615265E-09
  2094.0 0.2092093E-09
  2095.0 0.1498473E-09
  2096.0 0.8432235E-10
  2097.0 0.1366462E-10
  2098.0 -.6096532E-10
  2099.0 -.1382913E-09
  2100.0 -.2169418E-09
  2101.0 -.2954716E-09
  2102.0 -.3723874E-09
  2103.0 -.4461705E-09
  2104.0 -.5153045E-09
  2105.0 -.5783055E-09
  2106.0 -.6337472E-09
  2107.0 -.6802878E-09
  2108.0 -.7166996E-09
  2109.0 -.7418911E-09
  2110.0 -.7549356E-09
  2111.0 -.7550869E-09
  2112.0 -.7418022E-09
  2113.0 -.7147547E-09
  2114.0 -.6738506E-09
  2115.0 -.6192307E-09
  2116.0 -.5512800E-09
  2117.0 -.4706234E-09
  2118.0 -.3781282E-09
  2119.0 -.2748893E-09
  2120.0 -.1622171E-09
  2121.0 -.4162336E-10
  2122.0 0.8520208E-10
  2123.0 0.2164141E-09
  2124.0 0.3500408E-09
  2125.0 0.4840153E-09
  2126.0 0.6162068E-09
  2127.0 0.7444547E-09
  2128.0 0.8666067E-09
  2129.0 0.9805565E-09
  2130.0 0.1084276E-08
  2131.0 0.1175851E-08
  2132.0 0.1253519E-08
  2133.0 0.1315706E-08
  2134.0 0.1361042E-08
  2135.0 0.1388402E-08
  2136.0 0.1396918E-08
  2137.0 0.1386012E-08
  2138.0 0.1355391E-08
  2139.0 0.1305077E-08
  2140.0 0.1235394E-08
  2141.0 0.1146980E-08
  2142.0 0.1040773E-08
  2143.0 0.9180079E-09
  2144.0 0.7801874E-09
  2145.0 0.6290773E-09
  2146.0 0.4666672E-09
  2147.0 0.2951487E-09
  2148.0 0.1168787E-09
  2149.0 -.6565574E-10
  2150.0 -.2498767E-09
  2151.0 -.4331558E-09
  2152.0 -.6128571E-09
  2153.0 -.7863770E-09
  2154.0 -.9511896E-09
  2155.0 -.1104885E-08
  2156.0 -.1245208E-08
  2157.0 -.1370098E-08
  2158.0 -.1477723E-08
  2159.0 -.1566502E-08
  2160.0 -.1635139E-08
  2161.0 -.1682645E-08
  2162.0 -.1708345E-08
  2163.0 -.1711900E-08
  2164.0 -.1693298E-08
  2165.0 -.1652873E-08
  2166.0 -.1591287E-08
  2167.0 -.1509511E-08
  2168.0 -.1408830E-08
  2169.0 -.1290803E-08
  2170.0 -.1157242E-08
  2171.0 -.1010184E-08
  2172.0 -.8518614E-09
  2173.0 -.6846493E-09
  2174.0 -.5110439E-09
  2175.0 -.3336089E-09
  2176.0 -.1549423E-09
  2177.0 0.2237210E-10
  2178.0 0.1958017E-09
  2179.0 0.3629090E-09
  2180.0 0.5213895E-09
  2181.0 0.6691034E-09
  2182.0 0.8041151E-09
  2183.0 0.9247161E-09
  2184.0 0.1029454E-08
  2185.0 0.1117151E-08
  2186.0 0.1186915E-08
  2187.0 0.1238163E-08
  2188.0 0.1270608E-08
  2189.0 0.1284269E-08
  2190.0 0.1279470E-08
  2191.0 0.1256816E-08
  2192.0 0.1217191E-08
  2193.0 0.1161726E-08
  2194.0 0.1091788E-08
  2195.0 0.1008937E-08
  2196.0 0.9149148E-09
  2197.0 0.8115901E-09
  2198.0 0.7009408E-09
  2199.0 0.5850126E-09
  2200.0 0.4658789E-09
  2201.0 0.3456089E-09
  2202.0 0.2262284E-09
  2203.0 0.1096890E-09
  2204.0 -.2166150E-11
  2205.0 -.1076317E-09
  2206.0 -.2051665E-09
  2207.0 -.2934171E-09
  2208.0 -.3712362E-09
  2209.0 -.4376984E-09
  2210.0 -.4921107E-09
  2211.0 -.5340210E-09
  2212.0 -.5632159E-09
  2213.0 -.5797180E-09
  2214.0 -.5837880E-09
  2215.0 -.5759014E-09
  2216.0 -.5567405E-09
  2217.0 -.5271765E-09
  2218.0 -.4882456E-09
  2219.0 -.4411252E-09
  2220.0 -.3871099E-09
  2221.0 -.3275843E-09
  2222.0 -.2639881E-09
  2223.0 -.1977966E-09
  2224.0 -.1304825E-09
  2225.0 -.6349393E-10
  2226.0 0.1776214E-11
  2227.0 0.6401473E-10
  2228.0 0.1220126E-09
  2229.0 0.1746843E-09
  2230.0 0.2210878E-09
  2231.0 0.2604385E-09
  2232.0 0.2921217E-09
  2233.0 0.3156988E-09
  2234.0 0.3309159E-09
  2235.0 0.3376979E-09
  2236.0 0.3361534E-09
  2237.0 0.3265624E-09
  2238.0 0.3093701E-09
  2239.0 0.2851727E-09
  2240.0 0.2547034E-09
  2241.0 0.2188125E-09
  2242.0 0.1784504E-09
  2243.0 0.1346448E-09
  2244.0 0.8847682E-10
  2245.0 0.4106031E-10
  2246.0 -.6483187E-11
  2247.0 -.5304712E-10
  2248.0 -.9756305E-10
  2249.0 -.1390214E-09
  2250.0 -.1764921E-09
  2251.0 -.2091423E-09
  2252.0 -.2362527E-09
  2253.0 -.2572310E-09
  2254.0 -.2716217E-09
  2255.0 -.2791153E-09
  2256.0 -.2795532E-09
  2257.0 -.2729284E-09
  2258.0 -.2593850E-09
  2259.0 -.2392156E-09
  2260.0 -.2128505E-09
  2261.0 -.1808530E-09
  2262.0 -.1439029E-09
  2263.0 -.1027847E-09
  2264.0 -.5836959E-10
  2265.0 -.1159920E-10
  2266.0 0.3653451E-10
  2267.0 0.8500869E-10
  2268.0 0.1327916E-09
  2269.0 0.1788610E-09
  2270.0 0.2222252E-09
  2271.0 0.2619436E-09
  2272.0 0.2971438E-09
  2273.0 0.3270392E-09
  2274.0 0.3509456E-09
  2275.0 0.3682921E-09
  2276.0 0.3786347E-09
  2277.0 0.3816639E-09
  2278.0 0.3772120E-09
  2279.0 0.3652548E-09
  2280.0 0.3459149E-09
  2281.0 0.3194576E-09
  2282.0 0.2862889E-09
  2283.0 0.2469459E-09
  2284.0 0.2020901E-09
  2285.0 0.1524922E-09
  2286.0 0.9902240E-10
  2287.0 0.4263135E-10
  2288.0 -.1566500E-10
  2289.0 -.7480387E-10
  2290.0 -.1336952E-09
  2291.0 -.1912411E-09
  2292.0 -.2463549E-09
  2293.0 -.2979826E-09
  2294.0 -.3451204E-09
  2295.0 -.3868330E-09
  2296.0 -.4222710E-09
  2297.0 -.4506882E-09
  2298.0 -.4714525E-09
  2299.0 -.4840613E-09
  2300.0 -.4881481E-09
  2301.0 -.4834921E-09
  2302.0 -.4700224E-09
  2303.0 -.4478223E-09
  2304.0 -.4171259E-09
  2305.0 -.3783182E-09
  2306.0 -.3319293E-09
  2307.0 -.2786270E-09
  2308.0 -.2192043E-09
  2309.0 -.1545717E-09
  2310.0 -.8573919E-10
  2311.0 -.1380231E-10
  2312.0 0.6007583E-10
  2313.0 0.1346829E-09
  2314.0 0.2087773E-09
  2315.0 0.2811080E-09
  2316.0 0.3504347E-09
  2317.0 0.4155483E-09
  2318.0 0.4752917E-09
  2319.0 0.5285783E-09
  2320.0 0.5744081E-09
  2321.0 0.6118905E-09
  2322.0 0.6402521E-09
  2323.0 0.6588590E-09
  2324.0 0.6672181E-09
  2325.0 0.6649954E-09
  2326.0 0.6520199E-09
  2327.0 0.6282838E-09
  2328.0 0.5939496E-09
  2329.0 0.5493473E-09
  2330.0 0.4949722E-09
  2331.0 0.4314758E-09
  2332.0 0.3596596E-09
  2333.0 0.2804636E-09
  2334.0 0.1949537E-09
  2335.0 0.1043055E-09
  2336.0 0.9786923E-11
  2337.0 -.8725807E-10
  2338.0 -.1854323E-09
  2339.0 -.2833035E-09
  2340.0 -.3794278E-09
  2341.0 -.4723691E-09
  2342.0 -.5607250E-09
  2343.0 -.6431423E-09
  2344.0 -.7183446E-09
  2345.0 -.7851446E-09
  2346.0 -.8424705E-09
  2347.0 -.8893760E-09
  2348.0 -.9250583E-09
  2349.0 -.9488703E-09
  2350.0 -.9603363E-09
  2351.0 -.9591512E-09
  2352.0 -.9451884E-09
  2353.0 -.9185111E-09
  2354.0 -.8793615E-09
  2355.0 -.8281656E-09
  2356.0 -.7655222E-09
  2357.0 -.6921979E-09
  2358.0 -.6091192E-09
  2359.0 -.5173534E-09
  2360.0 -.4180980E-09
  2361.0 -.3126616E-09
  2362.0 -.2024466E-09
  2363.0 -.8892659E-10
  2364.0 0.2637237E-10
  2365.0 0.1418955E-09
  2366.0 0.2560821E-09
  2367.0 0.3673878E-09
  2368.0 0.4743057E-09
  2369.0 0.5753908E-09
  2370.0 0.6692795E-09
  2371.0 0.7547099E-09
  2372.0 0.8305378E-09
  2373.0 0.8957572E-09
  2374.0 0.9495117E-09
  2375.0 0.9911070E-09
  2376.0 0.1020021E-08
  2377.0 0.1035910E-08
  2378.0 0.1038609E-08
  2379.0 0.1028146E-08
  2380.0 0.1004725E-08
  2381.0 0.9687340E-09
  2382.0 0.9207270E-09
  2383.0 0.8614272E-09
  2384.0 0.7917058E-09
  2385.0 0.7125736E-09
  2386.0 0.6251612E-09
  2387.0 0.5307023E-09
  2388.0 0.4305199E-09
  2389.0 0.3259984E-09
  2390.0 0.2185681E-09
  2391.0 0.1096810E-09
  2392.0 0.7916598E-12
  2393.0 -.1066651E-09
  2394.0 -.2112953E-09
  2395.0 -.3117653E-09
  2396.0 -.4068191E-09
  2397.0 -.4952982E-09
  2398.0 -.5761531E-09
  2399.0 -.6484642E-09
