     0.0 0.0000000E+00
     1.0 0.1376402E-17
     2.0 -.1128101E-18
     3.0 -.2189975E-16
     4.0 -.9343123E-16
     5.0 -.2546116E-15
     6.0 -.5536757E-15
     7.0 -.1044641E-14
     8.0 -.1784506E-14
     9.0 -.2830294E-14
    10.0 -.4236053E-14
    11.0 -.6049938E-14
    12.0 -.8311498E-14
    13.0 -.1104926E-13
    14.0 -.1427873E-13
    15.0 -.1800083E-13
    16.0 -.2220086E-13
    17.0 -.2684802E-13
    18.0 -.3189541E-13
    19.0 -.3728063E-13
    20.0 -.4292680E-13
    21.0 -.4874398E-13
    22.0 -.5463093E-13
    23.0 -.6047724E-13
    24.0 -.6616531E-13
    25.0 -.7157276E-13
    26.0 -.7657458E-13
    27.0 -.8104517E-13
    28.0 -.8486029E-13
    29.0 -.8789880E-13
    30.0 -.9004396E-13
    31.0 -.9118473E-13
    32.0 -.9121654E-13
    33.0 -.9004178E-13
    34.0 -.8757063E-13
    35.0 -.8372082E-13
    36.0 -.7841815E-13
    37.0 -.7159651E-13
    38.0 -.6319802E-13
    39.0 -.5317343E-13
    40.0 -.4148243E-13
    41.0 -.2809437E-13
    42.0 -.1298900E-13
    43.0 0.3842482E-14
    44.0 0.2239627E-13
    45.0 0.4265470E-13
    46.0 0.6458489E-13
    47.0 0.8813749E-13
    48.0 0.1132457E-12
    49.0 0.1398243E-12
    50.0 0.1677694E-12
    51.0 0.1969586E-12
    52.0 0.2272517E-12
    53.0 0.2584921E-12
    54.0 0.2905092E-12
    55.0 0.3231216E-12
    56.0 0.3561405E-12
    57.0 0.3893751E-12
    58.0 0.4226372E-12
    59.0 0.4557470E-12
    60.0 0.4885392E-12
    61.0 0.5208702E-12
    62.0 0.5526227E-12
    63.0 0.5837121E-12
    64.0 0.6140912E-12
    65.0 0.6437545E-12
    66.0 0.6727411E-12
    67.0 0.7011351E-12
    68.0 0.7290656E-12
    69.0 0.7567052E-12
    70.0 0.7842652E-12
    71.0 0.8119899E-12
    72.0 0.8401473E-12
    73.0 0.8690219E-12
    74.0 0.8989019E-12
    75.0 0.9300694E-12
    76.0 0.9627835E-12
    77.0 0.9972725E-12
    78.0 0.1033715E-11
    79.0 0.1072233E-11
    80.0 0.1112877E-11
    81.0 0.1155623E-11
    82.0 0.1200356E-11
    83.0 0.1246876E-11
    84.0 0.1294889E-11
    85.0 0.1344016E-11
    86.0 0.1393796E-11
    87.0 0.1443692E-11
    88.0 0.1493112E-11
    89.0 0.1541417E-11
    90.0 0.1587943E-11
    91.0 0.1632027E-11
    92.0 0.1673021E-11
    93.0 0.1710319E-11
    94.0 0.1743382E-11
    95.0 0.1771758E-11
    96.0 0.1795103E-11
    97.0 0.1813201E-11
    98.0 0.1825972E-11
    99.0 0.1833488E-11
   100.0 0.1835975E-11
   101.0 0.1833810E-11
   102.0 0.1827526E-11
   103.0 0.1817823E-11
   104.0 0.1805544E-11
   105.0 0.1791656E-11
   106.0 0.1777219E-11
   107.0 0.1763348E-11
   108.0 0.1751177E-11
   109.0 0.1741809E-11
   110.0 0.1736283E-11
   111.0 0.1735520E-11
   112.0 0.1740287E-11
   113.0 0.1751157E-11
   114.0 0.1768476E-11
   115.0 0.1792330E-11
   116.0 0.1822544E-11
   117.0 0.1858650E-11
   118.0 0.1899903E-11
   119.0 0.1945287E-11
   120.0 0.1993533E-11
   121.0 0.2043159E-11
   122.0 0.2092505E-11
   123.0 0.2139776E-11
   124.0 0.2183119E-11
   125.0 0.2220664E-11
   126.0 0.2250601E-11
   127.0 0.2271246E-11
   128.0 0.2281099E-11
   129.0 0.2278922E-11
   130.0 0.2263778E-11
   131.0 0.2235089E-11
   132.0 0.2192671E-11
   133.0 0.2136759E-11
   134.0 0.2068021E-11
   135.0 0.1987558E-11
   136.0 0.1896882E-11
   137.0 0.1797882E-11
   138.0 0.1692787E-11
   139.0 0.1584095E-11
   140.0 0.1474507E-11
   141.0 0.1366839E-11
   142.0 0.1263944E-11
   143.0 0.1168603E-11
   144.0 0.1083440E-11
   145.0 0.1010822E-11
   146.0 0.9527735E-12
   147.0 0.9108948E-12
   148.0 0.8862888E-12
   149.0 0.8795124E-12
   150.0 0.8905310E-12
   151.0 0.9187024E-12
   152.0 0.9627742E-12
   153.0 0.1020904E-11
   154.0 0.1090699E-11
   155.0 0.1169275E-11
   156.0 0.1253339E-11
   157.0 0.1339285E-11
   158.0 0.1423289E-11
   159.0 0.1501448E-11
   160.0 0.1569892E-11
   161.0 0.1624915E-11
   162.0 0.1663109E-11
   163.0 0.1681472E-11
   164.0 0.1677532E-11
   165.0 0.1649439E-11
   166.0 0.1596040E-11
   167.0 0.1516942E-11
   168.0 0.1412545E-11
   169.0 0.1284044E-11
   170.0 0.1133431E-11
   171.0 0.9634217E-12
   172.0 0.7774087E-12
   173.0 0.5793585E-12
   174.0 0.3736881E-12
   175.0 0.1651499E-12
   176.0 -.4134456E-13
   177.0 -.2408606E-12
   178.0 -.4286215E-12
   179.0 -.6001514E-12
   180.0 -.7514568E-12
   181.0 -.8791519E-12
   182.0 -.9806028E-12
   183.0 -.1054018E-11
   184.0 -.1098542E-11
   185.0 -.1114309E-11
   186.0 -.1102445E-11
   187.0 -.1065081E-11
   188.0 -.1005281E-11
   189.0 -.9269822E-12
   190.0 -.8348638E-12
   191.0 -.7342199E-12
   192.0 -.6308048E-12
   193.0 -.5306195E-12
   194.0 -.4397358E-12
   195.0 -.3640908E-12
   196.0 -.3092693E-12
   197.0 -.2803076E-12
   198.0 -.2815049E-12
   199.0 -.3162522E-12
   200.0 -.3868970E-12
   201.0 -.4946210E-12
   202.0 -.6393717E-12
   203.0 -.8198135E-12
   204.0 -.1033349E-11
   205.0 -.1276157E-11
   206.0 -.1543278E-11
   207.0 -.1828763E-11
   208.0 -.2125826E-11
   209.0 -.2427036E-11
   210.0 -.2724579E-11
   211.0 -.3010471E-11
   212.0 -.3276852E-11
   213.0 -.3516227E-11
   214.0 -.3721744E-11
   215.0 -.3887440E-11
   216.0 -.4008472E-11
   217.0 -.4081313E-11
   218.0 -.4103919E-11
   219.0 -.4075836E-11
   220.0 -.3998301E-11
   221.0 -.3874220E-11
   222.0 -.3708151E-11
   223.0 -.3506221E-11
   224.0 -.3275958E-11
   225.0 -.3026120E-11
   226.0 -.2766436E-11
   227.0 -.2507323E-11
   228.0 -.2259571E-11
   229.0 -.2034040E-11
   230.0 -.1841254E-11
   231.0 -.1691082E-11
   232.0 -.1592410E-11
   233.0 -.1552808E-11
   234.0 -.1578215E-11
   235.0 -.1672729E-11
   236.0 -.1838401E-11
   237.0 -.2075078E-11
   238.0 -.2380358E-11
   239.0 -.2749574E-11
   240.0 -.3175832E-11
   241.0 -.3650217E-11
   242.0 -.4161941E-11
   243.0 -.4698644E-11
   244.0 -.5246712E-11
   245.0 -.5791674E-11
   246.0 -.6318618E-11
   247.0 -.6812618E-11
   248.0 -.7259246E-11
   249.0 -.7644965E-11
   250.0 -.7957647E-11
   251.0 -.8186935E-11
   252.0 -.8324655E-11
   253.0 -.8365142E-11
   254.0 -.8305441E-11
   255.0 -.8145591E-11
   256.0 -.7888549E-11
   257.0 -.7540391E-11
   258.0 -.7110059E-11
   259.0 -.6609266E-11
   260.0 -.6052161E-11
   261.0 -.5455027E-11
   262.0 -.4835803E-11
   263.0 -.4213596E-11
   264.0 -.3608129E-11
   265.0 -.3039142E-11
   266.0 -.2525784E-11
   267.0 -.2086012E-11
   268.0 -.1735978E-11
   269.0 -.1489482E-11
   270.0 -.1357479E-11
   271.0 -.1347624E-11
   272.0 -.1463934E-11
   273.0 -.1706544E-11
   274.0 -.2071611E-11
   275.0 -.2551193E-11
   276.0 -.3133467E-11
   277.0 -.3802938E-11
   278.0 -.4540731E-11
   279.0 -.5325116E-11
   280.0 -.6132051E-11
   281.0 -.6935893E-11
   282.0 -.7710072E-11
   283.0 -.8427912E-11
   284.0 -.9063453E-11
   285.0 -.9592288E-11
   286.0 -.9992380E-11
   287.0 -.1024484E-10
   288.0 -.1033461E-10
   289.0 -.1025117E-10
   290.0 -.9988974E-11
   291.0 -.9547849E-11
   292.0 -.8933330E-11
   293.0 -.8156594E-11
   294.0 -.7234531E-11
   295.0 -.6189404E-11
   296.0 -.5048478E-11
   297.0 -.3843450E-11
   298.0 -.2609721E-11
   299.0 -.1385499E-11
   300.0 -.2109141E-12
   301.0 0.8731790E-12
   302.0 0.1826172E-11
   303.0 0.2608970E-11
   304.0 0.3185212E-11
   305.0 0.3522224E-11
   306.0 0.3592314E-11
   307.0 0.3373584E-11
   308.0 0.2850915E-11
   309.0 0.2016566E-11
   310.0 0.8708132E-12
   311.0 -.5778013E-12
   312.0 -.2312278E-11
   313.0 -.4307379E-11
   314.0 -.6529729E-11
   315.0 -.8938630E-11
   316.0 -.1148659E-10
   317.0 -.1412056E-10
   318.0 -.1678269E-10
   319.0 -.1941204E-10
   320.0 -.2194576E-10
   321.0 -.2432070E-10
   322.0 -.2647490E-10
   323.0 -.2834925E-10
   324.0 -.2988897E-10
   325.0 -.3104516E-10
   326.0 -.3177602E-10
   327.0 -.3204818E-10
   328.0 -.3183764E-10
   329.0 -.3113059E-10
   330.0 -.2992386E-10
   331.0 -.2822534E-10
   332.0 -.2605376E-10
   333.0 -.2343855E-10
   334.0 -.2041921E-10
   335.0 -.1704437E-10
   336.0 -.1337072E-10
   337.0 -.9461602E-11
   338.0 -.5385534E-11
   339.0 -.1214301E-11
   340.0 0.2978711E-11
   341.0 0.7120589E-11
   342.0 0.1114076E-10
   343.0 0.1497303E-10
   344.0 0.1855719E-10
   345.0 0.2184103E-10
   346.0 0.2478165E-10
   347.0 0.2734674E-10
   348.0 0.2951569E-10
   349.0 0.3128026E-10
   350.0 0.3264496E-10
   351.0 0.3362704E-10
   352.0 0.3425616E-10
   353.0 0.3457376E-10
   354.0 0.3463192E-10
   355.0 0.3449194E-10
   356.0 0.3422288E-10
   357.0 0.3389938E-10
   358.0 0.3359964E-10
   359.0 0.3340307E-10
   360.0 0.3338781E-10
   361.0 0.3362846E-10
   362.0 0.3419347E-10
   363.0 0.3514291E-10
   364.0 0.3652632E-10
   365.0 0.3838066E-10
   366.0 0.4072896E-10
   367.0 0.4357864E-10
   368.0 0.4692090E-10
   369.0 0.5073002E-10
   370.0 0.5496357E-10
   371.0 0.5956256E-10
   372.0 0.6445273E-10
   373.0 0.6954545E-10
   374.0 0.7473977E-10
   375.0 0.7992462E-10
   376.0 0.8498129E-10
   377.0 0.8978653E-10
   378.0 0.9421522E-10
   379.0 0.9814381E-10
   380.0 0.1014540E-09
   381.0 0.1040351E-09
   382.0 0.1057885E-09
   383.0 0.1066297E-09
   384.0 0.1064914E-09
   385.0 0.1053261E-09
   386.0 0.1031076E-09
   387.0 0.9983325E-10
   388.0 0.9552390E-10
   389.0 0.9022514E-10
   390.0 0.8400615E-10
   391.0 0.7695995E-10
   392.0 0.6920061E-10
   393.0 0.6086210E-10
   394.0 0.5209539E-10
   395.0 0.4306431E-10
   396.0 0.3394335E-10
   397.0 0.2491255E-10
   398.0 0.1615363E-10
   399.0 0.7845195E-11
   400.0 0.1582137E-12
   401.0 -.6747992E-11
   402.0 -.1273092E-10
   403.0 -.1766854E-10
   404.0 -.2146305E-10
   405.0 -.2404398E-10
   406.0 -.2537118E-10
   407.0 -.2543642E-10
   408.0 -.2426485E-10
   409.0 -.2191477E-10
   410.0 -.1847841E-10
   411.0 -.1407921E-10
   412.0 -.8871027E-11
   413.0 -.3034164E-11
   414.0 0.3227896E-11
   415.0 0.9692626E-11
   416.0 0.1612379E-10
   417.0 0.2227709E-10
   418.0 0.2790574E-10
   419.0 0.3276663E-10
   420.0 0.3662660E-10
   421.0 0.3926893E-10
   422.0 0.4049853E-10
   423.0 0.4014850E-10
   424.0 0.3808458E-10
   425.0 0.3421001E-10
   426.0 0.2846897E-10
   427.0 0.2084949E-10
   428.0 0.1138517E-10
   429.0 0.1562158E-12
   430.0 -.1271082E-10
   431.0 -.2704501E-10
   432.0 -.4263323E-10
   433.0 -.5922373E-10
   434.0 -.7653150E-10
   435.0 -.9424257E-10
   436.0 -.1120218E-09
   437.0 -.1295197E-09
   438.0 -.1463799E-09
   439.0 -.1622474E-09
   440.0 -.1767770E-09
   441.0 -.1896415E-09
   442.0 -.2005401E-09
   443.0 -.2092058E-09
   444.0 -.2154126E-09
   445.0 -.2189827E-09
   446.0 -.2197905E-09
   447.0 -.2177683E-09
   448.0 -.2129087E-09
   449.0 -.2052670E-09
   450.0 -.1949612E-09
   451.0 -.1821712E-09
   452.0 -.1671362E-09
   453.0 -.1501513E-09
   454.0 -.1315619E-09
   455.0 -.1117570E-09
   456.0 -.9116227E-10
   457.0 -.7023095E-10
   458.0 -.4943457E-10
   459.0 -.2925274E-10
   460.0 -.1016287E-10
   461.0 0.7369805E-11
   462.0 0.2290425E-10
   463.0 0.3603172E-10
   464.0 0.4638714E-10
   465.0 0.5365661E-10
   466.0 0.5758565E-10
   467.0 0.5798582E-10
   468.0 0.5473955E-10
   469.0 0.4780382E-10
   470.0 0.3721212E-10
   471.0 0.2307479E-10
   472.0 0.5577264E-11
   473.0 -.1502233E-10
   474.0 -.3839906E-10
   475.0 -.6416702E-10
   476.0 -.9188698E-10
   477.0 -.1210760E-09
   478.0 -.1512175E-09
   479.0 -.1817717E-09
   480.0 -.2121877E-09
   481.0 -.2419162E-09
   482.0 -.2704196E-09
   483.0 -.2971857E-09
   484.0 -.3217375E-09
   485.0 -.3436448E-09
   486.0 -.3625323E-09
   487.0 -.3780892E-09
   488.0 -.3900743E-09
   489.0 -.3983235E-09
   490.0 -.4027499E-09
   491.0 -.4033476E-09
   492.0 -.4001907E-09
   493.0 -.3934309E-09
   494.0 -.3832924E-09
   495.0 -.3700684E-09
   496.0 -.3541096E-09
   497.0 -.3358204E-09
   498.0 -.3156440E-09
   499.0 -.2940542E-09
   500.0 -.2715429E-09
   501.0 -.2486070E-09
   502.0 -.2257380E-09
   503.0 -.2034080E-09
   504.0 -.1820588E-09
   505.0 -.1620920E-09
   506.0 -.1438589E-09
   507.0 -.1276517E-09
   508.0 -.1136973E-09
   509.0 -.1021523E-09
   510.0 -.9309930E-10
   511.0 -.8654716E-10
   512.0 -.8243015E-10
   513.0 -.8061148E-10
   514.0 -.8088816E-10
   515.0 -.8299780E-10
   516.0 -.8662530E-10
   517.0 -.9141441E-10
   518.0 -.9697669E-10
   519.0 -.1029043E-09
   520.0 -.1087817E-09
   521.0 -.1141979E-09
   522.0 -.1187597E-09
   523.0 -.1221026E-09
   524.0 -.1239023E-09
   525.0 -.1238855E-09
   526.0 -.1218380E-09
   527.0 -.1176119E-09
   528.0 -.1111318E-09
   529.0 -.1023967E-09
   530.0 -.9148220E-10
   531.0 -.7853940E-10
   532.0 -.6379142E-10
   533.0 -.4752824E-10
   534.0 -.3010000E-10
   535.0 -.1190597E-10
   536.0 0.6615089E-11
   537.0 0.2499671E-10
   538.0 0.4275989E-10
   539.0 0.5942567E-10
   540.0 0.7452996E-10
   541.0 0.8763915E-10
   542.0 0.9836233E-10
   543.0 0.1063661E-09
   544.0 0.1113858E-09
   545.0 0.1132356E-09
   546.0 0.1118187E-09
   547.0 0.1071314E-09
   548.0 0.9926909E-10
   549.0 0.8842638E-10
   550.0 0.7489689E-10
   551.0 0.5906822E-10
   552.0 0.4141512E-10
   553.0 0.2249075E-10
   554.0 0.2914869E-11
   555.0 -.1664118E-10
   556.0 -.3547014E-10
   557.0 -.5284524E-10
   558.0 -.6804119E-10
   559.0 -.8035204E-10
   560.0 -.8911116E-10
   561.0 -.9371098E-10
   562.0 -.9362228E-10
   563.0 -.8840941E-10
   564.0 -.7774952E-10
   565.0 -.6144178E-10
   566.0 -.3942191E-10
   567.0 -.1176754E-10
   568.0 0.2129632E-10
   569.0 0.5939685E-10
   570.0 0.1020155E-09
   571.0 0.1484939E-09
   572.0 0.1980462E-09
   573.0 0.2497716E-09
   574.0 0.3026698E-09
   575.0 0.3556635E-09
   576.0 0.4076213E-09
   577.0 0.4573804E-09
   578.0 0.5037775E-09
   579.0 0.5456708E-09
   580.0 0.5819751E-09
   581.0 0.6116860E-09
   582.0 0.6339075E-09
   583.0 0.6478801E-09
   584.0 0.6530019E-09
   585.0 0.6488522E-09
   586.0 0.6352063E-09
   587.0 0.6120517E-09
   588.0 0.5795949E-09
   589.0 0.5382662E-09
   590.0 0.4887223E-09
   591.0 0.4318366E-09
   592.0 0.3686884E-09
   593.0 0.3005500E-09
   594.0 0.2288616E-09
   595.0 0.1552081E-09
   596.0 0.8128752E-10
   597.0 0.8877729E-11
   598.0 -.6020021E-10
   599.0 -.1241231E-09
   600.0 -.1811020E-09
   601.0 -.2294305E-09
   602.0 -.2675214E-09
   603.0 -.2939453E-09
   604.0 -.3074770E-09
   605.0 -.3071211E-09
   606.0 -.2921483E-09
   607.0 -.2621244E-09
   608.0 -.2169251E-09
   609.0 -.1567580E-09
   610.0 -.8216752E-10
   611.0 0.5963548E-11
   612.0 0.1064167E-09
   613.0 0.2176545E-09
   614.0 0.3378395E-09
   615.0 0.4648592E-09
   616.0 0.5963660E-09
   617.0 0.7298142E-09
   618.0 0.8625070E-09
   619.0 0.9916516E-09
   620.0 0.1114407E-08
   621.0 0.1227950E-08
   622.0 0.1329536E-08
   623.0 0.1416552E-08
   624.0 0.1486586E-08
   625.0 0.1537478E-08
   626.0 0.1567379E-08
   627.0 0.1574801E-08
   628.0 0.1558661E-08
   629.0 0.1518319E-08
   630.0 0.1453611E-08
   631.0 0.1364866E-08
   632.0 0.1252919E-08
   633.0 0.1119115E-08
   634.0 0.9652977E-09
   635.0 0.7937904E-09
   636.0 0.6073682E-09
   637.0 0.4092147E-09
   638.0 0.2028741E-09
   639.0 -.7808814E-11
   640.0 -.2187568E-09
   641.0 -.4257350E-09
   642.0 -.6244296E-09
   643.0 -.8105361E-09
   644.0 -.9798448E-09
   645.0 -.1128329E-08
   646.0 -.1252235E-08
   647.0 -.1348171E-08
   648.0 -.1413176E-08
   649.0 -.1444816E-08
   650.0 -.1441232E-08
   651.0 -.1401206E-08
   652.0 -.1324209E-08
   653.0 -.1210436E-08
   654.0 -.1060825E-08
   655.0 -.8770635E-09
   656.0 -.6615834E-09
   657.0 -.4175354E-09
   658.0 -.1487532E-09
   659.0 0.1403031E-09
   660.0 0.4446129E-09
   661.0 0.7586777E-09
   662.0 0.1076614E-08
   663.0 0.1392257E-08
   664.0 0.1699280E-08
   665.0 0.1991309E-08
   666.0 0.2262057E-08
   667.0 0.2505431E-08
   668.0 0.2715702E-08
   669.0 0.2887587E-08
   670.0 0.3016402E-08
   671.0 0.3098153E-08
   672.0 0.3129660E-08
   673.0 0.3108628E-08
   674.0 0.3033746E-08
   675.0 0.2904721E-08
   676.0 0.2722331E-08
   677.0 0.2488459E-08
   678.0 0.2206058E-08
   679.0 0.1879158E-08
   680.0 0.1512819E-08
   681.0 0.1113044E-08
   682.0 0.6867192E-09
   683.0 0.2414826E-09
   684.0 -.2143879E-09
   685.0 -.6721234E-09
   686.0 -.1122622E-08
   687.0 -.1556617E-08
   688.0 -.1964848E-08
   689.0 -.2338268E-08
   690.0 -.2668206E-08
   691.0 -.2946553E-08
   692.0 -.3165970E-08
   693.0 -.3320010E-08
   694.0 -.3403333E-08
   695.0 -.3411793E-08
   696.0 -.3342613E-08
   697.0 -.3194436E-08
   698.0 -.2967440E-08
   699.0 -.2663366E-08
   700.0 -.2285548E-08
   701.0 -.1838879E-08
   702.0 -.1329802E-08
   703.0 -.7662080E-09
   704.0 -.1573476E-09
   705.0 0.4863112E-09
   706.0 0.1153242E-08
   707.0 0.1831049E-08
   708.0 0.2506680E-08
   709.0 0.3166650E-08
   710.0 0.3797298E-08
   711.0 0.4385040E-08
   712.0 0.4916608E-08
   713.0 0.5379381E-08
   714.0 0.5761577E-08
   715.0 0.6052538E-08
   716.0 0.6242983E-08
   717.0 0.6325202E-08
   718.0 0.6293268E-08
   719.0 0.6143233E-08
   720.0 0.5873204E-08
   721.0 0.5483535E-08
   722.0 0.4976791E-08
   723.0 0.4357870E-08
   724.0 0.3633921E-08
   725.0 0.2814313E-08
   726.0 0.1910517E-08
   727.0 0.9359702E-09
   728.0 -.9412033E-10
   729.0 -.1162991E-08
   730.0 -.2252591E-08
   731.0 -.3343879E-08
   732.0 -.4417121E-08
   733.0 -.5452263E-08
   734.0 -.6429250E-08
   735.0 -.7328425E-08
   736.0 -.8130895E-08
   737.0 -.8818835E-08
   738.0 -.9375956E-08
   739.0 -.9787784E-08
   740.0 -.1004190E-07
   741.0 -.1012837E-07
   742.0 -.1003991E-07
   743.0 -.9772095E-08
   744.0 -.9323503E-08
   745.0 -.8695945E-08
   746.0 -.7894399E-08
   747.0 -.6927001E-08
   748.0 -.5805160E-08
   749.0 -.4543246E-08
   750.0 -.3158586E-08
   751.0 -.1671145E-08
   752.0 -.1033106E-09
   753.0 0.1520442E-08
   754.0 0.3173902E-08
   755.0 0.4829552E-08
   756.0 0.6458925E-08
   757.0 0.8033160E-08
   758.0 0.9523378E-08
   759.0 0.1090121E-07
   760.0 0.1213929E-07
   761.0 0.1321169E-07
   762.0 0.1409441E-07
   763.0 0.1476581E-07
   764.0 0.1520701E-07
   765.0 0.1540224E-07
   766.0 0.1533926E-07
   767.0 0.1500938E-07
   768.0 0.1440804E-07
   769.0 0.1353462E-07
   770.0 0.1239278E-07
   771.0 0.1099033E-07
   772.0 0.9339217E-08
   773.0 0.7455513E-08
   774.0 0.5359060E-08
   775.0 0.3073381E-08
   776.0 0.6253134E-09
   777.0 -.1955386E-08
   778.0 -.4636371E-08
   779.0 -.7383222E-08
   780.0 -.1015992E-07
   781.0 -.1292939E-07
   782.0 -.1565395E-07
   783.0 -.1829607E-07
   784.0 -.2081869E-07
   785.0 -.2318595E-07
   786.0 -.2536372E-07
   787.0 -.2732000E-07
   788.0 -.2902551E-07
   789.0 -.3045415E-07
   790.0 -.3158323E-07
   791.0 -.3239420E-07
   792.0 -.3287255E-07
   793.0 -.3300816E-07
   794.0 -.3279541E-07
   795.0 -.3223363E-07
   796.0 -.3132651E-07
   797.0 -.3008260E-07
   798.0 -.2851490E-07
   799.0 -.2664066E-07
   800.0 -.2448131E-07
   801.0 -.2206194E-07
   802.0 -.1941113E-07
   803.0 -.1656032E-07
   804.0 -.1354353E-07
   805.0 -.1039680E-07
   806.0 -.7157568E-08
   807.0 -.3864294E-08
   808.0 -.5557930E-09
   809.0 0.2729264E-08
   810.0 0.5952950E-08
   811.0 0.9078550E-08
   812.0 0.1207110E-07
   813.0 0.1489787E-07
   814.0 0.1752877E-07
   815.0 0.1993683E-07
   816.0 0.2209835E-07
   817.0 0.2399339E-07
   818.0 0.2560585E-07
   819.0 0.2692378E-07
   820.0 0.2793930E-07
   821.0 0.2864873E-07
   822.0 0.2905265E-07
   823.0 0.2915552E-07
   824.0 0.2896592E-07
   825.0 0.2849600E-07
   826.0 0.2776134E-07
   827.0 0.2678081E-07
   828.0 0.2557585E-07
   829.0 0.2417042E-07
   830.0 0.2259040E-07
   831.0 0.2086319E-07
   832.0 0.1901726E-07
   833.0 0.1708173E-07
   834.0 0.1508584E-07
   835.0 0.1305851E-07
   836.0 0.1102798E-07
   837.0 0.9021330E-08
   838.0 0.7064076E-08
   839.0 0.5179865E-08
   840.0 0.3390167E-08
   841.0 0.1713973E-08
   842.0 0.1676046E-09
   843.0 -.1235468E-08
   844.0 -.2484734E-08
   845.0 -.3572729E-08
   846.0 -.4495004E-08
   847.0 -.5250111E-08
   848.0 -.5839534E-08
   849.0 -.6267494E-08
   850.0 -.6540820E-08
   851.0 -.6668694E-08
   852.0 -.6662399E-08
   853.0 -.6535001E-08
   854.0 -.6301118E-08
   855.0 -.5976480E-08
   856.0 -.5577662E-08
   857.0 -.5121686E-08
   858.0 -.4625716E-08
   859.0 -.4106645E-08
   860.0 -.3580837E-08
   861.0 -.3063755E-08
   862.0 -.2569712E-08
   863.0 -.2111595E-08
   864.0 -.1700630E-08
   865.0 -.1346211E-08
   866.0 -.1055735E-08
   867.0 -.8345194E-09
   868.0 -.6857027E-09
   869.0 -.6102701E-09
   870.0 -.6070534E-09
   871.0 -.6728015E-09
   872.0 -.8023201E-09
   873.0 -.9885868E-09
   874.0 -.1222980E-08
   875.0 -.1495474E-08
   876.0 -.1794898E-08
   877.0 -.2109207E-08
   878.0 -.2425785E-08
   879.0 -.2731741E-08
   880.0 -.3014187E-08
   881.0 -.3260611E-08
   882.0 -.3459131E-08
   883.0 -.3598791E-08
   884.0 -.3669846E-08
   885.0 -.3664015E-08
   886.0 -.3574681E-08
   887.0 -.3397091E-08
   888.0 -.3128516E-08
   889.0 -.2768322E-08
   890.0 -.2318086E-08
   891.0 -.1781579E-08
   892.0 -.1164763E-08
   893.0 -.4756923E-09
   894.0 0.2755757E-09
   895.0 0.1077152E-08
   896.0 0.1915525E-08
   897.0 0.2775786E-08
   898.0 0.3641923E-08
   899.0 0.4497116E-08
   900.0 0.5324049E-08
   901.0 0.6105278E-08
   902.0 0.6823582E-08
   903.0 0.7462306E-08
   904.0 0.8005753E-08
   905.0 0.8439497E-08
   906.0 0.8750746E-08
   907.0 0.8928618E-08
   908.0 0.8964461E-08
   909.0 0.8852064E-08
   910.0 0.8587874E-08
   911.0 0.8171122E-08
   912.0 0.7603998E-08
   913.0 0.6891585E-08
   914.0 0.6041972E-08
   915.0 0.5066118E-08
   916.0 0.3977728E-08
   917.0 0.2793116E-08
   918.0 0.1530920E-08
   919.0 0.2118510E-09
   920.0 -.1141663E-08
   921.0 -.2505856E-08
   922.0 -.3856029E-08
   923.0 -.5167010E-08
   924.0 -.6413599E-08
   925.0 -.7571089E-08
   926.0 -.8615708E-08
   927.0 -.9525126E-08
   928.0 -.1027896E-07
   929.0 -.1085907E-07
   930.0 -.1125022E-07
   931.0 -.1144022E-07
   932.0 -.1142034E-07
   933.0 -.1118562E-07
   934.0 -.1073497E-07
   935.0 -.1007140E-07
   936.0 -.9201982E-08
   937.0 -.8137938E-08
   938.0 -.6894425E-08
   939.0 -.5490445E-08
   940.0 -.3948557E-08
   941.0 -.2294497E-08
   942.0 -.5568607E-09
   943.0 0.1233434E-08
   944.0 0.3043666E-08
   945.0 0.4839865E-08
   946.0 0.6587467E-08
   947.0 0.8251948E-08
   948.0 0.9799533E-08
   949.0 0.1119777E-07
   950.0 0.1241630E-07
   951.0 0.1342752E-07
   952.0 0.1420708E-07
   953.0 0.1473457E-07
   954.0 0.1499398E-07
   955.0 0.1497413E-07
   956.0 0.1466906E-07
   957.0 0.1407827E-07
   958.0 0.1320694E-07
   959.0 0.1206594E-07
   960.0 0.1067179E-07
   961.0 0.9046541E-08
   962.0 0.7217476E-08
   963.0 0.5216776E-08
   964.0 0.3080972E-08
   965.0 0.8503800E-09
   966.0 -.1431561E-08
   967.0 -.3719049E-08
   968.0 -.5964786E-08
   969.0 -.8120820E-08
   970.0 -.1013952E-07
   971.0 -.1197450E-07
   972.0 -.1358160E-07
   973.0 -.1491978E-07
   974.0 -.1595214E-07
   975.0 -.1664668E-07
   976.0 -.1697717E-07
   977.0 -.1692385E-07
   978.0 -.1647406E-07
   979.0 -.1562260E-07
   980.0 -.1437237E-07
   981.0 -.1273435E-07
   982.0 -.1072773E-07
   983.0 -.8379951E-08
   984.0 -.5726256E-08
   985.0 -.2809433E-08
   986.0 0.3207885E-09
   987.0 0.3608478E-08
   988.0 0.6992359E-08
   989.0 0.1040676E-07
   990.0 0.1378284E-07
   991.0 0.1704963E-07
   992.0 0.2013557E-07
   993.0 0.2296958E-07
   994.0 0.2548265E-07
   995.0 0.2760923E-07
   996.0 0.2928855E-07
   997.0 0.3046589E-07
   998.0 0.3109398E-07
   999.0 0.3113432E-07
  1000.0 0.3055763E-07
  1001.0 0.2934557E-07
  1002.0 0.2749089E-07
  1003.0 0.2499818E-07
  1004.0 0.2188422E-07
  1005.0 0.1817812E-07
  1006.0 0.1392121E-07
  1007.0 0.9166707E-08
  1008.0 0.3979205E-08
  1009.0 -.1566162E-08
  1010.0 -.7384705E-08
  1011.0 -.1338336E-07
  1012.0 -.1946213E-07
  1013.0 -.2551570E-07
  1014.0 -.3143515E-07
  1015.0 -.3710965E-07
  1016.0 -.4242878E-07
  1017.0 -.4728417E-07
  1018.0 -.5157169E-07
  1019.0 -.5519341E-07
  1020.0 -.5805985E-07
  1021.0 -.6009139E-07
  1022.0 -.6122033E-07
  1023.0 -.6139241E-07
  1024.0 -.6056843E-07
  1025.0 -.5872501E-07
  1026.0 -.5585586E-07
  1027.0 -.5197227E-07
  1028.0 -.4710361E-07
  1029.0 -.4129718E-07
  1030.0 -.3461803E-07
  1031.0 -.2714849E-07
  1032.0 -.1898689E-07
  1033.0 -.1024676E-07
  1034.0 -.1054959E-08
  1035.0 0.8450057E-08
  1036.0 0.1812027E-07
  1037.0 0.2780039E-07
  1038.0 0.3733056E-07
  1039.0 0.4654868E-07
  1040.0 0.5529341E-07
  1041.0 0.6340711E-07
  1042.0 0.7073813E-07
  1043.0 0.7714420E-07
  1044.0 0.8249513E-07
  1045.0 0.8667453E-07
  1046.0 0.8958366E-07
  1047.0 0.9114196E-07
  1048.0 0.9129027E-07
  1049.0 0.8999167E-07
  1050.0 0.8723274E-07
  1051.0 0.8302472E-07
  1052.0 0.7740348E-07
  1053.0 0.7042997E-07
  1054.0 0.6218915E-07
  1055.0 0.5279009E-07
  1056.0 0.4236353E-07
  1057.0 0.3106107E-07
  1058.0 0.1905258E-07
  1059.0 0.6523763E-08
  1060.0 -.6326512E-08
  1061.0 -.1928941E-07
  1062.0 -.3214946E-07
  1063.0 -.4468825E-07
  1064.0 -.5668777E-07
  1065.0 -.6793445E-07
  1066.0 -.7822277E-07
  1067.0 -.8735901E-07
  1068.0 -.9516486E-07
  1069.0 -.1014808E-06
  1070.0 -.1061689E-06
  1071.0 -.1091164E-06
  1072.0 -.1102375E-06
  1073.0 -.1094755E-06
  1074.0 -.1068049E-06
  1075.0 -.1022317E-06
  1076.0 -.9579489E-07
  1077.0 -.8756576E-07
  1078.0 -.7764776E-07
  1079.0 -.6617526E-07
  1080.0 -.5331233E-07
  1081.0 -.3925004E-07
  1082.0 -.2420425E-07
  1083.0 -.8412290E-08
  1084.0 0.7870359E-08
  1085.0 0.2437418E-07
  1086.0 0.4081965E-07
  1087.0 0.5692167E-07
  1088.0 0.7239439E-07
  1089.0 0.8695572E-07
  1090.0 0.1003320E-06
  1091.0 0.1122628E-06
  1092.0 0.1225059E-06
  1093.0 0.1308403E-06
  1094.0 0.1370720E-06
  1095.0 0.1410358E-06
  1096.0 0.1426008E-06
  1097.0 0.1416707E-06
  1098.0 0.1381877E-06
  1099.0 0.1321337E-06
  1100.0 0.1235306E-06
  1101.0 0.1124419E-06
  1102.0 0.9897173E-07
  1103.0 0.8326361E-07
  1104.0 0.6549939E-07
  1105.0 0.4589686E-07
  1106.0 0.2470633E-07
  1107.0 0.2208329E-08
  1108.0 -.2129136E-07
  1109.0 -.4546557E-07
  1110.0 -.6997070E-07
  1111.0 -.9445168E-07
  1112.0 -.1185473E-06
  1113.0 -.1418965E-06
  1114.0 -.1641421E-06
  1115.0 -.1849380E-06
  1116.0 -.2039543E-06
  1117.0 -.2208816E-06
  1118.0 -.2354377E-06
  1119.0 -.2473697E-06
  1120.0 -.2564604E-06
  1121.0 -.2625299E-06
  1122.0 -.2654419E-06
  1123.0 -.2651006E-06
  1124.0 -.2614587E-06
  1125.0 -.2545140E-06
  1126.0 -.2443112E-06
  1127.0 -.2309417E-06
  1128.0 -.2145427E-06
  1129.0 -.1952949E-06
  1130.0 -.1734190E-06
  1131.0 -.1491749E-06
  1132.0 -.1228559E-06
  1133.0 -.9478563E-07
  1134.0 -.6531296E-07
  1135.0 -.3480685E-07
  1136.0 -.3650836E-08
  1137.0 0.2776232E-07
  1138.0 0.5903651E-07
  1139.0 0.8977814E-07
  1140.0 0.1196018E-06
  1141.0 0.1481356E-06
  1142.0 0.1750277E-06
  1143.0 0.1999497E-06
  1144.0 0.2226022E-06
  1145.0 0.2427196E-06
  1146.0 0.2600719E-06
  1147.0 0.2744695E-06
  1148.0 0.2857659E-06
  1149.0 0.2938577E-06
  1150.0 0.2986863E-06
  1151.0 0.3002403E-06
  1152.0 0.2985518E-06
  1153.0 0.2936979E-06
  1154.0 0.2857982E-06
  1155.0 0.2750128E-06
  1156.0 0.2615386E-06
  1157.0 0.2456071E-06
  1158.0 0.2274788E-06
  1159.0 0.2074407E-06
  1160.0 0.1857999E-06
  1161.0 0.1628800E-06
  1162.0 0.1390159E-06
  1163.0 0.1145472E-06
  1164.0 0.8981465E-07
  1165.0 0.6515408E-07
  1166.0 0.4089142E-07
  1167.0 0.1733879E-07
  1168.0 -.5211104E-08
  1169.0 -.2648822E-07
  1170.0 -.4624902E-07
  1171.0 -.6427966E-07
  1172.0 -.8039845E-07
  1173.0 -.9445787E-07
  1174.0 -.1063464E-06
  1175.0 -.1159888E-06
  1176.0 -.1233465E-06
  1177.0 -.1284177E-06
  1178.0 -.1312356E-06
  1179.0 -.1318672E-06
  1180.0 -.1304123E-06
  1181.0 -.1269992E-06
  1182.0 -.1217827E-06
  1183.0 -.1149418E-06
  1184.0 -.1066736E-06
  1185.0 -.9719223E-07
  1186.0 -.8672316E-07
  1187.0 -.7549944E-07
  1188.0 -.6375787E-07
  1189.0 -.5173482E-07
  1190.0 -.3966208E-07
  1191.0 -.2776351E-07
  1192.0 -.1625092E-07
  1193.0 -.5321419E-08
  1194.0 0.4845828E-08
  1195.0 0.1409203E-07
  1196.0 0.2228082E-07
  1197.0 0.2929992E-07
  1198.0 0.3506240E-07
  1199.0 0.3950707E-07
  1200.0 0.4259930E-07
  1201.0 0.4433019E-07
  1202.0 0.4471616E-07
  1203.0 0.4379797E-07
  1204.0 0.4163901E-07
  1205.0 0.3832345E-07
  1206.0 0.3395414E-07
  1207.0 0.2865014E-07
  1208.0 0.2254407E-07
  1209.0 0.1577924E-07
  1210.0 0.8506739E-08
  1211.0 0.8824143E-09
  1212.0 -.6936096E-08
  1213.0 -.1479242E-07
  1214.0 -.2253413E-07
  1215.0 -.3001545E-07
  1216.0 -.3709982E-07
  1217.0 -.4366217E-07
  1218.0 -.4959066E-07
  1219.0 -.5478871E-07
  1220.0 -.5917595E-07
  1221.0 -.6268954E-07
  1222.0 -.6528436E-07
  1223.0 -.6693414E-07
  1224.0 -.6763059E-07
  1225.0 -.6738334E-07
  1226.0 -.6621924E-07
  1227.0 -.6418136E-07
  1228.0 -.6132762E-07
  1229.0 -.5772944E-07
  1230.0 -.5346965E-07
  1231.0 -.4864110E-07
  1232.0 -.4334413E-07
  1233.0 -.3768490E-07
  1234.0 -.3177306E-07
  1235.0 -.2571936E-07
  1236.0 -.1963391E-07
  1237.0 -.1362391E-07
  1238.0 -.7791799E-08
  1239.0 -.2233443E-08
  1240.0 0.2963424E-08
  1241.0 0.7720678E-08
  1242.0 0.1197095E-07
  1243.0 0.1565852E-07
  1244.0 0.1874010E-07
  1245.0 0.2118522E-07
  1246.0 0.2297639E-07
  1247.0 0.2410904E-07
  1248.0 0.2459129E-07
  1249.0 0.2444313E-07
  1250.0 0.2369606E-07
  1251.0 0.2239180E-07
  1252.0 0.2058127E-07
  1253.0 0.1832334E-07
  1254.0 0.1568346E-07
  1255.0 0.1273211E-07
  1256.0 0.9543417E-08
  1257.0 0.6193383E-08
  1258.0 0.2758602E-08
  1259.0 -.6854037E-09
  1260.0 -.4065560E-08
  1261.0 -.7312572E-08
  1262.0 -.1036220E-07
  1263.0 -.1315624E-07
  1264.0 -.1564367E-07
  1265.0 -.1778115E-07
  1266.0 -.1953383E-07
  1267.0 -.2087562E-07
  1268.0 -.2178958E-07
  1269.0 -.2226778E-07
  1270.0 -.2231114E-07
  1271.0 -.2192948E-07
  1272.0 -.2114052E-07
  1273.0 -.1996967E-07
  1274.0 -.1844904E-07
  1275.0 -.1661677E-07
  1276.0 -.1451596E-07
  1277.0 -.1219364E-07
  1278.0 -.9699784E-08
  1279.0 -.7086183E-08
  1280.0 -.4405328E-08
  1281.0 -.1709420E-08
  1282.0 0.9507553E-09
  1283.0 0.3526710E-08
  1284.0 0.5973203E-08
  1285.0 0.8249007E-08
  1286.0 0.1031762E-07
  1287.0 0.1214778E-07
  1288.0 0.1371403E-07
  1289.0 0.1499692E-07
  1290.0 0.1598321E-07
  1291.0 0.1666602E-07
  1292.0 0.1704468E-07
  1293.0 0.1712451E-07
  1294.0 0.1691654E-07
  1295.0 0.1643709E-07
  1296.0 0.1570736E-07
  1297.0 0.1475260E-07
  1298.0 0.1360169E-07
  1299.0 0.1228633E-07
  1300.0 0.1084028E-07
  1301.0 0.9298672E-08
  1302.0 0.7697182E-08
  1303.0 0.6071323E-08
  1304.0 0.4455748E-08
  1305.0 0.2883519E-08
  1306.0 0.1385543E-08
  1307.0 -.1001116E-10
  1308.0 -.1278164E-08
  1309.0 -.2397570E-08
  1310.0 -.3350759E-08
  1311.0 -.4124396E-08
  1312.0 -.4709380E-08
  1313.0 -.5100883E-08
  1314.0 -.5298297E-08
  1315.0 -.5305092E-08
  1316.0 -.5128544E-08
  1317.0 -.4779499E-08
  1318.0 -.4271978E-08
  1319.0 -.3622774E-08
  1320.0 -.2850995E-08
  1321.0 -.1977560E-08
  1322.0 -.1024704E-08
  1323.0 -.1544135E-10
  1324.0 0.1026915E-08
  1325.0 0.2079305E-08
  1326.0 0.3119361E-08
  1327.0 0.4125893E-08
  1328.0 0.5079267E-08
  1329.0 0.5961762E-08
  1330.0 0.6757899E-08
  1331.0 0.7454672E-08
  1332.0 0.8041718E-08
  1333.0 0.8511438E-08
  1334.0 0.8859083E-08
  1335.0 0.9082696E-08
  1336.0 0.9183056E-08
  1337.0 0.9163617E-08
  1338.0 0.9030193E-08
  1339.0 0.8790848E-08
  1340.0 0.8455588E-08
  1341.0 0.8036062E-08
  1342.0 0.7545204E-08
  1343.0 0.6996989E-08
  1344.0 0.6405960E-08
  1345.0 0.5786961E-08
  1346.0 0.5154762E-08
  1347.0 0.4523744E-08
  1348.0 0.3907568E-08
  1349.0 0.3318908E-08
  1350.0 0.2769205E-08
  1351.0 0.2268466E-08
  1352.0 0.1825057E-08
  1353.0 0.1445611E-08
  1354.0 0.1134943E-08
  1355.0 0.8959878E-09
  1356.0 0.7298353E-09
  1357.0 0.6357636E-09
  1358.0 0.6113285E-09
  1359.0 0.6525020E-09
  1360.0 0.7538063E-09
  1361.0 0.9085286E-09
  1362.0 0.1108916E-08
  1363.0 0.1346393E-08
  1364.0 0.1611823E-08
  1365.0 0.1895723E-08
  1366.0 0.2188526E-08
  1367.0 0.2480810E-08
  1368.0 0.2763527E-08
  1369.0 0.3028208E-08
  1370.0 0.3267149E-08
  1371.0 0.3473582E-08
  1372.0 0.3641816E-08
  1373.0 0.3767321E-08
  1374.0 0.3846838E-08
  1375.0 0.3878395E-08
  1376.0 0.3861306E-08
  1377.0 0.3796209E-08
  1378.0 0.3684950E-08
  1379.0 0.3530523E-08
  1380.0 0.3336992E-08
  1381.0 0.3109327E-08
  1382.0 0.2853267E-08
  1383.0 0.2575175E-08
  1384.0 0.2281841E-08
  1385.0 0.1980330E-08
  1386.0 0.1677769E-08
  1387.0 0.1381190E-08
  1388.0 0.1097359E-08
  1389.0 0.8326000E-09
  1390.0 0.5926651E-09
  1391.0 0.3825771E-09
  1392.0 0.2065515E-09
  1393.0 0.6788318E-10
  1394.0 -.3111531E-10
  1395.0 -.8914552E-10
  1396.0 -.1059472E-09
  1397.0 -.8229047E-10
  1398.0 -.1993549E-10
  1399.0 0.7841666E-10
  1400.0 0.2091989E-09
  1401.0 0.3680851E-09
  1402.0 0.5500885E-09
  1403.0 0.7496949E-09
  1404.0 0.9609957E-09
  1405.0 0.1177832E-08
  1406.0 0.1393938E-08
  1407.0 0.1603091E-08
  1408.0 0.1799250E-08
  1409.0 0.1976692E-08
  1410.0 0.2130146E-08
  1411.0 0.2254890E-08
  1412.0 0.2346886E-08
  1413.0 0.2402825E-08
  1414.0 0.2420204E-08
  1415.0 0.2397406E-08
  1416.0 0.2333666E-08
  1417.0 0.2229132E-08
  1418.0 0.2084836E-08
  1419.0 0.1902636E-08
  1420.0 0.1685212E-08
  1421.0 0.1435952E-08
  1422.0 0.1158911E-08
  1423.0 0.8586877E-09
  1424.0 0.5403425E-09
  1425.0 0.2092695E-09
  1426.0 -.1289155E-09
  1427.0 -.4684937E-09
  1428.0 -.8037611E-09
  1429.0 -.1129149E-08
  1430.0 -.1439341E-08
  1431.0 -.1729353E-08
  1432.0 -.1994664E-08
  1433.0 -.2231269E-08
  1434.0 -.2435762E-08
  1435.0 -.2605393E-08
  1436.0 -.2738096E-08
  1437.0 -.2832537E-08
  1438.0 -.2888113E-08
  1439.0 -.2904927E-08
  1440.0 -.2883809E-08
  1441.0 -.2826244E-08
  1442.0 -.2734343E-08
  1443.0 -.2610789E-08
  1444.0 -.2458749E-08
  1445.0 -.2281824E-08
  1446.0 -.2083950E-08
  1447.0 -.1869307E-08
  1448.0 -.1642245E-08
  1449.0 -.1407184E-08
  1450.0 -.1168530E-08
  1451.0 -.9305943E-09
  1452.0 -.6975091E-09
  1453.0 -.4731594E-09
  1454.0 -.2611144E-09
  1455.0 -.6457816E-10
  1456.0 0.1136580E-09
  1457.0 0.2712519E-09
  1458.0 0.4063319E-09
  1459.0 0.5175136E-09
  1460.0 0.6038972E-09
  1461.0 0.6650616E-09
  1462.0 0.7010509E-09
  1463.0 0.7123436E-09
  1464.0 0.6998177E-09
  1465.0 0.6647148E-09
  1466.0 0.6085912E-09
  1467.0 0.5332667E-09
  1468.0 0.4407731E-09
  1469.0 0.3333067E-09
  1470.0 0.2131562E-09
  1471.0 0.8266920E-10
  1472.0 -.5580818E-10
  1473.0 -.1999755E-09
  1474.0 -.3476251E-09
  1475.0 -.4966721E-09
  1476.0 -.6451951E-09
  1477.0 -.7914496E-09
  1478.0 -.9338976E-09
  1479.0 -.1071221E-08
  1480.0 -.1202311E-08
  1481.0 -.1326290E-08
  1482.0 -.1442490E-08
  1483.0 -.1550448E-08
  1484.0 -.1649887E-08
  1485.0 -.1740697E-08
  1486.0 -.1822911E-08
  1487.0 -.1896689E-08
  1488.0 -.1962277E-08
  1489.0 -.2019994E-08
  1490.0 -.2070195E-08
  1491.0 -.2113261E-08
  1492.0 -.2149555E-08
  1493.0 -.2179432E-08
  1494.0 -.2203186E-08
  1495.0 -.2221067E-08
  1496.0 -.2233264E-08
  1497.0 -.2239889E-08
  1498.0 -.2240993E-08
  1499.0 -.2236550E-08
  1500.0 -.2226478E-08
  1501.0 -.2210656E-08
  1502.0 -.2188911E-08
  1503.0 -.2161055E-08
  1504.0 -.2126902E-08
  1505.0 -.2086276E-08
  1506.0 -.2039033E-08
  1507.0 -.1985094E-08
  1508.0 -.1924428E-08
  1509.0 -.1857119E-08
  1510.0 -.1783343E-08
  1511.0 -.1703378E-08
  1512.0 -.1617639E-08
  1513.0 -.1526663E-08
  1514.0 -.1431117E-08
  1515.0 -.1331787E-08
  1516.0 -.1229587E-08
  1517.0 -.1125528E-08
  1518.0 -.1020722E-08
  1519.0 -.9163540E-09
  1520.0 -.8136579E-09
  1521.0 -.7139085E-09
  1522.0 -.6183757E-09
  1523.0 -.5283081E-09
  1524.0 -.4449118E-09
  1525.0 -.3693090E-09
  1526.0 -.3025210E-09
  1527.0 -.2454374E-09
  1528.0 -.1988018E-09
  1529.0 -.1631776E-09
  1530.0 -.1389417E-09
  1531.0 -.1262715E-09
  1532.0 -.1251267E-09
  1533.0 -.1352567E-09
  1534.0 -.1561938E-09
  1535.0 -.1872603E-09
  1536.0 -.2275791E-09
  1537.0 -.2760890E-09
  1538.0 -.3315617E-09
  1539.0 -.3926250E-09
  1540.0 -.4577941E-09
  1541.0 -.5254944E-09
  1542.0 -.5940954E-09
  1543.0 -.6619479E-09
  1544.0 -.7274151E-09
  1545.0 -.7889044E-09
  1546.0 -.8449069E-09
  1547.0 -.8940193E-09
  1548.0 -.9349869E-09
  1549.0 -.9667203E-09
  1550.0 -.9883234E-09
  1551.0 -.9991072E-09
  1552.0 -.9986124E-09
  1553.0 -.9866166E-09
  1554.0 -.9631298E-09
  1555.0 -.9284078E-09
  1556.0 -.8829402E-09
  1557.0 -.8274332E-09
  1558.0 -.7628039E-09
  1559.0 -.6901559E-09
  1560.0 -.6107527E-09
  1561.0 -.5259941E-09
  1562.0 -.4373799E-09
  1563.0 -.3464843E-09
  1564.0 -.2549128E-09
  1565.0 -.1642722E-09
  1566.0 -.7613844E-10
  1567.0 0.7985172E-11
  1568.0 0.8669417E-10
  1569.0 0.1587144E-09
  1570.0 0.2229338E-09
  1571.0 0.2784167E-09
  1572.0 0.3244317E-09
  1573.0 0.3604604E-09
  1574.0 0.3862114E-09
  1575.0 0.4016221E-09
  1576.0 0.4068596E-09
  1577.0 0.4023150E-09
  1578.0 0.3885940E-09
  1579.0 0.3664974E-09
  1580.0 0.3370077E-09
  1581.0 0.3012622E-09
  1582.0 0.2605257E-09
  1583.0 0.2161647E-09
  1584.0 0.1696116E-09
  1585.0 0.1223349E-09
  1586.0 0.7580447E-10
  1587.0 0.3146080E-10
  1588.0 -.9319322E-11
  1589.0 -.4525449E-10
  1590.0 -.7518136E-10
  1591.0 -.9808607E-10
  1592.0 -.1131236E-09
  1593.0 -.1196341E-09
  1594.0 -.1171574E-09
  1595.0 -.1054435E-09
  1596.0 -.8445539E-10
  1597.0 -.5436809E-10
  1598.0 -.1556350E-10
  1599.0 0.3137766E-10
  1600.0 0.8569171E-10
  1601.0 0.1464516E-09
  1602.0 0.2125832E-09
  1603.0 0.2828959E-09
  1604.0 0.3561050E-09
  1605.0 0.4308660E-09
  1606.0 0.5057956E-09
  1607.0 0.5795113E-09
  1608.0 0.6506565E-09
  1609.0 0.7179298E-09
  1610.0 0.7801162E-09
  1611.0 0.8361066E-09
  1612.0 0.8849270E-09
  1613.0 0.9257538E-09
  1614.0 0.9579303E-09
  1615.0 0.9809815E-09
  1616.0 0.9946238E-09
  1617.0 0.9987592E-09
  1618.0 0.9934904E-09
  1619.0 0.9791020E-09
  1620.0 0.9560562E-09
  1621.0 0.9249901E-09
  1622.0 0.8866864E-09
  1623.0 0.8420593E-09
  1624.0 0.7921389E-09
  1625.0 0.7380386E-09
  1626.0 0.6809392E-09
  1627.0 0.6220559E-09
  1628.0 0.5626141E-09
  1629.0 0.5038263E-09
  1630.0 0.4468638E-09
  1631.0 0.3928327E-09
  1632.0 0.3427528E-09
  1633.0 0.2975405E-09
  1634.0 0.2579860E-09
  1635.0 0.2247465E-09
  1636.0 0.1983285E-09
  1637.0 0.1790867E-09
  1638.0 0.1672147E-09
  1639.0 0.1627507E-09
  1640.0 0.1655767E-09
  1641.0 0.1754261E-09
  1642.0 0.1918942E-09
  1643.0 0.2144506E-09
  1644.0 0.2424548E-09
  1645.0 0.2751712E-09
  1646.0 0.3117898E-09
  1647.0 0.3514482E-09
  1648.0 0.3932444E-09
  1649.0 0.4362655E-09
  1650.0 0.4796085E-09
  1651.0 0.5223886E-09
  1652.0 0.5637732E-09
  1653.0 0.6029887E-09
  1654.0 0.6393337E-09
  1655.0 0.6722027E-09
  1656.0 0.7010876E-09
  1657.0 0.7255842E-09
  1658.0 0.7454020E-09
  1659.0 0.7603659E-09
  1660.0 0.7704075E-09
  1661.0 0.7755745E-09
  1662.0 0.7760143E-09
  1663.0 0.7719695E-09
  1664.0 0.7637680E-09
  1665.0 0.7518099E-09
  1666.0 0.7365581E-09
  1667.0 0.7185185E-09
  1668.0 0.6982247E-09
  1669.0 0.6762313E-09
  1670.0 0.6530885E-09
  1671.0 0.6293328E-09
  1672.0 0.6054759E-09
  1673.0 0.5819872E-09
  1674.0 0.5592862E-09
  1675.0 0.5377341E-09
  1676.0 0.5176207E-09
  1677.0 0.4991703E-09
  1678.0 0.4825265E-09
  1679.0 0.4677611E-09
  1680.0 0.4548706E-09
  1681.0 0.4437791E-09
  1682.0 0.4343485E-09
  1683.0 0.4263807E-09
  1684.0 0.4196273E-09
  1685.0 0.4138024E-09
  1686.0 0.4085872E-09
  1687.0 0.4036484E-09
  1688.0 0.3986452E-09
  1689.0 0.3932427E-09
  1690.0 0.3871214E-09
  1691.0 0.3799900E-09
  1692.0 0.3715950E-09
  1693.0 0.3617278E-09
  1694.0 0.3502317E-09
  1695.0 0.3370097E-09
  1696.0 0.3220235E-09
  1697.0 0.3053020E-09
  1698.0 0.2869345E-09
  1699.0 0.2670733E-09
  1700.0 0.2459309E-09
  1701.0 0.2237664E-09
  1702.0 0.2008902E-09
  1703.0 0.1776480E-09
  1704.0 0.1544121E-09
  1705.0 0.1315719E-09
  1706.0 0.1095263E-09
  1707.0 0.8866558E-10
  1708.0 0.6936385E-10
  1709.0 0.5197147E-10
  1710.0 0.3679792E-10
  1711.0 0.2410620E-10
  1712.0 0.1410351E-10
  1713.0 0.6934421E-11
  1714.0 0.2676521E-11
  1715.0 0.1332751E-11
  1716.0 0.2833598E-11
  1717.0 0.7035690E-11
  1718.0 0.1372265E-10
  1719.0 0.2260957E-10
  1720.0 0.3334882E-10
  1721.0 0.4553596E-10
  1722.0 0.5872079E-10
  1723.0 0.7241498E-10
  1724.0 0.8610340E-10
  1725.0 0.9925901E-10
  1726.0 0.1113521E-09
  1727.0 0.1218632E-09
  1728.0 0.1302976E-09
  1729.0 0.1361974E-09
  1730.0 0.1391503E-09
  1731.0 0.1388039E-09
  1732.0 0.1348738E-09
  1733.0 0.1271498E-09
  1734.0 0.1155050E-09
  1735.0 0.9989826E-10
  1736.0 0.8037908E-10
  1737.0 0.5708428E-10
  1738.0 0.3024036E-10
  1739.0 0.1582721E-12
  1740.0 -.3277205E-10
  1741.0 -.6808860E-10
  1742.0 -.1052674E-09
  1743.0 -.1437313E-09
  1744.0 -.1828628E-09
  1745.0 -.2220174E-09
  1746.0 -.2605344E-09
  1747.0 -.2977558E-09
  1748.0 -.3330348E-09
  1749.0 -.3657534E-09
  1750.0 -.3953338E-09
  1751.0 -.4212534E-09
  1752.0 -.4430522E-09
  1753.0 -.4603474E-09
  1754.0 -.4728392E-09
  1755.0 -.4803176E-09
  1756.0 -.4826679E-09
  1757.0 -.4798753E-09
  1758.0 -.4720242E-09
  1759.0 -.4592942E-09
  1760.0 -.4419627E-09
  1761.0 -.4203936E-09
  1762.0 -.3950348E-09
  1763.0 -.3664060E-09
  1764.0 -.3350915E-09
  1765.0 -.3017240E-09
  1766.0 -.2669771E-09
  1767.0 -.2315470E-09
  1768.0 -.1961418E-09
  1769.0 -.1614658E-09
  1770.0 -.1282066E-09
  1771.0 -.9701907E-10
  1772.0 -.6851597E-10
  1773.0 -.4325271E-10
  1774.0 -.2171916E-10
  1775.0 -.4328548E-11
  1776.0 0.8589309E-11
  1777.0 0.1679348E-10
  1778.0 0.2013687E-10
  1779.0 0.1856824E-10
  1780.0 0.1213131E-10
  1781.0 0.9642261E-12
  1782.0 -.1470552E-10
  1783.0 -.3456504E-10
  1784.0 -.5822419E-10
  1785.0 -.8522395E-10
  1786.0 -.1150467E-09
  1787.0 -.1471271E-09
  1788.0 -.1808616E-09
  1789.0 -.2156249E-09
  1790.0 -.2507791E-09
  1791.0 -.2856891E-09
  1792.0 -.3197310E-09
  1793.0 -.3523094E-09
  1794.0 -.3828629E-09
  1795.0 -.4108797E-09
  1796.0 -.4359021E-09
  1797.0 -.4575364E-09
  1798.0 -.4754621E-09
  1799.0 -.4894314E-09
  1800.0 -.4992724E-09
  1801.0 -.5048997E-09
  1802.0 -.5063016E-09
  1803.0 -.5035453E-09
  1804.0 -.4967755E-09
  1805.0 -.4862062E-09
  1806.0 -.4721139E-09
  1807.0 -.4548348E-09
  1808.0 -.4347517E-09
  1809.0 -.4122901E-09
  1810.0 -.3879031E-09
  1811.0 -.3620683E-09
  1812.0 -.3352722E-09
  1813.0 -.3080041E-09
  1814.0 -.2807441E-09
  1815.0 -.2539547E-09
  1816.0 -.2280725E-09
  1817.0 -.2035008E-09
  1818.0 -.1806019E-09
  1819.0 -.1596928E-09
  1820.0 -.1410383E-09
  1821.0 -.1248491E-09
  1822.0 -.1112797E-09
  1823.0 -.1004268E-09
  1824.0 -.9232923E-10
  1825.0 -.8696962E-10
  1826.0 -.8427663E-10
  1827.0 -.8412965E-10
  1828.0 -.8636072E-10
  1829.0 -.9076084E-10
  1830.0 -.9708676E-10
  1831.0 -.1050648E-09
  1832.0 -.1143991E-09
  1833.0 -.1247775E-09
  1834.0 -.1358797E-09
  1835.0 -.1473816E-09
  1836.0 -.1589638E-09
  1837.0 -.1703156E-09
  1838.0 -.1811446E-09
  1839.0 -.1911755E-09
  1840.0 -.2001603E-09
  1841.0 -.2078806E-09
  1842.0 -.2141467E-09
  1843.0 -.2188063E-09
  1844.0 -.2217404E-09
  1845.0 -.2228670E-09
  1846.0 -.2221412E-09
  1847.0 -.2195528E-09
  1848.0 -.2151257E-09
  1849.0 -.2089173E-09
  1850.0 -.2010134E-09
  1851.0 -.1915278E-09
  1852.0 -.1805989E-09
  1853.0 -.1683853E-09
  1854.0 -.1550619E-09
  1855.0 -.1408178E-09
  1856.0 -.1258520E-09
  1857.0 -.1103685E-09
  1858.0 -.9457421E-10
  1859.0 -.7867667E-10
  1860.0 -.6287711E-10
  1861.0 -.4737150E-10
  1862.0 -.3234642E-10
  1863.0 -.1797586E-10
  1864.0 -.4421250E-11
  1865.0 0.8171678E-11
  1866.0 0.1967424E-10
  1867.0 0.2997524E-10
  1868.0 0.3898182E-10
  1869.0 0.4662031E-10
  1870.0 0.5283674E-10
  1871.0 0.5759666E-10
  1872.0 0.6088498E-10
  1873.0 0.6270585E-10
  1874.0 0.6308282E-10
  1875.0 0.6205755E-10
  1876.0 0.5969037E-10
  1877.0 0.5605828E-10
  1878.0 0.5125551E-10
  1879.0 0.4539187E-10
  1880.0 0.3859211E-10
  1881.0 0.3099511E-10
  1882.0 0.2275262E-10
  1883.0 0.1402816E-10
  1884.0 0.4994736E-11
  1885.0 -.4165045E-11
  1886.0 -.1326171E-10
  1887.0 -.2210073E-10
  1888.0 -.3048496E-10
  1889.0 -.3821493E-10
  1890.0 -.4509411E-10
  1891.0 -.5092898E-10
  1892.0 -.5553349E-10
  1893.0 -.5873106E-10
  1894.0 -.6035750E-10
  1895.0 -.6026415E-10
  1896.0 -.5832156E-10
  1897.0 -.5442112E-10
  1898.0 -.4847906E-10
  1899.0 -.4043931E-10
  1900.0 -.3027439E-10
  1901.0 -.1798917E-10
  1902.0 -.3622474E-11
  1903.0 0.1275268E-10
  1904.0 0.3102717E-10
  1905.0 0.5105556E-10
  1906.0 0.7265710E-10
  1907.0 0.9561622E-10
  1908.0 0.1196840E-09
  1909.0 0.1445808E-09
  1910.0 0.1699995E-09
  1911.0 0.1956083E-09
  1912.0 0.2210565E-09
  1913.0 0.2459774E-09
  1914.0 0.2699966E-09
  1915.0 0.2927346E-09
  1916.0 0.3138155E-09
  1917.0 0.3328731E-09
  1918.0 0.3495559E-09
  1919.0 0.3635371E-09
  1920.0 0.3745179E-09
  1921.0 0.3822350E-09
  1922.0 0.3864676E-09
  1923.0 0.3870420E-09
  1924.0 0.3838357E-09
  1925.0 0.3767816E-09
  1926.0 0.3658749E-09
  1927.0 0.3511673E-09
  1928.0 0.3327772E-09
  1929.0 0.3108828E-09
  1930.0 0.2857256E-09
  1931.0 0.2576044E-09
  1932.0 0.2268764E-09
  1933.0 0.1939470E-09
  1934.0 0.1592689E-09
  1935.0 0.1233338E-09
  1936.0 0.8666381E-10
  1937.0 0.4980480E-10
  1938.0 0.1331750E-10
  1939.0 -.2223355E-10
  1940.0 -.5628848E-10
  1941.0 -.8830162E-10
  1942.0 -.1177525E-09
  1943.0 -.1441540E-09
  1944.0 -.1670623E-09
  1945.0 -.1860849E-09
  1946.0 -.2008889E-09
  1947.0 -.2112055E-09
  1948.0 -.2168396E-09
  1949.0 -.2176702E-09
  1950.0 -.2136546E-09
  1951.0 -.2048305E-09
  1952.0 -.1913166E-09
  1953.0 -.1733086E-09
  1954.0 -.1510791E-09
  1955.0 -.1249723E-09
  1956.0 -.9539742E-10
  1957.0 -.6282291E-10
  1958.0 -.2776786E-10
  1959.0 0.9207500E-11
  1960.0 0.4751054E-10
  1961.0 0.8652835E-10
  1962.0 0.1256375E-09
  1963.0 0.1642159E-09
  1964.0 0.2016540E-09
  1965.0 0.2373647E-09
  1966.0 0.2707961E-09
  1967.0 0.3014378E-09
  1968.0 0.3288343E-09
  1969.0 0.3525892E-09
  1970.0 0.3723739E-09
  1971.0 0.3879317E-09
  1972.0 0.3990837E-09
  1973.0 0.4057293E-09
  1974.0 0.4078473E-09
  1975.0 0.4054972E-09
  1976.0 0.3988141E-09
  1977.0 0.3880072E-09
  1978.0 0.3733518E-09
  1979.0 0.3551876E-09
  1980.0 0.3339045E-09
  1981.0 0.3099403E-09
  1982.0 0.2837680E-09
  1983.0 0.2558840E-09
  1984.0 0.2268018E-09
  1985.0 0.1970396E-09
  1986.0 0.1671069E-09
  1987.0 0.1374998E-09
  1988.0 0.1086858E-09
  1989.0 0.8109869E-10
  1990.0 0.5512880E-10
  1991.0 0.3111580E-10
  1992.0 0.9343167E-11
  1993.0 -.9966157E-11
  1994.0 -.2665234E-10
  1995.0 -.4062137E-10
  1996.0 -.5184410E-10
  1997.0 -.6035504E-10
  1998.0 -.6624986E-10
  1999.0 -.6968059E-10
  2000.0 -.7085035E-10
  2001.0 -.7000731E-10
  2002.0 -.6743596E-10
  2003.0 -.6344970E-10
  2004.0 -.5838187E-10
  2005.0 -.5257633E-10
  2006.0 -.4637809E-10
  2007.0 -.4012434E-10
  2008.0 -.3413562E-10
  2009.0 -.2870666E-10
  2010.0 -.2410017E-10
  2011.0 -.2053893E-10
  2012.0 -.1820107E-10
  2013.0 -.1721495E-10
  2014.0 -.1765664E-10
  2015.0 -.1954812E-10
  2016.0 -.2285709E-10
  2017.0 -.2749831E-10
  2018.0 -.3333615E-10
  2019.0 -.4018833E-10
  2020.0 -.4783223E-10
  2021.0 -.5600993E-10
  2022.0 -.6443664E-10
  2023.0 -.7280831E-10
  2024.0 -.8081098E-10
  2025.0 -.8812941E-10
  2026.0 -.9445646E-10
  2027.0 -.9950235E-10
  2028.0 -.1030038E-09
  2029.0 -.1047327E-09
  2030.0 -.1045025E-09
  2031.0 -.1021762E-09
  2032.0 -.9767098E-10
  2033.0 -.9096277E-10
  2034.0 -.8208913E-10
  2035.0 -.7115016E-10
  2036.0 -.5830856E-10
  2037.0 -.4378713E-10
  2038.0 -.2786646E-10
  2039.0 -.1087839E-10
  2040.0 0.6799551E-11
  2041.0 0.2475165E-10
  2042.0 0.4253391E-10
  2043.0 0.5968299E-10
  2044.0 0.7572747E-10
  2045.0 0.9019856E-10
  2046.0 0.1026419E-09
  2047.0 0.1126285E-09
  2048.0 0.1197662E-09
  2049.0 0.1237107E-09
  2050.0 0.1241742E-09
  2051.0 0.1209349E-09
  2052.0 0.1138451E-09
  2053.0 0.1028359E-09
  2054.0 0.8792249E-10
  2055.0 0.6920655E-10
  2056.0 0.4687714E-10
  2057.0 0.2120929E-10
  2058.0 -.7438794E-11
  2059.0 -.3863156E-10
  2060.0 -.7186211E-10
  2061.0 -.1065613E-09
  2062.0 -.1421084E-09
  2063.0 -.1778420E-09
  2064.0 -.2130738E-09
  2065.0 -.2471009E-09
  2066.0 -.2792230E-09
  2067.0 -.3087540E-09
  2068.0 -.3350393E-09
  2069.0 -.3574694E-09
  2070.0 -.3754936E-09
  2071.0 -.3886340E-09
  2072.0 -.3964968E-09
  2073.0 -.3987826E-09
  2074.0 -.3952949E-09
  2075.0 -.3859492E-09
  2076.0 -.3707735E-09
  2077.0 -.3499123E-09
  2078.0 -.3236299E-09
  2079.0 -.2923018E-09
  2080.0 -.2564150E-09
  2081.0 -.2165577E-09
  2082.0 -.1734117E-09
  2083.0 -.1277388E-09
  2084.0 -.8036957E-10
  2085.0 -.3218636E-10
  2086.0 0.1589297E-10
  2087.0 0.6293163E-10
  2088.0 0.1079934E-09
  2089.0 0.1501616E-09
  2090.0 0.1885566E-09
  2091.0 0.2223552E-09
  2092.0 0.2508084E-09
  2093.0 0.2732570E-09
  2094.0 0.2891483E-09
  2095.0 0.2980466E-09
  2096.0 0.2996475E-09
  2097.0 0.2937853E-09
  2098.0 0.2804383E-09
  2099.0 0.2597346E-09
  2100.0 0.2319506E-09
  2101.0 0.1975099E-09
  2102.0 0.1569778E-09
  2103.0 0.1110528E-09
  2104.0 0.6055752E-10
  2105.0 0.6423390E-11
  2106.0 -.5032388E-10
  2107.0 -.1085830E-09
  2108.0 -.1671956E-09
  2109.0 -.2249685E-09
  2110.0 -.2806951E-09
  2111.0 -.3331780E-09
  2112.0 -.3812520E-09
  2113.0 -.4238083E-09
  2114.0 -.4598140E-09
  2115.0 -.4883364E-09
  2116.0 -.5085585E-09
  2117.0 -.5197995E-09
  2118.0 -.5215317E-09
  2119.0 -.5133882E-09
  2120.0 -.4951788E-09
  2121.0 -.4668916E-09
  2122.0 -.4287024E-09
  2123.0 -.3809688E-09
  2124.0 -.3242337E-09
  2125.0 -.2592137E-09
  2126.0 -.1867927E-09
  2127.0 -.1080077E-09
  2128.0 -.2403362E-10
  2129.0 0.6383567E-10
  2130.0 0.1542071E-09
  2131.0 0.2456124E-09
  2132.0 0.3365324E-09
  2133.0 0.4254221E-09
  2134.0 0.5107385E-09
  2135.0 0.5909652E-09
  2136.0 0.6646418E-09
  2137.0 0.7303871E-09
  2138.0 0.7869278E-09
  2139.0 0.8331169E-09
  2140.0 0.8679584E-09
  2141.0 0.8906260E-09
  2142.0 0.9004805E-09
  2143.0 0.8970765E-09
  2144.0 0.8801813E-09
  2145.0 0.8497748E-09
  2146.0 0.8060558E-09
  2147.0 0.7494401E-09
  2148.0 0.6805542E-09
  2149.0 0.6002294E-09
  2150.0 0.5094896E-09
  2151.0 0.4095342E-09
  2152.0 0.3017256E-09
  2153.0 0.1875606E-09
  2154.0 0.6865308E-10
  2155.0 -.5329402E-10
  2156.0 -.1765139E-09
  2157.0 -.2992067E-09
  2158.0 -.4195633E-09
  2159.0 -.5358015E-09
  2160.0 -.6461857E-09
  2161.0 -.7490626E-09
  2162.0 -.8428843E-09
  2163.0 -.9262330E-09
  2164.0 -.9978410E-09
  2165.0 -.1056618E-08
  2166.0 -.1101665E-08
  2167.0 -.1132283E-08
  2168.0 -.1147994E-08
  2169.0 -.1148536E-08
  2170.0 -.1133886E-08
  2171.0 -.1104236E-08
  2172.0 -.1060008E-08
  2173.0 -.1001837E-08
  2174.0 -.9305626E-09
  2175.0 -.8472207E-09
  2176.0 -.7530180E-09
  2177.0 -.6493137E-09
  2178.0 -.5376050E-09
  2179.0 -.4194936E-09
  2180.0 -.2966653E-09
  2181.0 -.1708617E-09
  2182.0 -.4385317E-10
  2183.0 0.8258992E-10
  2184.0 0.2067230E-09
  2185.0 0.3268556E-09
  2186.0 0.4413765E-09
  2187.0 0.5487780E-09
  2188.0 0.6476795E-09
  2189.0 0.7368426E-09
  2190.0 0.8151969E-09
  2191.0 0.8818457E-09
  2192.0 0.9360830E-09
  2193.0 0.9774023E-09
  2194.0 0.1005498E-08
  2195.0 0.1020269E-08
  2196.0 0.1021816E-08
  2197.0 0.1010441E-08
  2198.0 0.9866299E-09
  2199.0 0.9510527E-09
  2200.0 0.9045440E-09
  2201.0 0.8480843E-09
  2202.0 0.7827836E-09
  2203.0 0.7098687E-09
  2204.0 0.6306425E-09
  2205.0 0.5464872E-09
  2206.0 0.4588148E-09
  2207.0 0.3690631E-09
  2208.0 0.2786605E-09
  2209.0 0.1890080E-09
  2210.0 0.1014552E-09
  2211.0 0.1727941E-10
  2212.0 -.6233353E-10
  2213.0 -.1363062E-09
  2214.0 -.2036861E-09
  2215.0 -.2636577E-09
  2216.0 -.3155534E-09
  2217.0 -.3588594E-09
  2218.0 -.3932254E-09
  2219.0 -.4184584E-09
  2220.0 -.4345301E-09
  2221.0 -.4415685E-09
  2222.0 -.4398538E-09
  2223.0 -.4298094E-09
  2224.0 -.4119882E-09
  2225.0 -.3870652E-09
  2226.0 -.3558166E-09
  2227.0 -.3191070E-09
  2228.0 -.2778716E-09
  2229.0 -.2330951E-09
  2230.0 -.1857967E-09
  2231.0 -.1370075E-09
  2232.0 -.8775303E-10
  2233.0 -.3903437E-10
  2234.0 0.8188912E-11
  2235.0 0.5301649E-10
  2236.0 0.9462214E-10
  2237.0 0.1322667E-09
  2238.0 0.1653101E-09
  2239.0 0.1932217E-09
  2240.0 0.2155869E-09
  2241.0 0.2321122E-09
  2242.0 0.2426294E-09
  2243.0 0.2470943E-09
  2244.0 0.2455857E-09
  2245.0 0.2383015E-09
  2246.0 0.2255519E-09
  2247.0 0.2077516E-09
  2248.0 0.1854095E-09
  2249.0 0.1591159E-09
  2250.0 0.1295314E-09
  2251.0 0.9737021E-10
  2252.0 0.6338733E-10
  2253.0 0.2836167E-10
  2254.0 -.6920096E-11
  2255.0 -.4167880E-10
  2256.0 -.7515809E-10
  2257.0 -.1066402E-09
  2258.0 -.1354591E-09
  2259.0 -.1610137E-09
  2260.0 -.1827789E-09
  2261.0 -.2003163E-09
  2262.0 -.2132810E-09
  2263.0 -.2214290E-09
  2264.0 -.2246201E-09
  2265.0 -.2228207E-09
  2266.0 -.2161039E-09
  2267.0 -.2046473E-09
  2268.0 -.1887281E-09
  2269.0 -.1687180E-09
  2270.0 -.1450751E-09
  2271.0 -.1183333E-09
  2272.0 -.8909282E-10
  2273.0 -.5800732E-10
  2274.0 -.2576967E-10
  2275.0 0.6900284E-11
  2276.0 0.3927207E-10
  2277.0 0.7061859E-10
  2278.0 0.1002305E-09
  2279.0 0.1274306E-09
  2280.0 0.1515881E-09
  2281.0 0.1721318E-09
  2282.0 0.1885602E-09
  2283.0 0.2004533E-09
  2284.0 0.2074812E-09
  2285.0 0.2094108E-09
  2286.0 0.2061109E-09
  2287.0 0.1975567E-09
  2288.0 0.1838298E-09
  2289.0 0.1651178E-09
  2290.0 0.1417120E-09
  2291.0 0.1140019E-09
  2292.0 0.8246877E-10
  2293.0 0.4767762E-10
  2294.0 0.1026588E-10
  2295.0 -.2906654E-10
  2296.0 -.6957186E-10
  2297.0 -.1104671E-09
  2298.0 -.1509492E-09
  2299.0 -.1902100E-09
  2300.0 -.2274511E-09
  2301.0 -.2619012E-09
  2302.0 -.2928278E-09
  2303.0 -.3195536E-09
  2304.0 -.3414705E-09
  2305.0 -.3580498E-09
  2306.0 -.3688550E-09
  2307.0 -.3735497E-09
  2308.0 -.3719062E-09
  2309.0 -.3638108E-09
  2310.0 -.3492665E-09
  2311.0 -.3283970E-09
  2312.0 -.3014425E-09
  2313.0 -.2687605E-09
  2314.0 -.2308185E-09
  2315.0 -.1881873E-09
  2316.0 -.1415337E-09
  2317.0 -.9160792E-10
  2318.0 -.3923281E-10
  2319.0 0.1471123E-10
  2320.0 0.6930010E-10
  2321.0 0.1235814E-09
  2322.0 0.1765925E-09
  2323.0 0.2273757E-09
  2324.0 0.2749960E-09
  2325.0 0.3185563E-09
  2326.0 0.3572150E-09
  2327.0 0.3902025E-09
  2328.0 0.4168317E-09
  2329.0 0.4365132E-09
  2330.0 0.4487659E-09
  2331.0 0.4532282E-09
  2332.0 0.4496636E-09
  2333.0 0.4379671E-09
  2334.0 0.4181679E-09
  2335.0 0.3904304E-09
  2336.0 0.3550551E-09
  2337.0 0.3124722E-09
  2338.0 0.2632376E-09
  2339.0 0.2080246E-09
  2340.0 0.1476137E-09
  2341.0 0.8288134E-10
  2342.0 0.1478576E-10
  2343.0 -.5564685E-10
  2344.0 -.1273394E-09
  2345.0 -.1991805E-09
  2346.0 -.2700424E-09
  2347.0 -.3387981E-09
  2348.0 -.4043409E-09
  2349.0 -.4656021E-09
  2350.0 -.5215677E-09
  2351.0 -.5712945E-09
  2352.0 -.6139252E-09
  2353.0 -.6487071E-09
  2354.0 -.6749981E-09
  2355.0 -.6922813E-09
  2356.0 -.7001726E-09
  2357.0 -.6984276E-09
  2358.0 -.6869486E-09
  2359.0 -.6657792E-09
  2360.0 -.6351139E-09
  2361.0 -.5952885E-09
  2362.0 -.5467789E-09
  2363.0 -.4901927E-09
  2364.0 -.4262613E-09
  2365.0 -.3558275E-09
  2366.0 -.2798329E-09
  2367.0 -.1993061E-09
  2368.0 -.1153444E-09
  2369.0 -.2909874E-10
  2370.0 0.5824396E-10
  2371.0 0.1454793E-09
  2372.0 0.2314025E-09
  2373.0 0.3148270E-09
  2374.0 0.3946015E-09
  2375.0 0.4696281E-09
  2376.0 0.5388778E-09
  2377.0 0.6014049E-09
  2378.0 0.6563613E-09
  2379.0 0.7030084E-09
  2380.0 0.7407279E-09
  2381.0 0.7690296E-09
  2382.0 0.7875581E-09
  2383.0 0.7960956E-09
  2384.0 0.7945671E-09
  2385.0 0.7830391E-09
  2386.0 0.7617168E-09
  2387.0 0.7309395E-09
  2388.0 0.6911746E-09
  2389.0 0.6430135E-09
  2390.0 0.5871565E-09
  2391.0 0.5244051E-09
  2392.0 0.4556469E-09
  2393.0 0.3818417E-09
  2394.0 0.3040111E-09
  2395.0 0.2232187E-09
  2396.0 0.1405552E-09
  2397.0 0.5712412E-10
  2398.0 -.2597560E-10
  2399.0 -.1076648E-09
