     0.0 0.0000000E+00
     1.0 0.1313860E-17
     2.0 0.4517904E-16
     3.0 0.2481007E-15
     4.0 0.8033778E-15
     5.0 0.1983855E-14
     6.0 0.4139935E-14
     7.0 0.7693966E-14
     8.0 0.1313229E-13
     9.0 0.2099459E-13
    10.0 0.3186040E-13
    11.0 0.4633312E-13
    12.0 0.6502184E-13
    13.0 0.8852139E-13
    14.0 0.1173910E-12
    15.0 0.1521318E-12
    16.0 0.1931644E-12
    17.0 0.2408060E-12
    18.0 0.2952483E-12
    19.0 0.3565368E-12
    20.0 0.4245515E-12
    21.0 0.4989897E-12
    22.0 0.5793521E-12
    23.0 0.6649309E-12
    24.0 0.7548023E-12
    25.0 0.8478221E-12
    26.0 0.9426259E-12
    27.0 0.1037633E-11
    28.0 0.1131053E-11
    29.0 0.1220905E-11
    30.0 0.1305025E-11
    31.0 0.1381096E-11
    32.0 0.1446672E-11
    33.0 0.1499205E-11
    34.0 0.1536082E-11
    35.0 0.1554663E-11
    36.0 0.1552320E-11
    37.0 0.1526481E-11
    38.0 0.1474678E-11
    39.0 0.1394590E-11
    40.0 0.1284095E-11
    41.0 0.1141317E-11
    42.0 0.9646751E-12
    43.0 0.7529256E-12
    44.0 0.5052070E-12
    45.0 0.2210826E-12
    46.0 -.9943259E-13
    47.0 -.4558373E-12
    48.0 -.8471268E-12
    49.0 -.1271781E-11
    50.0 -.1727760E-11
    51.0 -.2212515E-11
    52.0 -.2723006E-11
    53.0 -.3255737E-11
    54.0 -.3806793E-11
    55.0 -.4371907E-11
    56.0 -.4946525E-11
    57.0 -.5525884E-11
    58.0 -.6105112E-11
    59.0 -.6679330E-11
    60.0 -.7243758E-11
    61.0 -.7793832E-11
    62.0 -.8325329E-11
    63.0 -.8834482E-11
    64.0 -.9318112E-11
    65.0 -.9773703E-11
    66.0 -.1019955E-10
    67.0 -.1059481E-10
    68.0 -.1095960E-10
    69.0 -.1129502E-10
    70.0 -.1160318E-10
    71.0 -.1188725E-10
    72.0 -.1215135E-10
    73.0 -.1240054E-10
    74.0 -.1264071E-10
    75.0 -.1287849E-10
    76.0 -.1312103E-10
    77.0 -.1337590E-10
    78.0 -.1365079E-10
    79.0 -.1395340E-10
    80.0 -.1429110E-10
    81.0 -.1467072E-10
    82.0 -.1509830E-10
    83.0 -.1557886E-10
    84.0 -.1611611E-10
    85.0 -.1671233E-10
    86.0 -.1736811E-10
    87.0 -.1808221E-10
    88.0 -.1885153E-10
    89.0 -.1967101E-10
    90.0 -.2053362E-10
    91.0 -.2143046E-10
    92.0 -.2235092E-10
    93.0 -.2328279E-10
    94.0 -.2421254E-10
    95.0 -.2512566E-10
    96.0 -.2600705E-10
    97.0 -.2684125E-10
    98.0 -.2761307E-10
    99.0 -.2830787E-10
   100.0 -.2891216E-10
   101.0 -.2941399E-10
   102.0 -.2980343E-10
   103.0 -.3007303E-10
   104.0 -.3021835E-10
   105.0 -.3023801E-10
   106.0 -.3013411E-10
   107.0 -.2991216E-10
   108.0 -.2958131E-10
   109.0 -.2915393E-10
   110.0 -.2864577E-10
   111.0 -.2807521E-10
   112.0 -.2746317E-10
   113.0 -.2683228E-10
   114.0 -.2620640E-10
   115.0 -.2560969E-10
   116.0 -.2506609E-10
   117.0 -.2459827E-10
   118.0 -.2422686E-10
   119.0 -.2396963E-10
   120.0 -.2384073E-10
   121.0 -.2384997E-10
   122.0 -.2400222E-10
   123.0 -.2429691E-10
   124.0 -.2472780E-10
   125.0 -.2528272E-10
   126.0 -.2594372E-10
   127.0 -.2668731E-10
   128.0 -.2748484E-10
   129.0 -.2830332E-10
   130.0 -.2910615E-10
   131.0 -.2985423E-10
   132.0 -.3050726E-10
   133.0 -.3102502E-10
   134.0 -.3136874E-10
   135.0 -.3150284E-10
   136.0 -.3139626E-10
   137.0 -.3102400E-10
   138.0 -.3036869E-10
   139.0 -.2942160E-10
   140.0 -.2818386E-10
   141.0 -.2666733E-10
   142.0 -.2489509E-10
   143.0 -.2290173E-10
   144.0 -.2073330E-10
   145.0 -.1844662E-10
   146.0 -.1610870E-10
   147.0 -.1379537E-10
   148.0 -.1158971E-10
   149.0 -.9579950E-11
   150.0 -.7857529E-11
   151.0 -.6514268E-11
   152.0 -.5639790E-11
   153.0 -.5318808E-11
   154.0 -.5627943E-11
   155.0 -.6633005E-11
   156.0 -.8386304E-11
   157.0 -.1092398E-10
   158.0 -.1426388E-10
   159.0 -.1840351E-10
   160.0 -.2331886E-10
   161.0 -.2896340E-10
   162.0 -.3526779E-10
   163.0 -.4214043E-10
   164.0 -.4946818E-10
   165.0 -.5711814E-10
   166.0 -.6494037E-10
   167.0 -.7277025E-10
   168.0 -.8043263E-10
   169.0 -.8774544E-10
   170.0 -.9452473E-10
   171.0 -.1005888E-09
   172.0 -.1057641E-09
   173.0 -.1098894E-09
   174.0 -.1128215E-09
   175.0 -.1144397E-09
   176.0 -.1146503E-09
   177.0 -.1133906E-09
   178.0 -.1106317E-09
   179.0 -.1063820E-09
   180.0 -.1006874E-09
   181.0 -.9363306E-10
   182.0 -.8534238E-10
   183.0 -.7597581E-10
   184.0 -.6572780E-10
   185.0 -.5482389E-10
   186.0 -.4351517E-10
   187.0 -.3207327E-10
   188.0 -.2078419E-10
   189.0 -.9940178E-11
   190.0 0.1665179E-12
   191.0 0.9252567E-11
   192.0 0.1705079E-10
   193.0 0.2331864E-10
   194.0 0.2784497E-10
   195.0 0.3045766E-10
   196.0 0.3102899E-10
   197.0 0.2948150E-10
   198.0 0.2579136E-10
   199.0 0.1999105E-10
   200.0 0.1217062E-10
   201.0 0.2477300E-11
   202.0 -.8887170E-11
   203.0 -.2166951E-10
   204.0 -.3557086E-10
   205.0 -.5025280E-10
   206.0 -.6534614E-10
   207.0 -.8046008E-10
   208.0 -.9519215E-10
   209.0 -.1091396E-09
   210.0 -.1219103E-09
   211.0 -.1331349E-09
   212.0 -.1424779E-09
   213.0 -.1496470E-09
   214.0 -.1544053E-09
   215.0 -.1565780E-09
   216.0 -.1560605E-09
   217.0 -.1528235E-09
   218.0 -.1469163E-09
   219.0 -.1384685E-09
   220.0 -.1276883E-09
   221.0 -.1148591E-09
   222.0 -.1003352E-09
   223.0 -.8453240E-10
   224.0 -.6791863E-10
   225.0 -.5100196E-10
   226.0 -.3431710E-10
   227.0 -.1841069E-10
   228.0 -.3825521E-11
   229.0 0.8916029E-11
   230.0 0.1932739E-10
   231.0 0.2697437E-10
   232.0 0.3149037E-10
   233.0 0.3258840E-10
   234.0 0.3007463E-10
   235.0 0.2385672E-10
   236.0 0.1395100E-10
   237.0 0.4860297E-12
   238.0 -.1629484E-10
   239.0 -.3603803E-10
   240.0 -.5828483E-10
   241.0 -.8248018E-10
   242.0 -.1079844E-09
   243.0 -.1340907E-09
   244.0 -.1600403E-09
   245.0 -.1850445E-09
   246.0 -.2083067E-09
   247.0 -.2290445E-09
   248.0 -.2465136E-09
   249.0 -.2600331E-09
   250.0 -.2690065E-09
   251.0 -.2729448E-09
   252.0 -.2714847E-09
   253.0 -.2644063E-09
   254.0 -.2516465E-09
   255.0 -.2333075E-09
   256.0 -.2096641E-09
   257.0 -.1811618E-09
   258.0 -.1484158E-09
   259.0 -.1121985E-09
   260.0 -.7342855E-10
   261.0 -.3314989E-10
   262.0 0.7489916E-11
   263.0 0.4726610E-10
   264.0 0.8490948E-10
   265.0 0.1191372E-09
   266.0 0.1486874E-09
   267.0 0.1723568E-09
   268.0 0.1890360E-09
   269.0 0.1977422E-09
   270.0 0.1976574E-09
   271.0 0.1881525E-09
   272.0 0.1688184E-09
   273.0 0.1394870E-09
   274.0 0.1002439E-09
   275.0 0.5144353E-10
   276.0 -.6289155E-11
   277.0 -.7206331E-10
   278.0 -.1447307E-09
   279.0 -.2229038E-09
   280.0 -.3049810E-09
   281.0 -.3891767E-09
   282.0 -.4735585E-09
   283.0 -.5560901E-09
   284.0 -.6346764E-09
   285.0 -.7072155E-09
   286.0 -.7716489E-09
   287.0 -.8260137E-09
   288.0 -.8684958E-09
   289.0 -.8974803E-09
   290.0 -.9115980E-09
   291.0 -.9097652E-09
   292.0 -.8912254E-09
   293.0 -.8555723E-09
   294.0 -.8027772E-09
   295.0 -.7331967E-09
   296.0 -.6475792E-09
   297.0 -.5470570E-09
   298.0 -.4331294E-09
   299.0 -.3076388E-09
   300.0 -.1727332E-09
   301.0 -.3082092E-10
   302.0 0.1154777E-09
   303.0 0.2633922E-09
   304.0 0.4100660E-09
   305.0 0.5526227E-09
   306.0 0.6882390E-09
   307.0 0.8142116E-09
   308.0 0.9280343E-09
   309.0 0.1027454E-08
   310.0 0.1110542E-08
   311.0 0.1175745E-08
   312.0 0.1221929E-08
   313.0 0.1248422E-08
   314.0 0.1255036E-08
   315.0 0.1242084E-08
   316.0 0.1210382E-08
   317.0 0.1161234E-08
   318.0 0.1096418E-08
   319.0 0.1018138E-08
   320.0 0.9289854E-09
   321.0 0.8318735E-09
   322.0 0.7299731E-09
   323.0 0.6266321E-09
   324.0 0.5252967E-09
   325.0 0.4294162E-09
   326.0 0.3423622E-09
   327.0 0.2673302E-09
   328.0 0.2072559E-09
   329.0 0.1647333E-09
   330.0 0.1419362E-09
   331.0 0.1405532E-09
   332.0 0.1617322E-09
   333.0 0.2060351E-09
   334.0 0.2734095E-09
   335.0 0.3631799E-09
   336.0 0.4740400E-09
   337.0 0.6040796E-09
   338.0 0.7508191E-09
   339.0 0.9112568E-09
   340.0 0.1081931E-08
   341.0 0.1259004E-08
   342.0 0.1438351E-08
   343.0 0.1615659E-08
   344.0 0.1786527E-08
   345.0 0.1946593E-08
   346.0 0.2091626E-08
   347.0 0.2217655E-08
   348.0 0.2321072E-08
   349.0 0.2398732E-08
   350.0 0.2448039E-08
   351.0 0.2467039E-08
   352.0 0.2454468E-08
   353.0 0.2409812E-08
   354.0 0.2333340E-08
   355.0 0.2226095E-08
   356.0 0.2089912E-08
   357.0 0.1927360E-08
   358.0 0.1741718E-08
   359.0 0.1536884E-08
   360.0 0.1317311E-08
   361.0 0.1087887E-08
   362.0 0.8538212E-09
   363.0 0.6205278E-09
   364.0 0.3934812E-09
   365.0 0.1780787E-09
   366.0 -.2049321E-10
   367.0 -.1974040E-09
   368.0 -.3483122E-09
   369.0 -.4694777E-09
   370.0 -.5578807E-09
   371.0 -.6113043E-09
   372.0 -.6284240E-09
   373.0 -.6088377E-09
   374.0 -.5531161E-09
   375.0 -.4627956E-09
   376.0 -.3403633E-09
   377.0 -.1892139E-09
   378.0 -.1357136E-10
   379.0 0.1815936E-09
   380.0 0.3906832E-09
   381.0 0.6076040E-09
   382.0 0.8259107E-09
   383.0 0.1038981E-08
   384.0 0.1240176E-08
   385.0 0.1423002E-08
   386.0 0.1581311E-08
   387.0 0.1709456E-08
   388.0 0.1802447E-08
   389.0 0.1856102E-08
   390.0 0.1867193E-08
   391.0 0.1833525E-08
   392.0 0.1754049E-08
   393.0 0.1628896E-08
   394.0 0.1459426E-08
   395.0 0.1248205E-08
   396.0 0.9989904E-09
   397.0 0.7166477E-09
   398.0 0.4070655E-09
   399.0 0.7703052E-10
   400.0 -.2659299E-09
   401.0 -.6137134E-09
   402.0 -.9578440E-09
   403.0 -.1289670E-08
   404.0 -.1600588E-08
   405.0 -.1882273E-08
   406.0 -.2126886E-08
   407.0 -.2327283E-08
   408.0 -.2477246E-08
   409.0 -.2571640E-08
   410.0 -.2606587E-08
   411.0 -.2579609E-08
   412.0 -.2489714E-08
   413.0 -.2337473E-08
   414.0 -.2125063E-08
   415.0 -.1856247E-08
   416.0 -.1536324E-08
   417.0 -.1172056E-08
   418.0 -.7715277E-09
   419.0 -.3439971E-09
   420.0 0.1003069E-09
   421.0 0.5504117E-09
   422.0 0.9948471E-09
   423.0 0.1421901E-08
   424.0 0.1819933E-08
   425.0 0.2177620E-08
   426.0 0.2484282E-08
   427.0 0.2730136E-08
   428.0 0.2906568E-08
   429.0 0.3006380E-08
   430.0 0.3023997E-08
   431.0 0.2955654E-08
   432.0 0.2799542E-08
   433.0 0.2555889E-08
   434.0 0.2227035E-08
   435.0 0.1817407E-08
   436.0 0.1333497E-08
   437.0 0.7837380E-09
   438.0 0.1783712E-09
   439.0 -.4707550E-09
   440.0 -.1150435E-08
   441.0 -.1846370E-08
   442.0 -.2543488E-08
   443.0 -.3226291E-08
   444.0 -.3879193E-08
   445.0 -.4486898E-08
   446.0 -.5034785E-08
   447.0 -.5509236E-08
   448.0 -.5898023E-08
   449.0 -.6190596E-08
   450.0 -.6378402E-08
   451.0 -.6455124E-08
   452.0 -.6416891E-08
   453.0 -.6262401E-08
   454.0 -.5993060E-08
   455.0 -.5612956E-08
   456.0 -.5128895E-08
   457.0 -.4550230E-08
   458.0 -.3888757E-08
   459.0 -.3158457E-08
   460.0 -.2375239E-08
   461.0 -.1556591E-08
   462.0 -.7212206E-09
   463.0 0.1113753E-09
   464.0 0.9213471E-09
   465.0 0.1688950E-08
   466.0 0.2395017E-08
   467.0 0.3021436E-08
   468.0 0.3551585E-08
   469.0 0.3970765E-08
   470.0 0.4266607E-08
   471.0 0.4429398E-08
   472.0 0.4452390E-08
   473.0 0.4332019E-08
   474.0 0.4068058E-08
   475.0 0.3663730E-08
   476.0 0.3125675E-08
   477.0 0.2463901E-08
   478.0 0.1691617E-08
   479.0 0.8249914E-09
   480.0 -.1171431E-09
   481.0 -.1113686E-08
   482.0 -.2141707E-08
   483.0 -.3176939E-08
   484.0 -.4194324E-08
   485.0 -.5168591E-08
   486.0 -.6074822E-08
   487.0 -.6889078E-08
   488.0 -.7588984E-08
   489.0 -.8154272E-08
   490.0 -.8567315E-08
   491.0 -.8813647E-08
   492.0 -.8882331E-08
   493.0 -.8766329E-08
   494.0 -.8462776E-08
   495.0 -.7973147E-08
   496.0 -.7303319E-08
   497.0 -.6463567E-08
   498.0 -.5468449E-08
   499.0 -.4336534E-08
   500.0 -.3090139E-08
   501.0 -.1754831E-08
   502.0 -.3590147E-09
   503.0 0.1066746E-08
   504.0 0.2490306E-08
   505.0 0.3878667E-08
   506.0 0.5198732E-08
   507.0 0.6418023E-08
   508.0 0.7505481E-08
   509.0 0.8432179E-08
   510.0 0.9172092E-08
   511.0 0.9702699E-08
   512.0 0.1000565E-07
   513.0 0.1006725E-07
   514.0 0.9878914E-08
   515.0 0.9437481E-08
   516.0 0.8745430E-08
   517.0 0.7810954E-08
   518.0 0.6647964E-08
   519.0 0.5275866E-08
   520.0 0.3719274E-08
   521.0 0.2007630E-08
   522.0 0.1745901E-09
   523.0 -.1742576E-08
   524.0 -.3703738E-08
   525.0 -.5666770E-08
   526.0 -.7588406E-08
   527.0 -.9425212E-08
   528.0 -.1113454E-07
   529.0 -.1267549E-07
   530.0 -.1400993E-07
   531.0 -.1510329E-07
   532.0 -.1592559E-07
   533.0 -.1645208E-07
   534.0 -.1666394E-07
   535.0 -.1654895E-07
   536.0 -.1610177E-07
   537.0 -.1532428E-07
   538.0 -.1422577E-07
   539.0 -.1282283E-07
   540.0 -.1113918E-07
   541.0 -.9205324E-08
   542.0 -.7058000E-08
   543.0 -.4739524E-08
   544.0 -.2297017E-08
   545.0 0.2185947E-09
   546.0 0.2753545E-08
   547.0 0.5252409E-08
   548.0 0.7659265E-08
   549.0 0.9918908E-08
   550.0 0.1197813E-07
   551.0 0.1378685E-07
   552.0 0.1529941E-07
   553.0 0.1647556E-07
   554.0 0.1728160E-07
   555.0 0.1769106E-07
   556.0 0.1768573E-07
   557.0 0.1725596E-07
   558.0 0.1640131E-07
   559.0 0.1513060E-07
   560.0 0.1346197E-07
   561.0 0.1142274E-07
   562.0 0.9048919E-08
   563.0 0.6384734E-08
   564.0 0.3481789E-08
   565.0 0.3980623E-09
   566.0 -.2803146E-08
   567.0 -.6054517E-08
   568.0 -.9286008E-08
   569.0 -.1242640E-07
   570.0 -.1540476E-07
   571.0 -.1815198E-07
   572.0 -.2060235E-07
   573.0 -.2269492E-07
   574.0 -.2437497E-07
   575.0 -.2559546E-07
   576.0 -.2631787E-07
   577.0 -.2651347E-07
   578.0 -.2616393E-07
   579.0 -.2526202E-07
   580.0 -.2381201E-07
   581.0 -.2182956E-07
   582.0 -.1934183E-07
   583.0 -.1638698E-07
   584.0 -.1301358E-07
   585.0 -.9279680E-08
   586.0 -.5251860E-08
   587.0 -.1003784E-08
   588.0 0.3385081E-08
   589.0 0.7831271E-08
   590.0 0.1224880E-07
   591.0 0.1655122E-07
   592.0 0.2065324E-07
   593.0 0.2447272E-07
   594.0 0.2793237E-07
   595.0 0.3096149E-07
   596.0 0.3349754E-07
   597.0 0.3548774E-07
   598.0 0.3688988E-07
   599.0 0.3767402E-07
   600.0 0.3782264E-07
   601.0 0.3733135E-07
   602.0 0.3620942E-07
   603.0 0.3447919E-07
   604.0 0.3217607E-07
   605.0 0.2934769E-07
   606.0 0.2605313E-07
   607.0 0.2236144E-07
   608.0 0.1835048E-07
   609.0 0.1410505E-07
   610.0 0.9715173E-08
   611.0 0.5274022E-08
   612.0 0.8757837E-09
   613.0 -.3386247E-08
   614.0 -.7422060E-08
   615.0 -.1114692E-07
   616.0 -.1448327E-07
   617.0 -.1736271E-07
   618.0 -.1972775E-07
   619.0 -.2153294E-07
   620.0 -.2274641E-07
   621.0 -.2335047E-07
   622.0 -.2334229E-07
   623.0 -.2273410E-07
   624.0 -.2155304E-07
   625.0 -.1984067E-07
   626.0 -.1765200E-07
   627.0 -.1505451E-07
   628.0 -.1212653E-07
   629.0 -.8955169E-08
   630.0 -.5634848E-08
   631.0 -.2264412E-08
   632.0 0.1054810E-08
   633.0 0.4222093E-08
   634.0 0.7139303E-08
   635.0 0.9713974E-08
   636.0 0.1186159E-07
   637.0 0.1350815E-07
   638.0 0.1459214E-07
   639.0 0.1506670E-07
   640.0 0.1490120E-07
   641.0 0.1408258E-07
   642.0 0.1261621E-07
   643.0 0.1052653E-07
   644.0 0.7856953E-08
   645.0 0.4669449E-08
   646.0 0.1043927E-08
   647.0 -.2923458E-08
   648.0 -.7121870E-08
   649.0 -.1142797E-07
   650.0 -.1570870E-07
   651.0 -.1982382E-07
   652.0 -.2362965E-07
   653.0 -.2698194E-07
   654.0 -.2973987E-07
   655.0 -.3176921E-07
   656.0 -.3294661E-07
   657.0 -.3316228E-07
   658.0 -.3232418E-07
   659.0 -.3036046E-07
   660.0 -.2722260E-07
   661.0 -.2288757E-07
   662.0 -.1735996E-07
   663.0 -.1067283E-07
   664.0 -.2888978E-08
   665.0 0.5899194E-08
   666.0 0.1557026E-07
   667.0 0.2597501E-07
   668.0 0.3693800E-07
   669.0 0.4826032E-07
   670.0 0.5972281E-07
   671.0 0.7108955E-07
   672.0 0.8211249E-07
   673.0 0.9253556E-07
   674.0 0.1021003E-06
   675.0 0.1105508E-06
   676.0 0.1176396E-06
   677.0 0.1231332E-06
   678.0 0.1268171E-06
   679.0 0.1285019E-06
   680.0 0.1280285E-06
   681.0 0.1252718E-06
   682.0 0.1201461E-06
   683.0 0.1126078E-06
   684.0 0.1026591E-06
   685.0 0.9034938E-07
   686.0 0.7577720E-07
   687.0 0.5908986E-07
   688.0 0.4048339E-07
   689.0 0.2020069E-07
   690.0 -.1470984E-08
   691.0 -.2420381E-07
   692.0 -.4763351E-07
   693.0 -.7136495E-07
   694.0 -.9497860E-07
   695.0 -.1180367E-06
   696.0 -.1400914E-06
   697.0 -.1606926E-06
   698.0 -.1793965E-06
   699.0 -.1957734E-06
   700.0 -.2094174E-06
   701.0 -.2199536E-06
   702.0 -.2270475E-06
   703.0 -.2304119E-06
   704.0 -.2298147E-06
   705.0 -.2250852E-06
   706.0 -.2161185E-06
   707.0 -.2028813E-06
   708.0 -.1854152E-06
   709.0 -.1638377E-06
   710.0 -.1383439E-06
   711.0 -.1092057E-06
   712.0 -.7676989E-07
   713.0 -.4145407E-07
   714.0 -.3742819E-08
   715.0 0.3581895E-07
   716.0 0.7663317E-07
   717.0 0.1180574E-06
   718.0 0.1594142E-06
   719.0 0.2000016E-06
   720.0 0.2391039E-06
   721.0 0.2760057E-06
   722.0 0.3099997E-06
   723.0 0.3404035E-06
   724.0 0.3665695E-06
   725.0 0.3878969E-06
   726.0 0.4038438E-06
   727.0 0.4139380E-06
   728.0 0.4177867E-06
   729.0 0.4150839E-06
   730.0 0.4056223E-06
   731.0 0.3892927E-06
   732.0 0.3660955E-06
   733.0 0.3361383E-06
   734.0 0.2996389E-06
   735.0 0.2569255E-06
   736.0 0.2084330E-06
   737.0 0.1546985E-06
   738.0 0.9635573E-07
   739.0 0.3412657E-07
   740.0 -.3118767E-07
   741.0 -.9871857E-07
   742.0 -.1675413E-06
   743.0 -.2366896E-06
   744.0 -.3051692E-06
   745.0 -.3719732E-06
   746.0 -.4360983E-06
   747.0 -.4965591E-06
   748.0 -.5524049E-06
   749.0 -.6027351E-06
   750.0 -.6467142E-06
   751.0 -.6835843E-06
   752.0 -.7126792E-06
   753.0 -.7334395E-06
   754.0 -.7454138E-06
   755.0 -.7482753E-06
   756.0 -.7418272E-06
   757.0 -.7260024E-06
   758.0 -.7008717E-06
   759.0 -.6666407E-06
   760.0 -.6236518E-06
   761.0 -.5723752E-06
   762.0 -.5134060E-06
   763.0 -.4474557E-06
   764.0 -.3753436E-06
   765.0 -.2979830E-06
   766.0 -.2163692E-06
   767.0 -.1315642E-06
   768.0 -.4468220E-07
   769.0 0.4312901E-07
   770.0 0.1307029E-06
   771.0 0.2168730E-06
   772.0 0.3004907E-06
   773.0 0.3804418E-06
   774.0 0.4556644E-06
   775.0 0.5251645E-06
   776.0 0.5880291E-06
   777.0 0.6434423E-06
   778.0 0.6906993E-06
   779.0 0.7292109E-06
   780.0 0.7585181E-06
   781.0 0.7782934E-06
   782.0 0.7883510E-06
   783.0 0.7886445E-06
   784.0 0.7792667E-06
   785.0 0.7604513E-06
   786.0 0.7325643E-06
   787.0 0.6961034E-06
   788.0 0.6516794E-06
   789.0 0.6000178E-06
   790.0 0.5419358E-06
   791.0 0.4783391E-06
   792.0 0.4102011E-06
   793.0 0.3385462E-06
   794.0 0.2644383E-06
   795.0 0.1889611E-06
   796.0 0.1132006E-06
   797.0 0.3823128E-07
   798.0 -.3490331E-07
   799.0 -.1052048E-06
   800.0 -.1717348E-06
   801.0 -.2336293E-06
   802.0 -.2901107E-06
   803.0 -.3404980E-06
   804.0 -.3842168E-06
   805.0 -.4208065E-06
   806.0 -.4499228E-06
   807.0 -.4713468E-06
   808.0 -.4849810E-06
   809.0 -.4908493E-06
   810.0 -.4890978E-06
   811.0 -.4799867E-06
   812.0 -.4638824E-06
   813.0 -.4412551E-06
   814.0 -.4126644E-06
   815.0 -.3787499E-06
   816.0 -.3402182E-06
   817.0 -.2978317E-06
   818.0 -.2523937E-06
   819.0 -.2047339E-06
   820.0 -.1556957E-06
   821.0 -.1061206E-06
   822.0 -.5683521E-07
   823.0 -.8637531E-08
   824.0 0.3771540E-07
   825.0 0.8151890E-07
   826.0 0.1221321E-06
   827.0 0.1589859E-06
   828.0 0.1915904E-06
   829.0 0.2195428E-06
   830.0 0.2425316E-06
   831.0 0.2603364E-06
   832.0 0.2728345E-06
   833.0 0.2799952E-06
   834.0 0.2818819E-06
   835.0 0.2786450E-06
   836.0 0.2705210E-06
   837.0 0.2578206E-06
   838.0 0.2409265E-06
   839.0 0.2202825E-06
   840.0 0.1963823E-06
   841.0 0.1697626E-06
   842.0 0.1409907E-06
   843.0 0.1106537E-06
   844.0 0.7934799E-07
   845.0 0.4766836E-07
   846.0 0.1619679E-07
   847.0 -.1450636E-07
   848.0 -.4391274E-07
   849.0 -.7153391E-07
   850.0 -.9692948E-07
   851.0 -.1197131E-06
   852.0 -.1395576E-06
   853.0 -.1562009E-06
   854.0 -.1694459E-06
   855.0 -.1791651E-06
   856.0 -.1852988E-06
   857.0 -.1878550E-06
   858.0 -.1869074E-06
   859.0 -.1825911E-06
   860.0 -.1750996E-06
   861.0 -.1646789E-06
   862.0 -.1516207E-06
   863.0 -.1362570E-06
   864.0 -.1189513E-06
   865.0 -.1000920E-06
   866.0 -.8008387E-07
   867.0 -.5934043E-07
   868.0 -.3827533E-07
   869.0 -.1729541E-07
   870.0 0.3207592E-08
   871.0 0.2286310E-07
   872.0 0.4132834E-07
   873.0 0.5829419E-07
   874.0 0.7348957E-07
   875.0 0.8668555E-07
   876.0 0.9769842E-07
   877.0 0.1063917E-06
   878.0 0.1126776E-06
   879.0 0.1165164E-06
   880.0 0.1179165E-06
   881.0 0.1169326E-06
   882.0 0.1136627E-06
   883.0 0.1082456E-06
   884.0 0.1008568E-06
   885.0 0.9170337E-07
   886.0 0.8101974E-07
   887.0 0.6906259E-07
   888.0 0.5610366E-07
   889.0 0.4242605E-07
   890.0 0.2831710E-07
   891.0 0.1406309E-07
   892.0 -.5619615E-10
   893.0 -.1377280E-07
   894.0 -.2683519E-07
   895.0 -.3901287E-07
   896.0 -.5010005E-07
   897.0 -.5991875E-07
   898.0 -.6832158E-07
   899.0 -.7519338E-07
   900.0 -.8045291E-07
   901.0 -.8405257E-07
   902.0 -.8597891E-07
   903.0 -.8625165E-07
   904.0 -.8492164E-07
   905.0 -.8206983E-07
   906.0 -.7780391E-07
   907.0 -.7225566E-07
   908.0 -.6557744E-07
   909.0 -.5793856E-07
   910.0 -.4952134E-07
   911.0 -.4051719E-07
   912.0 -.3112242E-07
   913.0 -.2153420E-07
   914.0 -.1194673E-07
   915.0 -.2547225E-08
   916.0 0.6487217E-08
   917.0 0.1499299E-07
   918.0 0.2282277E-07
   919.0 0.2984785E-07
   920.0 0.3596011E-07
   921.0 0.4107336E-07
   922.0 0.4512451E-07
   923.0 0.4807373E-07
   924.0 0.4990477E-07
   925.0 0.5062433E-07
   926.0 0.5026090E-07
   927.0 0.4886362E-07
   928.0 0.4650086E-07
   929.0 0.4325743E-07
   930.0 0.3923298E-07
   931.0 0.3453902E-07
   932.0 0.2929645E-07
   933.0 0.2363267E-07
   934.0 0.1767872E-07
   935.0 0.1156661E-07
   936.0 0.5426497E-08
   937.0 -.6158776E-09
   938.0 -.6441574E-08
   939.0 -.1194071E-07
   940.0 -.1701428E-07
   941.0 -.2157588E-07
   942.0 -.2555289E-07
   943.0 -.2888756E-07
   944.0 -.3153761E-07
   945.0 -.3347661E-07
   946.0 -.3469350E-07
   947.0 -.3519279E-07
   948.0 -.3499364E-07
   949.0 -.3412876E-07
   950.0 -.3264343E-07
   951.0 -.3059372E-07
   952.0 -.2804530E-07
   953.0 -.2507147E-07
   954.0 -.2175126E-07
   955.0 -.1816773E-07
   956.0 -.1440577E-07
   957.0 -.1055058E-07
   958.0 -.6685538E-08
   959.0 -.2890668E-08
   960.0 0.7589846E-09
   961.0 0.4194714E-08
   962.0 0.7355412E-08
   963.0 0.1018854E-07
   964.0 0.1265091E-07
   965.0 0.1470919E-07
   966.0 0.1634030E-07
   967.0 0.1753139E-07
   968.0 0.1827976E-07
   969.0 0.1859239E-07
   970.0 0.1848547E-07
   971.0 0.1798366E-07
   972.0 0.1711905E-07
   973.0 0.1593025E-07
   974.0 0.1446125E-07
   975.0 0.1276015E-07
   976.0 0.1087788E-07
   977.0 0.8867015E-08
   978.0 0.6780539E-08
   979.0 0.4670494E-08
   980.0 0.2586958E-08
   981.0 0.5769314E-09
   982.0 -.1316557E-08
   983.0 -.3055283E-08
   984.0 -.4606530E-08
   985.0 -.5943527E-08
   986.0 -.7045900E-08
   987.0 -.7899764E-08
   988.0 -.8497844E-08
   989.0 -.8839332E-08
   990.0 -.8929592E-08
   991.0 -.8779778E-08
   992.0 -.8406336E-08
   993.0 -.7830360E-08
   994.0 -.7076858E-08
   995.0 -.6174005E-08
   996.0 -.5152322E-08
   997.0 -.4043833E-08
   998.0 -.2881162E-08
   999.0 -.1696800E-08
  1000.0 -.5222167E-09
  1001.0 0.6128483E-09
  1002.0 0.1681030E-08
  1003.0 0.2657969E-08
  1004.0 0.3522783E-08
  1005.0 0.4258466E-08
  1006.0 0.4852150E-08
  1007.0 0.5295312E-08
  1008.0 0.5583769E-08
  1009.0 0.5717685E-08
  1010.0 0.5701366E-08
  1011.0 0.5543006E-08
  1012.0 0.5254348E-08
  1013.0 0.4850253E-08
  1014.0 0.4348198E-08
  1015.0 0.3767714E-08
  1016.0 0.3129878E-08
  1017.0 0.2456613E-08
  1018.0 0.1770162E-08
  1019.0 0.1092432E-08
  1020.0 0.4444758E-09
  1021.0 -.1540916E-09
  1022.0 -.6855301E-09
  1023.0 -.1134429E-08
  1024.0 -.1488058E-08
  1025.0 -.1736618E-08
  1026.0 -.1873473E-08
  1027.0 -.1895225E-08
  1028.0 -.1801743E-08
  1029.0 -.1596126E-08
  1030.0 -.1284538E-08
  1031.0 -.8759982E-09
  1032.0 -.3820936E-09
  1033.0 0.1833583E-09
  1034.0 0.8047060E-09
  1035.0 0.1464914E-08
  1036.0 0.2146005E-08
  1037.0 0.2829547E-08
  1038.0 0.3497122E-08
  1039.0 0.4130832E-08
  1040.0 0.4713703E-08
  1041.0 0.5230152E-08
  1042.0 0.5666342E-08
  1043.0 0.6010523E-08
  1044.0 0.6253302E-08
  1045.0 0.6387873E-08
  1046.0 0.6410146E-08
  1047.0 0.6318821E-08
  1048.0 0.6115413E-08
  1049.0 0.5804191E-08
  1050.0 0.5392043E-08
  1051.0 0.4888261E-08
  1052.0 0.4304359E-08
  1053.0 0.3653700E-08
  1054.0 0.2951232E-08
  1055.0 0.2213051E-08
  1056.0 0.1456045E-08
  1057.0 0.6974765E-09
  1058.0 -.4543513E-10
  1059.0 -.7559201E-09
  1060.0 -.1418056E-08
  1061.0 -.2017121E-08
  1062.0 -.2539934E-08
  1063.0 -.2975161E-08
  1064.0 -.3313546E-08
  1065.0 -.3548116E-08
  1066.0 -.3674316E-08
  1067.0 -.3690089E-08
  1068.0 -.3595902E-08
  1069.0 -.3394709E-08
  1070.0 -.3091848E-08
  1071.0 -.2694906E-08
  1072.0 -.2213507E-08
  1073.0 -.1659083E-08
  1074.0 -.1044585E-08
  1075.0 -.3841595E-09
  1076.0 0.3071568E-09
  1077.0 0.1013813E-08
  1078.0 0.1720100E-08
  1079.0 0.2410485E-08
  1080.0 0.3069981E-08
  1081.0 0.3684465E-08
  1082.0 0.4240975E-08
  1083.0 0.4727994E-08
  1084.0 0.5135679E-08
  1085.0 0.5456044E-08
  1086.0 0.5683118E-08
  1087.0 0.5813069E-08
  1088.0 0.5844190E-08
  1089.0 0.5776934E-08
  1090.0 0.5613904E-08
  1091.0 0.5359680E-08
  1092.0 0.5020726E-08
  1093.0 0.4605215E-08
  1094.0 0.4122777E-08
  1095.0 0.3584315E-08
  1096.0 0.3001672E-08
  1097.0 0.2387386E-08
  1098.0 0.1754406E-08
  1099.0 0.1115774E-08
  1100.0 0.4843381E-09
  1101.0 -.1275077E-09
  1102.0 -.7081003E-09
  1103.0 -.1246753E-08
  1104.0 -.1733953E-08
  1105.0 -.2161553E-08
  1106.0 -.2522909E-08
  1107.0 -.2812990E-08
  1108.0 -.3028438E-08
  1109.0 -.3167615E-08
  1110.0 -.3230560E-08
  1111.0 -.3218958E-08
  1112.0 -.3136075E-08
  1113.0 -.2986573E-08
  1114.0 -.2776426E-08
  1115.0 -.2512715E-08
  1116.0 -.2203428E-08
  1117.0 -.1857249E-08
  1118.0 -.1483367E-08
  1119.0 -.1091210E-08
  1120.0 -.6902479E-09
  1121.0 -.2897555E-09
  1122.0 0.1013737E-09
  1123.0 0.4748300E-09
  1124.0 0.8230662E-09
  1125.0 0.1139420E-08
  1126.0 0.1418260E-08
  1127.0 0.1655059E-08
  1128.0 0.1846459E-08
  1129.0 0.1990305E-08
  1130.0 0.2085644E-08
  1131.0 0.2132700E-08
  1132.0 0.2132798E-08
  1133.0 0.2088305E-08
  1134.0 0.2002506E-08
  1135.0 0.1879494E-08
  1136.0 0.1724018E-08
  1137.0 0.1541318E-08
  1138.0 0.1336999E-08
  1139.0 0.1116841E-08
  1140.0 0.8866397E-09
  1141.0 0.6520696E-09
  1142.0 0.4185099E-09
  1143.0 0.1909456E-09
  1144.0 -.2618698E-10
  1145.0 -.2290717E-09
  1146.0 -.4145892E-09
  1147.0 -.5803840E-09
  1148.0 -.7248921E-09
  1149.0 -.8473343E-09
  1150.0 -.9477238E-09
  1151.0 -.1026783E-08
  1152.0 -.1085943E-08
  1153.0 -.1127206E-08
  1154.0 -.1153105E-08
  1155.0 -.1166549E-08
  1156.0 -.1170723E-08
  1157.0 -.1168979E-08
  1158.0 -.1164682E-08
  1159.0 -.1161106E-08
  1160.0 -.1161307E-08
  1161.0 -.1167993E-08
  1162.0 -.1183469E-08
  1163.0 -.1209482E-08
  1164.0 -.1247217E-08
  1165.0 -.1297203E-08
  1166.0 -.1359298E-08
  1167.0 -.1432670E-08
  1168.0 -.1515833E-08
  1169.0 -.1606636E-08
  1170.0 -.1702350E-08
  1171.0 -.1799739E-08
  1172.0 -.1895126E-08
  1173.0 -.1984531E-08
  1174.0 -.2063743E-08
  1175.0 -.2128484E-08
  1176.0 -.2174529E-08
  1177.0 -.2197834E-08
  1178.0 -.2194660E-08
  1179.0 -.2161728E-08
  1180.0 -.2096308E-08
  1181.0 -.1996332E-08
  1182.0 -.1860508E-08
  1183.0 -.1688366E-08
  1184.0 -.1480321E-08
  1185.0 -.1237724E-08
  1186.0 -.9628494E-09
  1187.0 -.6588960E-09
  1188.0 -.3299460E-09
  1189.0 0.1909384E-10
  1190.0 0.3825704E-09
  1191.0 0.7541885E-09
  1192.0 0.1127131E-08
  1193.0 0.1494195E-08
  1194.0 0.1847943E-08
  1195.0 0.2180848E-08
  1196.0 0.2485480E-08
  1197.0 0.2754655E-08
  1198.0 0.2981612E-08
  1199.0 0.3160161E-08
  1200.0 0.3284842E-08
  1201.0 0.3351065E-08
  1202.0 0.3355227E-08
  1203.0 0.3294811E-08
  1204.0 0.3168483E-08
  1205.0 0.2976132E-08
  1206.0 0.2718912E-08
  1207.0 0.2399247E-08
  1208.0 0.2020799E-08
  1209.0 0.1588460E-08
  1210.0 0.1108222E-08
  1211.0 0.5871176E-09
  1212.0 0.3309173E-10
  1213.0 -.5451417E-09
  1214.0 -.1138261E-08
  1215.0 -.1736499E-08
  1216.0 -.2329843E-08
  1217.0 -.2908203E-08
  1218.0 -.3461633E-08
  1219.0 -.3980494E-08
  1220.0 -.4455654E-08
  1221.0 -.4878682E-08
  1222.0 -.5241982E-08
  1223.0 -.5538977E-08
  1224.0 -.5764203E-08
  1225.0 -.5913458E-08
  1226.0 -.5983844E-08
  1227.0 -.5973855E-08
  1228.0 -.5883404E-08
  1229.0 -.5713817E-08
  1230.0 -.5467811E-08
  1231.0 -.5149443E-08
  1232.0 -.4764034E-08
  1233.0 -.4318082E-08
  1234.0 -.3819089E-08
  1235.0 -.3275486E-08
  1236.0 -.2696411E-08
  1237.0 -.2091573E-08
  1238.0 -.1471044E-08
  1239.0 -.8450957E-09
  1240.0 -.2239777E-09
  1241.0 0.3822523E-09
  1242.0 0.9639215E-09
  1243.0 0.1511912E-08
  1244.0 0.2017829E-08
  1245.0 0.2474151E-08
  1246.0 0.2874344E-08
  1247.0 0.3212989E-08
  1248.0 0.3485847E-08
  1249.0 0.3689936E-08
  1250.0 0.3823569E-08
  1251.0 0.3886316E-08
  1252.0 0.3879089E-08
  1253.0 0.3804002E-08
  1254.0 0.3664344E-08
  1255.0 0.3464513E-08
  1256.0 0.3209894E-08
  1257.0 0.2906730E-08
  1258.0 0.2562002E-08
  1259.0 0.2183263E-08
  1260.0 0.1778496E-08
  1261.0 0.1355940E-08
  1262.0 0.9239441E-09
  1263.0 0.4907865E-09
  1264.0 0.6452175E-10
  1265.0 -.3471521E-09
  1266.0 -.7370622E-09
  1267.0 -.1098654E-08
  1268.0 -.1426124E-08
  1269.0 -.1714493E-08
  1270.0 -.1959698E-08
  1271.0 -.2158638E-08
  1272.0 -.2309201E-08
  1273.0 -.2410273E-08
  1274.0 -.2461749E-08
  1275.0 -.2464484E-08
  1276.0 -.2420262E-08
  1277.0 -.2331708E-08
  1278.0 -.2202246E-08
  1279.0 -.2035965E-08
  1280.0 -.1837537E-08
  1281.0 -.1612111E-08
  1282.0 -.1365174E-08
  1283.0 -.1102441E-08
  1284.0 -.8297312E-09
  1285.0 -.5528363E-09
  1286.0 -.2774193E-09
  1287.0 -.8889119E-11
  1288.0 0.2476918E-09
  1289.0 0.4877062E-09
  1290.0 0.7070560E-09
  1291.0 0.9022265E-09
  1292.0 0.1070350E-08
  1293.0 0.1209226E-08
  1294.0 0.1317352E-08
  1295.0 0.1393939E-08
  1296.0 0.1438874E-08
  1297.0 0.1452727E-08
  1298.0 0.1436699E-08
  1299.0 0.1392571E-08
  1300.0 0.1322653E-08
  1301.0 0.1229716E-08
  1302.0 0.1116909E-08
  1303.0 0.9876813E-09
  1304.0 0.8457017E-09
  1305.0 0.6947697E-09
  1306.0 0.5387241E-09
  1307.0 0.3813699E-09
  1308.0 0.2263908E-09
  1309.0 0.7727927E-10
  1310.0 -.6273554E-10
  1311.0 -.1907450E-09
  1312.0 -.3042089E-09
  1313.0 -.4009996E-09
  1314.0 -.4794345E-09
  1315.0 -.5382874E-09
  1316.0 -.5768102E-09
  1317.0 -.5947194E-09
  1318.0 -.5921974E-09
  1319.0 -.5698604E-09
  1320.0 -.5287367E-09
  1321.0 -.4702279E-09
  1322.0 -.3960664E-09
  1323.0 -.3082676E-09
  1324.0 -.2090760E-09
  1325.0 -.1009092E-09
  1326.0 0.1369719E-10
  1327.0 0.1321464E-09
  1328.0 0.2518393E-09
  1329.0 0.3702309E-09
  1330.0 0.4848681E-09
  1331.0 0.5934530E-09
  1332.0 0.6938802E-09
  1333.0 0.7842620E-09
  1334.0 0.8629804E-09
  1335.0 0.9286868E-09
  1336.0 0.9803374E-09
  1337.0 0.1017198E-08
  1338.0 0.1038845E-08
  1339.0 0.1045167E-08
  1340.0 0.1036356E-08
  1341.0 0.1012888E-08
  1342.0 0.9755180E-09
  1343.0 0.9252404E-09
  1344.0 0.8632741E-09
  1345.0 0.7910270E-09
  1346.0 0.7100652E-09
  1347.0 0.6220811E-09
  1348.0 0.5288592E-09
  1349.0 0.4322383E-09
  1350.0 0.3340840E-09
  1351.0 0.2362508E-09
  1352.0 0.1405556E-09
  1353.0 0.4874666E-10
  1354.0 -.3752456E-10
  1355.0 -.1167200E-09
  1356.0 -.1874398E-09
  1357.0 -.2484440E-09
  1358.0 -.2986556E-09
  1359.0 -.3371829E-09
  1360.0 -.3633198E-09
  1361.0 -.3765560E-09
  1362.0 -.3765751E-09
  1363.0 -.3632578E-09
  1364.0 -.3366790E-09
  1365.0 -.2971017E-09
  1366.0 -.2449729E-09
  1367.0 -.1809142E-09
  1368.0 -.1057099E-09
  1369.0 -.2030466E-10
  1370.0 0.7421804E-10
  1371.0 0.1766393E-09
  1372.0 0.2856277E-09
  1373.0 0.3997458E-09
  1374.0 0.5174634E-09
  1375.0 0.6371852E-09
  1376.0 0.7572510E-09
  1377.0 0.8759609E-09
  1378.0 0.9915935E-09
  1379.0 0.1102417E-08
  1380.0 0.1206714E-08
  1381.0 0.1302803E-08
  1382.0 0.1389040E-08
  1383.0 0.1463865E-08
  1384.0 0.1525800E-08
  1385.0 0.1573480E-08
  1386.0 0.1605670E-08
  1387.0 0.1621288E-08
  1388.0 0.1619423E-08
  1389.0 0.1599353E-08
  1390.0 0.1560566E-08
  1391.0 0.1502768E-08
  1392.0 0.1425914E-08
  1393.0 0.1330197E-08
  1394.0 0.1216078E-08
  1395.0 0.1084285E-08
  1396.0 0.9358098E-09
  1397.0 0.7719193E-09
  1398.0 0.5941410E-09
  1399.0 0.4042572E-09
  1400.0 0.2042939E-09
  1401.0 -.3500232E-11
  1402.0 -.2166755E-09
  1403.0 -.4326089E-09
  1404.0 -.6485305E-09
  1405.0 -.8615653E-09
  1406.0 -.1068767E-08
  1407.0 -.1267159E-08
  1408.0 -.1453788E-08
  1409.0 -.1625754E-08
  1410.0 -.1780269E-08
  1411.0 -.1914702E-08
  1412.0 -.2026621E-08
  1413.0 -.2113855E-08
  1414.0 -.2174503E-08
  1415.0 -.2207013E-08
  1416.0 -.2210199E-08
  1417.0 -.2183260E-08
  1418.0 -.2125838E-08
  1419.0 -.2037992E-08
  1420.0 -.1920266E-08
  1421.0 -.1773641E-08
  1422.0 -.1599565E-08
  1423.0 -.1399930E-08
  1424.0 -.1177059E-08
  1425.0 -.9336713E-09
  1426.0 -.6728555E-09
  1427.0 -.3980270E-09
  1428.0 -.1128791E-09
  1429.0 0.1786684E-09
  1430.0 0.4725324E-09
  1431.0 0.7645253E-09
  1432.0 0.1050421E-08
  1433.0 0.1326025E-08
  1434.0 0.1587241E-08
  1435.0 0.1830142E-08
  1436.0 0.2051031E-08
  1437.0 0.2246510E-08
  1438.0 0.2413525E-08
  1439.0 0.2549452E-08
  1440.0 0.2652098E-08
  1441.0 0.2719788E-08
  1442.0 0.2751352E-08
  1443.0 0.2746185E-08
  1444.0 0.2704243E-08
  1445.0 0.2626039E-08
  1446.0 0.2512652E-08
  1447.0 0.2365705E-08
  1448.0 0.2187345E-08
  1449.0 0.1980181E-08
  1450.0 0.1747288E-08
  1451.0 0.1492111E-08
  1452.0 0.1218433E-08
  1453.0 0.9303038E-09
  1454.0 0.6319677E-09
  1455.0 0.3277988E-09
  1456.0 0.2222196E-10
  1457.0 -.2803614E-09
  1458.0 -.5756460E-09
  1459.0 -.8594895E-09
  1460.0 -.1127994E-08
  1461.0 -.1377555E-08
  1462.0 -.1604927E-08
  1463.0 -.1807274E-08
  1464.0 -.1982206E-08
  1465.0 -.2127824E-08
  1466.0 -.2242732E-08
  1467.0 -.2326071E-08
  1468.0 -.2377497E-08
  1469.0 -.2397204E-08
  1470.0 -.2385895E-08
  1471.0 -.2344764E-08
  1472.0 -.2275462E-08
  1473.0 -.2180058E-08
  1474.0 -.2060997E-08
  1475.0 -.1921035E-08
  1476.0 -.1763200E-08
  1477.0 -.1590705E-08
  1478.0 -.1406909E-08
  1479.0 -.1215238E-08
  1480.0 -.1019124E-08
  1481.0 -.8219389E-09
  1482.0 -.6269382E-09
  1483.0 -.4371974E-09
  1484.0 -.2555666E-09
  1485.0 -.8461860E-10
  1486.0 0.7338437E-10
  1487.0 0.2165310E-09
  1488.0 0.3432766E-09
  1489.0 0.4524656E-09
  1490.0 0.5433369E-09
  1491.0 0.6155194E-09
  1492.0 0.6690333E-09
  1493.0 0.7042645E-09
  1494.0 0.7219423E-09
  1495.0 0.7231157E-09
  1496.0 0.7091069E-09
  1497.0 0.6814810E-09
  1498.0 0.6419954E-09
  1499.0 0.5925557E-09
  1500.0 0.5351629E-09
  1501.0 0.4718687E-09
  1502.0 0.4047247E-09
  1503.0 0.3357335E-09
  1504.0 0.2668072E-09
  1505.0 0.1997253E-09
  1506.0 0.1360980E-09
  1507.0 0.7733494E-10
  1508.0 0.2462083E-10
  1509.0 -.2110557E-10
  1510.0 -.5916205E-10
  1511.0 -.8913312E-10
  1512.0 -.1108635E-09
  1513.0 -.1244584E-09
  1514.0 -.1302634E-09
  1515.0 -.1288527E-09
  1516.0 -.1210010E-09
  1517.0 -.1076558E-09
  1518.0 -.8990641E-10
  1519.0 -.6895030E-10
  1520.0 -.4605465E-10
  1521.0 -.2251800E-10
  1522.0 0.3624969E-12
  1523.0 0.2133338E-10
  1524.0 0.3921746E-10
  1525.0 0.5294489E-10
  1526.0 0.6158568E-10
  1527.0 0.6437214E-10
  1528.0 0.6072027E-10
  1529.0 0.5024441E-10
  1530.0 0.3277067E-10
  1531.0 0.8337917E-11
  1532.0 -.2280141E-10
  1533.0 -.6018675E-10
  1534.0 -.1031619E-09
  1535.0 -.1508909E-09
  1536.0 -.2023796E-09
  1537.0 -.2564995E-09
  1538.0 -.3120154E-09
  1539.0 -.3676191E-09
  1540.0 -.4219574E-09
  1541.0 -.4736685E-09
  1542.0 -.5214154E-09
  1543.0 -.5639188E-09
  1544.0 -.5999859E-09
  1545.0 -.6285476E-09
  1546.0 -.6486756E-09
  1547.0 -.6596098E-09
  1548.0 -.6607810E-09
  1549.0 -.6518217E-09
  1550.0 -.6325750E-09
  1551.0 -.6031046E-09
  1552.0 -.5636884E-09
  1553.0 -.5148189E-09
  1554.0 -.4571919E-09
  1555.0 -.3916908E-09
  1556.0 -.3193688E-09
  1557.0 -.2414260E-09
  1558.0 -.1591830E-09
  1559.0 -.7405553E-10
  1560.0 0.1248033E-10
  1561.0 0.9891692E-10
  1562.0 0.1837480E-09
  1563.0 0.2655008E-09
  1564.0 0.3427665E-09
  1565.0 0.4142313E-09
  1566.0 0.4787011E-09
  1567.0 0.5351268E-09
  1568.0 0.5826263E-09
  1569.0 0.6204992E-09
  1570.0 0.6482420E-09
  1571.0 0.6655542E-09
  1572.0 0.6723428E-09
  1573.0 0.6687259E-09
  1574.0 0.6550169E-09
  1575.0 0.6317255E-09
  1576.0 0.5995384E-09
  1577.0 0.5593039E-09
  1578.0 0.5120082E-09
  1579.0 0.4587572E-09
  1580.0 0.4007444E-09
  1581.0 0.3392288E-09
  1582.0 0.2755034E-09
  1583.0 0.2108687E-09
  1584.0 0.1466044E-09
  1585.0 0.8394076E-10
  1586.0 0.2403450E-10
  1587.0 -.3205466E-10
  1588.0 -.8338426E-10
  1589.0 -.1291482E-09
  1590.0 -.1686900E-09
  1591.0 -.2015123E-09
  1592.0 -.2272842E-09
  1593.0 -.2458449E-09
  1594.0 -.2571982E-09
  1595.0 -.2615146E-09
  1596.0 -.2591156E-09
  1597.0 -.2504638E-09
  1598.0 -.2361509E-09
  1599.0 -.2168725E-09
  1600.0 -.1934162E-09
  1601.0 -.1666337E-09
  1602.0 -.1374234E-09
  1603.0 -.1067021E-09
  1604.0 -.7538624E-10
  1605.0 -.4436716E-10
  1606.0 -.1448929E-10
  1607.0 0.1346764E-10
  1608.0 0.3880766E-10
  1609.0 0.6093543E-10
  1610.0 0.7936288E-10
  1611.0 0.9372596E-10
  1612.0 0.1037870E-09
  1613.0 0.1094362E-09
  1614.0 0.1106942E-09
  1615.0 0.1077073E-09
  1616.0 0.1007409E-09
  1617.0 0.9016846E-10
  1618.0 0.7646145E-10
  1619.0 0.6017310E-10
  1620.0 0.4192379E-10
  1621.0 0.2238091E-10
  1622.0 0.2242284E-11
  1623.0 -.1778439E-10
  1624.0 -.3699984E-10
  1625.0 -.5473190E-10
  1626.0 -.7035435E-10
  1627.0 -.8330217E-10
  1628.0 -.9308643E-10
  1629.0 -.9930701E-10
  1630.0 -.1016633E-09
  1631.0 -.9995880E-10
  1632.0 -.9410979E-10
  1633.0 -.8414495E-10
  1634.0 -.7020303E-10
  1635.0 -.5253233E-10
  1636.0 -.3148064E-10
  1637.0 -.7488830E-11
  1638.0 0.1892347E-10
  1639.0 0.4716802E-10
  1640.0 0.7660562E-10
  1641.0 0.1065603E-09
  1642.0 0.1363385E-09
  1643.0 0.1652440E-09
  1644.0 0.1925979E-09
  1645.0 0.2177534E-09
  1646.0 0.2401123E-09
  1647.0 0.2591415E-09
  1648.0 0.2743833E-09
  1649.0 0.2854682E-09
  1650.0 0.2921244E-09
  1651.0 0.2941831E-09
  1652.0 0.2915830E-09
  1653.0 0.2843717E-09
  1654.0 0.2727048E-09
  1655.0 0.2568404E-09
  1656.0 0.2371358E-09
  1657.0 0.2140351E-09
  1658.0 0.1880619E-09
  1659.0 0.1598038E-09
  1660.0 0.1298996E-09
  1661.0 0.9902443E-10
  1662.0 0.6787174E-10
  1663.0 0.3713950E-10
  1664.0 0.7510636E-11
  1665.0 -.2036015E-10
  1666.0 -.4586410E-10
  1667.0 -.6845182E-10
  1668.0 -.8764540E-10
  1669.0 -.1030498E-09
  1670.0 -.1143629E-09
  1671.0 -.1213802E-09
  1672.0 -.1240017E-09
  1673.0 -.1222319E-09
  1674.0 -.1161795E-09
  1675.0 -.1060557E-09
  1676.0 -.9216775E-10
  1677.0 -.7491158E-10
  1678.0 -.5476257E-10
  1679.0 -.3226396E-10
  1680.0 -.8013266E-11
  1681.0 0.1735069E-10
  1682.0 0.4316307E-10
  1683.0 0.6874988E-10
  1684.0 0.9344107E-10
  1685.0 0.1165887E-09
  1686.0 0.1375797E-09
  1687.0 0.1558519E-09
  1688.0 0.1709040E-09
  1689.0 0.1823098E-09
  1690.0 0.1897253E-09
  1691.0 0.1928977E-09
  1692.0 0.1916705E-09
  1693.0 0.1859865E-09
  1694.0 0.1758882E-09
  1695.0 0.1615174E-09
  1696.0 0.1431110E-09
  1697.0 0.1209960E-09
  1698.0 0.9558113E-10
  1699.0 0.6734740E-10
  1700.0 0.3683768E-10
  1701.0 0.4643960E-11
  1702.0 -.2860571E-10
  1703.0 -.6226070E-10
  1704.0 -.9566310E-10
  1705.0 -.1281611E-09
  1706.0 -.1591233E-09
  1707.0 -.1879524E-09
  1708.0 -.2140966E-09
  1709.0 -.2370635E-09
  1710.0 -.2564259E-09
  1711.0 -.2718348E-09
  1712.0 -.2830222E-09
  1713.0 -.2898074E-09
  1714.0 -.2921009E-09
  1715.0 -.2899017E-09
  1716.0 -.2833011E-09
  1717.0 -.2724730E-09
  1718.0 -.2576759E-09
  1719.0 -.2392399E-09
  1720.0 -.2175638E-09
  1721.0 -.1931026E-09
  1722.0 -.1663576E-09
  1723.0 -.1378657E-09
  1724.0 -.1081873E-09
  1725.0 -.7789415E-10
  1726.0 -.4755694E-10
  1727.0 -.1773511E-10
  1728.0 0.1103647E-10
  1729.0 0.3825607E-10
  1730.0 0.6346587E-10
  1731.0 0.8625937E-10
  1732.0 0.1062898E-09
  1733.0 0.1232724E-09
  1734.0 0.1369928E-09
  1735.0 0.1473055E-09
  1736.0 0.1541368E-09
  1737.0 0.1574835E-09
  1738.0 0.1574105E-09
  1739.0 0.1540467E-09
  1740.0 0.1475821E-09
  1741.0 0.1382578E-09
  1742.0 0.1263635E-09
  1743.0 0.1122265E-09
  1744.0 0.9620418E-10
  1745.0 0.7867614E-10
  1746.0 0.6003446E-10
  1747.0 0.4067485E-10
  1748.0 0.2098904E-10
  1749.0 0.1355761E-11
  1750.0 -.1786611E-10
  1751.0 -.3634396E-10
  1752.0 -.5377803E-10
  1753.0 -.6990569E-10
  1754.0 -.8450410E-10
  1755.0 -.9739419E-10
  1756.0 -.1084419E-09
  1757.0 -.1175577E-09
  1758.0 -.1246962E-09
  1759.0 -.1298544E-09
  1760.0 -.1330696E-09
  1761.0 -.1344141E-09
  1762.0 -.1339936E-09
  1763.0 -.1319406E-09
  1764.0 -.1284099E-09
  1765.0 -.1235737E-09
  1766.0 -.1176154E-09
  1767.0 -.1107251E-09
  1768.0 -.1030940E-09
  1769.0 -.9490993E-10
  1770.0 -.8635258E-10
  1771.0 -.7759045E-10
  1772.0 -.6877703E-10
  1773.0 -.6004838E-10
  1774.0 -.5152176E-10
  1775.0 -.4329466E-10
  1776.0 -.3544412E-10
  1777.0 -.2802684E-10
  1778.0 -.2108132E-10
  1779.0 -.1462853E-10
  1780.0 -.8674107E-11
  1781.0 -.3211280E-11
  1782.0 0.1776728E-11
  1783.0 0.6313533E-11
  1784.0 0.1042680E-10
  1785.0 0.1414469E-10
  1786.0 0.1749436E-10
  1787.0 0.2049701E-10
  1788.0 0.2316916E-10
  1789.0 0.2551713E-10
  1790.0 0.2753838E-10
  1791.0 0.2921972E-10
  1792.0 0.3053778E-10
  1793.0 0.3145869E-10
  1794.0 0.3193931E-10
  1795.0 0.3192903E-10
  1796.0 0.3137196E-10
  1797.0 0.3020856E-10
  1798.0 0.2837963E-10
  1799.0 0.2582830E-10
  1800.0 0.2250401E-10
  1801.0 0.1836564E-10
  1802.0 0.1338455E-10
  1803.0 0.7548006E-11
  1804.0 0.8613238E-12
  1805.0 -.6648777E-11
  1806.0 -.1493310E-10
  1807.0 -.2391827E-10
  1808.0 -.3350622E-10
  1809.0 -.4357351E-10
  1810.0 -.5397343E-10
  1811.0 -.6453589E-10
  1812.0 -.7507103E-10
  1813.0 -.8537058E-10
  1814.0 -.9521340E-10
  1815.0 -.1043680E-09
  1816.0 -.1125983E-09
  1817.0 -.1196678E-09
  1818.0 -.1253461E-09
  1819.0 -.1294141E-09
  1820.0 -.1316691E-09
  1821.0 -.1319311E-09
  1822.0 -.1300480E-09
  1823.0 -.1259005E-09
  1824.0 -.1194063E-09
  1825.0 -.1105242E-09
  1826.0 -.9925739E-10
  1827.0 -.8565502E-10
  1828.0 -.6981407E-10
  1829.0 -.5187980E-10
  1830.0 -.3204420E-10
  1831.0 -.1054517E-10
  1832.0 0.1233674E-10
  1833.0 0.3628219E-10
  1834.0 0.6093751E-10
  1835.0 0.8592065E-10
  1836.0 0.1108270E-09
  1837.0 0.1352376E-09
  1838.0 0.1587251E-09
  1839.0 0.1808633E-09
  1840.0 0.2012346E-09
  1841.0 0.2194376E-09
  1842.0 0.2350976E-09
  1843.0 0.2478702E-09
  1844.0 0.2574541E-09
  1845.0 0.2635913E-09
  1846.0 0.2660817E-09
  1847.0 0.2647788E-09
  1848.0 0.2596008E-09
  1849.0 0.2505305E-09
  1850.0 0.2376166E-09
  1851.0 0.2209777E-09
  1852.0 0.2007971E-09
  1853.0 0.1773239E-09
  1854.0 0.1508689E-09
  1855.0 0.1217998E-09
  1856.0 0.9053646E-10
  1857.0 0.5754349E-10
  1858.0 0.2332376E-10
  1859.0 -.1159048E-10
  1860.0 -.4664643E-10
  1861.0 -.8127937E-10
  1862.0 -.1149235E-09
  1863.0 -.1470197E-09
  1864.0 -.1770272E-09
  1865.0 -.2044315E-09
  1866.0 -.2287544E-09
  1867.0 -.2495609E-09
  1868.0 -.2664681E-09
  1869.0 -.2791516E-09
  1870.0 -.2873514E-09
  1871.0 -.2908759E-09
  1872.0 -.2896056E-09
  1873.0 -.2834966E-09
  1874.0 -.2725799E-09
  1875.0 -.2569619E-09
  1876.0 -.2368233E-09
  1877.0 -.2124151E-09
  1878.0 -.1840564E-09
  1879.0 -.1521275E-09
  1880.0 -.1170659E-09
  1881.0 -.7935766E-10
  1882.0 -.3953132E-10
  1883.0 0.1851908E-11
  1884.0 0.4420567E-10
  1885.0 0.8692751E-10
  1886.0 0.1294081E-09
  1887.0 0.1710425E-09
  1888.0 0.2112356E-09
  1889.0 0.2494128E-09
  1890.0 0.2850297E-09
  1891.0 0.3175780E-09
  1892.0 0.3465926E-09
  1893.0 0.3716595E-09
  1894.0 0.3924203E-09
  1895.0 0.4085779E-09
  1896.0 0.4198992E-09
  1897.0 0.4262185E-09
  1898.0 0.4274379E-09
  1899.0 0.4235316E-09
  1900.0 0.4145414E-09
  1901.0 0.4005778E-09
  1902.0 0.3818177E-09
  1903.0 0.3585007E-09
  1904.0 0.3309265E-09
  1905.0 0.2994483E-09
  1906.0 0.2644699E-09
  1907.0 0.2264382E-09
  1908.0 0.1858377E-09
  1909.0 0.1431832E-09
  1910.0 0.9901429E-10
  1911.0 0.5388576E-10
  1912.0 0.8362889E-11
  1913.0 -.3698778E-10
  1914.0 -.8160442E-10
  1915.0 -.1249373E-09
  1916.0 -.1664562E-09
  1917.0 -.2056558E-09
  1918.0 -.2420634E-09
  1919.0 -.2752420E-09
  1920.0 -.3047989E-09
  1921.0 -.3303866E-09
  1922.0 -.3517105E-09
  1923.0 -.3685288E-09
  1924.0 -.3806587E-09
  1925.0 -.3879751E-09
  1926.0 -.3904137E-09
  1927.0 -.3879724E-09
  1928.0 -.3807102E-09
  1929.0 -.3687454E-09
  1930.0 -.3522549E-09
  1931.0 -.3314736E-09
  1932.0 -.3066893E-09
  1933.0 -.2782399E-09
  1934.0 -.2465077E-09
  1935.0 -.2119185E-09
  1936.0 -.1749311E-09
  1937.0 -.1360363E-09
  1938.0 -.9574760E-10
  1939.0 -.5459478E-10
  1940.0 -.1311852E-10
  1941.0 0.2813771E-10
  1942.0 0.6863500E-10
  1943.0 0.1078459E-09
  1944.0 0.1452615E-09
  1945.0 0.1803988E-09
  1946.0 0.2128070E-09
  1947.0 0.2420750E-09
  1948.0 0.2678358E-09
  1949.0 0.2897722E-09
  1950.0 0.3076233E-09
  1951.0 0.3211853E-09
  1952.0 0.3303185E-09
  1953.0 0.3349463E-09
  1954.0 0.3350575E-09
  1955.0 0.3307077E-09
  1956.0 0.3220189E-09
  1957.0 0.3091746E-09
  1958.0 0.2924208E-09
  1959.0 0.2720614E-09
  1960.0 0.2484519E-09
  1961.0 0.2219954E-09
  1962.0 0.1931362E-09
  1963.0 0.1623521E-09
  1964.0 0.1301462E-09
  1965.0 0.9703969E-10
  1966.0 0.6356283E-10
  1967.0 0.3024542E-10
  1968.0 -.2391636E-11
  1969.0 -.3384529E-10
  1970.0 -.6363912E-10
  1971.0 -.9133159E-10
  1972.0 -.1165236E-09
  1973.0 -.1388660E-09
  1974.0 -.1580647E-09
  1975.0 -.1738877E-09
  1976.0 -.1861660E-09
  1977.0 -.1948005E-09
  1978.0 -.1997594E-09
  1979.0 -.2010818E-09
  1980.0 -.1988750E-09
  1981.0 -.1933131E-09
  1982.0 -.1846315E-09
  1983.0 -.1731233E-09
  1984.0 -.1591335E-09
  1985.0 -.1430508E-09
  1986.0 -.1253005E-09
  1987.0 -.1063344E-09
  1988.0 -.8662221E-10
  1989.0 -.6664175E-10
  1990.0 -.4686824E-10
  1991.0 -.2776396E-10
  1992.0 -.9770275E-11
  1993.0 0.6704616E-11
  1994.0 0.2129241E-10
  1995.0 0.3367372E-10
  1996.0 0.4358452E-10
  1997.0 0.5082250E-10
  1998.0 0.5525145E-10
  1999.0 0.5680406E-10
  2000.0 0.5548386E-10
  2001.0 0.5136512E-10
  2002.0 0.4459124E-10
  2003.0 0.3537178E-10
  2004.0 0.2397786E-10
  2005.0 0.1073563E-10
  2006.0 -.3980614E-11
  2007.0 -.1975750E-10
  2008.0 -.3615160E-10
  2009.0 -.5270046E-10
  2010.0 -.6893309E-10
  2011.0 -.8438138E-10
  2012.0 -.9859193E-10
  2013.0 -.1111366E-09
  2014.0 -.1216237E-09
  2015.0 -.1297085E-09
  2016.0 -.1351014E-09
  2017.0 -.1375768E-09
  2018.0 -.1369799E-09
  2019.0 -.1332308E-09
  2020.0 -.1263300E-09
  2021.0 -.1163577E-09
  2022.0 -.1034755E-09
  2023.0 -.8792297E-10
  2024.0 -.7001531E-10
  2025.0 -.5013610E-10
  2026.0 -.2872997E-10
  2027.0 -.6294975E-11
  2028.0 0.1663000E-10
  2029.0 0.3947566E-10
  2030.0 0.6165511E-10
  2031.0 0.8257856E-10
  2032.0 0.1016653E-09
  2033.0 0.1183589E-09
  2034.0 0.1321407E-09
  2035.0 0.1425428E-09
  2036.0 0.1491609E-09
  2037.0 0.1516651E-09
  2038.0 0.1498105E-09
  2039.0 0.1434444E-09
  2040.0 0.1325131E-09
  2041.0 0.1170660E-09
  2042.0 0.9725832E-10
  2043.0 0.7334981E-10
  2044.0 0.4570209E-10
  2045.0 0.1477449E-10
  2046.0 -.1888428E-10
  2047.0 -.5464489E-10
  2048.0 -.9180987E-10
  2049.0 -.1296262E-09
  2050.0 -.1673002E-09
  2051.0 -.2040162E-09
  2052.0 -.2389493E-09
  2053.0 -.2712878E-09
  2054.0 -.3002491E-09
  2055.0 -.3250974E-09
  2056.0 -.3451618E-09
  2057.0 -.3598526E-09
  2058.0 -.3686776E-09
  2059.0 -.3712527E-09
  2060.0 -.3673162E-09
  2061.0 -.3567373E-09
  2062.0 -.3395202E-09
  2063.0 -.3158122E-09
  2064.0 -.2859011E-09
  2065.0 -.2502151E-09
  2066.0 -.2093172E-09
  2067.0 -.1638957E-09
  2068.0 -.1147564E-09
  2069.0 -.6280505E-10
  2070.0 -.9034914E-11
  2071.0 0.4549458E-10
  2072.0 0.9967615E-10
  2073.0 0.1523776E-09
  2074.0 0.2024638E-09
  2075.0 0.2488212E-09
  2076.0 0.2903802E-09
  2077.0 0.3261394E-09
  2078.0 0.3551873E-09
  2079.0 0.3767250E-09
  2080.0 0.3900841E-09
  2081.0 0.3947429E-09
  2082.0 0.3903466E-09
  2083.0 0.3767105E-09
  2084.0 0.3538350E-09
  2085.0 0.3219091E-09
  2086.0 0.2813103E-09
  2087.0 0.2326029E-09
  2088.0 0.1765318E-09
  2089.0 0.1140131E-09
  2090.0 0.4611958E-10
  2091.0 -.2593597E-10
  2092.0 -.1008209E-09
  2093.0 -.1771055E-09
  2094.0 -.2532889E-09
  2095.0 -.3278259E-09
  2096.0 -.3991551E-09
  2097.0 -.4657311E-09
  2098.0 -.5260523E-09
  2099.0 -.5786898E-09
  2100.0 -.6223209E-09
  2101.0 -.6557512E-09
  2102.0 -.6779439E-09
  2103.0 -.6880421E-09
  2104.0 -.6853887E-09
  2105.0 -.6695453E-09
  2106.0 -.6403011E-09
  2107.0 -.5976865E-09
  2108.0 -.5419753E-09
  2109.0 -.4736846E-09
  2110.0 -.3935730E-09
  2111.0 -.3026294E-09
  2112.0 -.2020617E-09
  2113.0 -.9327632E-10
  2114.0 0.2213813E-10
  2115.0 0.1424408E-09
  2116.0 0.2657638E-09
  2117.0 0.3901443E-09
  2118.0 0.5135564E-09
  2119.0 0.6339479E-09
  2120.0 0.7492730E-09
  2121.0 0.8575295E-09
  2122.0 0.9567965E-09
  2123.0 0.1045263E-08
  2124.0 0.1121268E-08
  2125.0 0.1183329E-08
  2126.0 0.1230162E-08
  2127.0 0.1260719E-08
  2128.0 0.1274199E-08
  2129.0 0.1270070E-08
  2130.0 0.1248076E-08
  2131.0 0.1208249E-08
  2132.0 0.1150906E-08
  2133.0 0.1076657E-08
  2134.0 0.9863783E-09
  2135.0 0.8812177E-09
  2136.0 0.7625708E-09
  2137.0 0.6320580E-09
  2138.0 0.4914999E-09
  2139.0 0.3428902E-09
  2140.0 0.1883607E-09
  2141.0 0.3014792E-10
  2142.0 -.1294432E-09
  2143.0 -.2880766E-09
  2144.0 -.4434257E-09
  2145.0 -.5932058E-09
  2146.0 -.7352188E-09
  2147.0 -.8673831E-09
  2148.0 -.9877703E-09
  2149.0 -.1094638E-08
  2150.0 -.1186452E-08
  2151.0 -.1261915E-08
  2152.0 -.1319988E-08
  2153.0 -.1359903E-08
  2154.0 -.1381171E-08
  2155.0 -.1383599E-08
  2156.0 -.1367278E-08
  2157.0 -.1332593E-08
  2158.0 -.1280205E-08
  2159.0 -.1211039E-08
  2160.0 -.1126269E-08
  2161.0 -.1027300E-08
  2162.0 -.9157348E-09
  2163.0 -.7933528E-09
  2164.0 -.6620760E-09
  2165.0 -.5239356E-09
  2166.0 -.3810422E-09
  2167.0 -.2355434E-09
  2168.0 -.8959481E-10
  2169.0 0.5467869E-10
  2170.0 0.1952158E-09
  2171.0 0.3300508E-09
  2172.0 0.4573460E-09
  2173.0 0.5754159E-09
  2174.0 0.6827586E-09
  2175.0 0.7780658E-09
  2176.0 0.8602546E-09
  2177.0 0.9284685E-09
  2178.0 0.9820950E-09
  2179.0 0.1020765E-08
  2180.0 0.1044359E-08
  2181.0 0.1052994E-08
  2182.0 0.1047037E-08
  2183.0 0.1027061E-08
  2184.0 0.9938587E-09
  2185.0 0.9484110E-09
  2186.0 0.8918698E-09
  2187.0 0.8255268E-09
  2188.0 0.7507986E-09
  2189.0 0.6691914E-09
  2190.0 0.5822746E-09
  2191.0 0.4916562E-09
  2192.0 0.3989460E-09
  2193.0 0.3057350E-09
  2194.0 0.2135643E-09
  2195.0 0.1239005E-09
  2196.0 0.3811351E-10
  2197.0 -.4254764E-10
  2198.0 -.1169703E-09
  2199.0 -.1841956E-09
  2200.0 -.2434299E-09
  2201.0 -.2940548E-09
  2202.0 -.3356326E-09
  2203.0 -.3679077E-09
  2204.0 -.3908060E-09
  2205.0 -.4044300E-09
  2206.0 -.4090527E-09
  2207.0 -.4051062E-09
  2208.0 -.3931664E-09
  2209.0 -.3739400E-09
  2210.0 -.3482466E-09
  2211.0 -.3169974E-09
  2212.0 -.2811781E-09
  2213.0 -.2418238E-09
  2214.0 -.2000000E-09
  2215.0 -.1567787E-09
  2216.0 -.1132185E-09
  2217.0 -.7034394E-10
  2218.0 -.2912511E-10
  2219.0 0.9539477E-11
  2220.0 0.4483851E-10
  2221.0 0.7606353E-10
  2222.0 0.1026184E-09
  2223.0 0.1240306E-09
  2224.0 0.1399558E-09
  2225.0 0.1501828E-09
  2226.0 0.1546351E-09
  2227.0 0.1533683E-09
  2228.0 0.1465662E-09
  2229.0 0.1345350E-09
  2230.0 0.1176929E-09
  2231.0 0.9656057E-10
  2232.0 0.7174787E-10
  2233.0 0.4393896E-10
  2234.0 0.1387658E-10
  2235.0 -.1765373E-10
  2236.0 -.4984128E-10
  2237.0 -.8186832E-10
  2238.0 -.1129269E-09
  2239.0 -.1422355E-09
  2240.0 -.1690555E-09
  2241.0 -.1927079E-09
  2242.0 -.2125842E-09
  2243.0 -.2281619E-09
  2244.0 -.2390127E-09
  2245.0 -.2448121E-09
  2246.0 -.2453458E-09
  2247.0 -.2405142E-09
  2248.0 -.2303330E-09
  2249.0 -.2149343E-09
  2250.0 -.1945628E-09
  2251.0 -.1695719E-09
  2252.0 -.1404158E-09
  2253.0 -.1076412E-09
  2254.0 -.7187546E-10
  2255.0 -.3381546E-10
  2256.0 0.5785903E-11
  2257.0 0.4613609E-10
  2258.0 0.8641771E-10
  2259.0 0.1258037E-09
  2260.0 0.1634742E-09
  2261.0 0.1986330E-09
  2262.0 0.2305232E-09
  2263.0 0.2584420E-09
  2264.0 0.2817543E-09
  2265.0 0.2999067E-09
  2266.0 0.3124374E-09
  2267.0 0.3189881E-09
  2268.0 0.3193086E-09
  2269.0 0.3132651E-09
  2270.0 0.3008439E-09
  2271.0 0.2821505E-09
  2272.0 0.2574110E-09
  2273.0 0.2269696E-09
  2274.0 0.1912810E-09
  2275.0 0.1509057E-09
  2276.0 0.1064985E-09
  2277.0 0.5880062E-10
  2278.0 0.8623636E-11
  2279.0 -.4316238E-10
  2280.0 -.9564420E-10
  2281.0 -.1478825E-09
  2282.0 -.1989275E-09
  2283.0 -.2478359E-09
  2284.0 -.2936890E-09
  2285.0 -.3356085E-09
  2286.0 -.3727730E-09
  2287.0 -.4044324E-09
  2288.0 -.4299228E-09
  2289.0 -.4486811E-09
  2290.0 -.4602518E-09
  2291.0 -.4643009E-09
  2292.0 -.4606192E-09
  2293.0 -.4491306E-09
  2294.0 -.4298936E-09
  2295.0 -.4031017E-09
  2296.0 -.3690823E-09
  2297.0 -.3282926E-09
  2298.0 -.2813122E-09
  2299.0 -.2288356E-09
  2300.0 -.1716622E-09
  2301.0 -.1106818E-09
  2302.0 -.4686240E-10
  2303.0 0.1876625E-10
  2304.0 0.8512953E-10
  2305.0 0.1511252E-09
  2306.0 0.2156425E-09
  2307.0 0.2775797E-09
  2308.0 0.3358639E-09
  2309.0 0.3894683E-09
  2310.0 0.4374311E-09
  2311.0 0.4788716E-09
  2312.0 0.5130040E-09
  2313.0 0.5391566E-09
  2314.0 0.5567778E-09
  2315.0 0.5654479E-09
  2316.0 0.5648947E-09
  2317.0 0.5549863E-09
  2318.0 0.5357461E-09
  2319.0 0.5073477E-09
  2320.0 0.4701142E-09
  2321.0 0.4245164E-09
  2322.0 0.3711627E-09
  2323.0 0.3107938E-09
  2324.0 0.2442700E-09
  2325.0 0.1725566E-09
  2326.0 0.9671201E-10
  2327.0 0.1786903E-10
  2328.0 -.6278222E-10
  2329.0 -.1440134E-09
  2330.0 -.2245769E-09
  2331.0 -.3032270E-09
  2332.0 -.3787386E-09
  2333.0 -.4499277E-09
  2334.0 -.5156697E-09
  2335.0 -.5749188E-09
  2336.0 -.6267249E-09
  2337.0 -.6702466E-09
  2338.0 -.7047660E-09
  2339.0 -.7297032E-09
  2340.0 -.7446220E-09
  2341.0 -.7492382E-09
  2342.0 -.7434248E-09
  2343.0 -.7272112E-09
  2344.0 -.7007901E-09
  2345.0 -.6645031E-09
  2346.0 -.6188446E-09
  2347.0 -.5644498E-09
  2348.0 -.5020847E-09
  2349.0 -.4326338E-09
  2350.0 -.3570876E-09
  2351.0 -.2765229E-09
  2352.0 -.1920900E-09
  2353.0 -.1049914E-09
  2354.0 -.1646445E-10
  2355.0 0.7223860E-10
  2356.0 0.1598707E-09
  2357.0 0.2452081E-09
  2358.0 0.3270708E-09
  2359.0 0.4043366E-09
  2360.0 0.4759639E-09
  2361.0 0.5410003E-09
  2362.0 0.5986034E-09
  2363.0 0.6480448E-09
  2364.0 0.6887252E-09
  2365.0 0.7201834E-09
  2366.0 0.7420943E-09
  2367.0 0.7542778E-09
  2368.0 0.7566989E-09
  2369.0 0.7494652E-09
  2370.0 0.7328209E-09
  2371.0 0.7071442E-09
  2372.0 0.6729357E-09
  2373.0 0.6308113E-09
  2374.0 0.5814915E-09
  2375.0 0.5257811E-09
  2376.0 0.4645637E-09
  2377.0 0.3987820E-09
  2378.0 0.3294228E-09
  2379.0 0.2575005E-09
  2380.0 0.1840425E-09
  2381.0 0.1100706E-09
  2382.0 0.3658818E-10
  2383.0 -.3543717E-10
  2384.0 -.1050849E-09
  2385.0 -.1714965E-09
  2386.0 -.2338858E-09
  2387.0 -.2915475E-09
  2388.0 -.3438677E-09
  2389.0 -.3903294E-09
  2390.0 -.4305162E-09
  2391.0 -.4641156E-09
  2392.0 -.4909231E-09
  2393.0 -.5108336E-09
  2394.0 -.5238485E-09
  2395.0 -.5300653E-09
  2396.0 -.5296735E-09
  2397.0 -.5229497E-09
  2398.0 -.5102470E-09
  2399.0 -.4919885E-09
