     0.0 0.0000000E+00
     1.0 0.1896511E-18
     2.0 0.3740079E-18
     3.0 -.7611264E-18
     4.0 -.5707176E-17
     5.0 -.1822199E-16
     6.0 -.4334394E-16
     7.0 -.8735046E-16
     8.0 -.1576831E-15
     9.0 -.2628303E-15
    10.0 -.4121640E-15
    11.0 -.6157347E-15
    12.0 -.8840310E-15
    13.0 -.1227704E-14
    14.0 -.1657266E-14
    15.0 -.2182763E-14
    16.0 -.2813436E-14
    17.0 -.3557374E-14
    18.0 -.4421164E-14
    19.0 -.5409543E-14
    20.0 -.6525069E-14
    21.0 -.7767807E-14
    22.0 -.9135043E-14
    23.0 -.1062101E-13
    24.0 -.1221671E-13
    25.0 -.1390968E-13
    26.0 -.1568388E-13
    27.0 -.1751961E-13
    28.0 -.1939346E-13
    29.0 -.2127834E-13
    30.0 -.2314354E-13
    31.0 -.2495486E-13
    32.0 -.2667480E-13
    33.0 -.2826281E-13
    34.0 -.2967562E-13
    35.0 -.3086761E-13
    36.0 -.3179122E-13
    37.0 -.3239751E-13
    38.0 -.3263666E-13
    39.0 -.3245864E-13
    40.0 -.3181387E-13
    41.0 -.3065397E-13
    42.0 -.2893250E-13
    43.0 -.2660579E-13
    44.0 -.2363374E-13
    45.0 -.1998071E-13
    46.0 -.1561628E-13
    47.0 -.1051618E-13
    48.0 -.4662925E-14
    49.0 0.1953400E-14
    50.0 0.9334517E-14
    51.0 0.1747347E-13
    52.0 0.2635421E-13
    53.0 0.3595138E-13
    54.0 0.4623032E-13
    55.0 0.5714705E-13
    56.0 0.6864877E-13
    57.0 0.8067431E-13
    58.0 0.9315500E-13
    59.0 0.1060156E-12
    60.0 0.1191754E-12
    61.0 0.1325501E-12
    62.0 0.1460529E-12
    63.0 0.1595964E-12
    64.0 0.1730947E-12
    65.0 0.1864652E-12
    66.0 0.1996304E-12
    67.0 0.2125202E-12
    68.0 0.2250735E-12
    69.0 0.2372402E-12
    70.0 0.2489823E-12
    71.0 0.2602760E-12
    72.0 0.2711114E-12
    73.0 0.2814946E-12
    74.0 0.2914464E-12
    75.0 0.3010032E-12
    76.0 0.3102160E-12
    77.0 0.3191492E-12
    78.0 0.3278784E-12
    79.0 0.3364895E-12
    80.0 0.3450757E-12
    81.0 0.3537340E-12
    82.0 0.3625635E-12
    83.0 0.3716609E-12
    84.0 0.3811177E-12
    85.0 0.3910168E-12
    86.0 0.4014293E-12
    87.0 0.4124098E-12
    88.0 0.4239964E-12
    89.0 0.4362059E-12
    90.0 0.4490329E-12
    91.0 0.4624483E-12
    92.0 0.4763982E-12
    93.0 0.4908058E-12
    94.0 0.5055700E-12
    95.0 0.5205682E-12
    96.0 0.5356584E-12
    97.0 0.5506836E-12
    98.0 0.5654728E-12
    99.0 0.5798488E-12
   100.0 0.5936309E-12
   101.0 0.6066400E-12
   102.0 0.6187060E-12
   103.0 0.6296738E-12
   104.0 0.6394100E-12
   105.0 0.6478074E-12
   106.0 0.6547908E-12
   107.0 0.6603196E-12
   108.0 0.6643931E-12
   109.0 0.6670499E-12
   110.0 0.6683707E-12
   111.0 0.6684763E-12
   112.0 0.6675284E-12
   113.0 0.6657222E-12
   114.0 0.6632875E-12
   115.0 0.6604779E-12
   116.0 0.6575668E-12
   117.0 0.6548389E-12
   118.0 0.6525816E-12
   119.0 0.6510773E-12
   120.0 0.6505910E-12
   121.0 0.6513643E-12
   122.0 0.6536049E-12
   123.0 0.6574774E-12
   124.0 0.6630976E-12
   125.0 0.6705255E-12
   126.0 0.6797599E-12
   127.0 0.6907349E-12
   128.0 0.7033208E-12
   129.0 0.7173227E-12
   130.0 0.7324834E-12
   131.0 0.7484883E-12
   132.0 0.7649720E-12
   133.0 0.7815278E-12
   134.0 0.7977187E-12
   135.0 0.8130841E-12
   136.0 0.8271607E-12
   137.0 0.8394890E-12
   138.0 0.8496331E-12
   139.0 0.8571909E-12
   140.0 0.8618104E-12
   141.0 0.8632024E-12
   142.0 0.8611506E-12
   143.0 0.8555245E-12
   144.0 0.8462841E-12
   145.0 0.8334885E-12
   146.0 0.8172985E-12
   147.0 0.7979736E-12
   148.0 0.7758718E-12
   149.0 0.7514459E-12
   150.0 0.7252299E-12
   151.0 0.6978308E-12
   152.0 0.6699130E-12
   153.0 0.6421813E-12
   154.0 0.6153671E-12
   155.0 0.5902023E-12
   156.0 0.5674016E-12
   157.0 0.5476446E-12
   158.0 0.5315500E-12
   159.0 0.5196598E-12
   160.0 0.5124195E-12
   161.0 0.5101614E-12
   162.0 0.5130947E-12
   163.0 0.5212892E-12
   164.0 0.5346725E-12
   165.0 0.5530262E-12
   166.0 0.5759857E-12
   167.0 0.6030438E-12
   168.0 0.6335630E-12
   169.0 0.6667850E-12
   170.0 0.7018480E-12
   171.0 0.7378071E-12
   172.0 0.7736558E-12
   173.0 0.8083528E-12
   174.0 0.8408459E-12
   175.0 0.8701003E-12
   176.0 0.8951291E-12
   177.0 0.9150163E-12
   178.0 0.9289453E-12
   179.0 0.9362222E-12
   180.0 0.9362980E-12
   181.0 0.9287845E-12
   182.0 0.9134705E-12
   183.0 0.8903281E-12
   184.0 0.8595214E-12
   185.0 0.8214041E-12
   186.0 0.7765149E-12
   187.0 0.7255670E-12
   188.0 0.6694322E-12
   189.0 0.6091251E-12
   190.0 0.5457764E-12
   191.0 0.4806069E-12
   192.0 0.4148973E-12
   193.0 0.3499601E-12
   194.0 0.2871006E-12
   195.0 0.2275896E-12
   196.0 0.1726280E-12
   197.0 0.1233155E-12
   198.0 0.8062293E-13
   199.0 0.4536586E-13
   200.0 0.1818222E-13
   201.0 -.4851707E-15
   202.0 -.1040119E-13
   203.0 -.1154585E-13
   204.0 -.4117223E-14
   205.0 0.1147291E-13
   206.0 0.3460833E-13
   207.0 0.6448255E-13
   208.0 0.1001170E-12
   209.0 0.1403862E-12
   210.0 0.1840459E-12
   211.0 0.2297616E-12
   212.0 0.2761450E-12
   213.0 0.3217855E-12
   214.0 0.3652857E-12
   215.0 0.4053018E-12
   216.0 0.4405680E-12
   217.0 0.4699379E-12
   218.0 0.4924056E-12
   219.0 0.5071341E-12
   220.0 0.5134766E-12
   221.0 0.5109925E-12
   222.0 0.4994563E-12
   223.0 0.4788640E-12
   224.0 0.4494331E-12
   225.0 0.4115964E-12
   226.0 0.3659910E-12
   227.0 0.3134429E-12
   228.0 0.2549421E-12
   229.0 0.1916227E-12
   230.0 0.1247301E-12
   231.0 0.5559353E-13
   232.0 -.1441070E-13
   233.0 -.8389260E-13
   234.0 -.1514815E-12
   235.0 -.2158606E-12
   236.0 -.2758011E-12
   237.0 -.3301907E-12
   238.0 -.3780602E-12
   239.0 -.4186083E-12
   240.0 -.4512216E-12
   241.0 -.4754867E-12
   242.0 -.4912048E-12
   243.0 -.4983903E-12
   244.0 -.4972731E-12
   245.0 -.4882946E-12
   246.0 -.4720932E-12
   247.0 -.4494889E-12
   248.0 -.4214668E-12
   249.0 -.3891482E-12
   250.0 -.3537658E-12
   251.0 -.3166337E-12
   252.0 -.2791114E-12
   253.0 -.2425741E-12
   254.0 -.2083832E-12
   255.0 -.1778381E-12
   256.0 -.1521554E-12
   257.0 -.1324348E-12
   258.0 -.1196285E-12
   259.0 -.1145183E-12
   260.0 -.1176900E-12
   261.0 -.1295168E-12
   262.0 -.1501518E-12
   263.0 -.1795081E-12
   264.0 -.2172679E-12
   265.0 -.2628802E-12
   266.0 -.3155608E-12
   267.0 -.3743206E-12
   268.0 -.4379760E-12
   269.0 -.5051682E-12
   270.0 -.5743969E-12
   271.0 -.6440553E-12
   272.0 -.7124556E-12
   273.0 -.7778760E-12
   274.0 -.8385977E-12
   275.0 -.8929483E-12
   276.0 -.9393407E-12
   277.0 -.9763221E-12
   278.0 -.1002604E-11
   279.0 -.1017107E-11
   280.0 -.1019002E-11
   281.0 -.1007726E-11
   282.0 -.9830194E-12
   283.0 -.9449458E-12
   284.0 -.8938993E-12
   285.0 -.8306142E-12
   286.0 -.7561643E-12
   287.0 -.6719596E-12
   288.0 -.5797128E-12
   289.0 -.4814269E-12
   290.0 -.3793659E-12
   291.0 -.2759952E-12
   292.0 -.1739472E-12
   293.0 -.7596172E-13
   294.0 0.1517492E-13
   295.0 0.9669848E-13
   296.0 0.1659252E-12
   297.0 0.2203349E-12
   298.0 0.2576341E-12
   299.0 0.2758260E-12
   300.0 0.2732748E-12
   301.0 0.2487720E-12
   302.0 0.2015811E-12
   303.0 0.1314938E-12
   304.0 0.3885208E-13
   305.0 -.7541544E-13
   306.0 -.2097906E-12
   307.0 -.3621658E-12
   308.0 -.5298639E-12
   309.0 -.7096683E-12
   310.0 -.8978726E-12
   311.0 -.1090344E-11
   312.0 -.1282590E-11
   313.0 -.1469869E-11
   314.0 -.1647265E-11
   315.0 -.1809816E-11
   316.0 -.1952632E-11
   317.0 -.2071002E-11
   318.0 -.2160536E-11
   319.0 -.2217279E-11
   320.0 -.2237831E-11
   321.0 -.2219470E-11
   322.0 -.2160236E-11
   323.0 -.2059032E-11
   324.0 -.1915691E-11
   325.0 -.1731034E-11
   326.0 -.1506894E-11
   327.0 -.1246122E-11
   328.0 -.9525800E-12
   329.0 -.6310913E-12
   330.0 -.2873685E-12
   331.0 0.7207142E-13
   332.0 0.4400316E-12
   333.0 0.8087757E-12
   334.0 0.1170186E-11
   335.0 0.1515943E-11
   336.0 0.1837715E-11
   337.0 0.2127359E-11
   338.0 0.2377128E-11
   339.0 0.2579873E-11
   340.0 0.2729234E-11
   341.0 0.2819845E-11
   342.0 0.2847497E-11
   343.0 0.2809288E-11
   344.0 0.2703749E-11
   345.0 0.2530946E-11
   346.0 0.2292545E-11
   347.0 0.1991823E-11
   348.0 0.1633681E-11
   349.0 0.1224567E-11
   350.0 0.7724075E-12
   351.0 0.2864607E-12
   352.0 -.2228446E-12
   353.0 -.7441135E-12
   354.0 -.1265221E-11
   355.0 -.1773568E-11
   356.0 -.2256366E-11
   357.0 -.2700936E-11
   358.0 -.3095024E-11
   359.0 -.3427077E-11
   360.0 -.3686566E-11
   361.0 -.3864270E-11
   362.0 -.3952539E-11
   363.0 -.3945508E-11
   364.0 -.3839331E-11
   365.0 -.3632304E-11
   366.0 -.3325005E-11
   367.0 -.2920323E-11
   368.0 -.2423491E-11
   369.0 -.1842014E-11
   370.0 -.1185578E-11
   371.0 -.4658748E-12
   372.0 0.3036062E-12
   373.0 0.1107843E-11
   374.0 0.1930589E-11
   375.0 0.2754728E-11
   376.0 0.3562636E-11
   377.0 0.4336596E-11
   378.0 0.5059191E-11
   379.0 0.5713749E-11
   380.0 0.6284709E-11
   381.0 0.6758061E-11
   382.0 0.7121654E-11
   383.0 0.7365590E-11
   384.0 0.7482454E-11
   385.0 0.7467560E-11
   386.0 0.7319122E-11
   387.0 0.7038390E-11
   388.0 0.6629635E-11
   389.0 0.6100139E-11
   390.0 0.5460098E-11
   391.0 0.4722432E-11
   392.0 0.3902536E-11
   393.0 0.3017989E-11
   394.0 0.2088181E-11
   395.0 0.1133882E-11
   396.0 0.1768167E-12
   397.0 -.7608407E-12
   398.0 -.1656952E-11
   399.0 -.2489943E-11
   400.0 -.3239289E-11
   401.0 -.3886017E-11
   402.0 -.4413137E-11
   403.0 -.4806091E-11
   404.0 -.5053083E-11
   405.0 -.5145414E-11
   406.0 -.5077693E-11
   407.0 -.4848001E-11
   408.0 -.4457975E-11
   409.0 -.3912807E-11
   410.0 -.3221155E-11
   411.0 -.2394972E-11
   412.0 -.1449252E-11
   413.0 -.4017278E-12
   414.0 0.7275172E-12
   415.0 0.1916515E-11
   416.0 0.3141876E-11
   417.0 0.4379324E-11
   418.0 0.5604264E-11
   419.0 0.6792307E-11
   420.0 0.7919851E-11
   421.0 0.8964609E-11
   422.0 0.9906123E-11
   423.0 0.1072623E-10
   424.0 0.1140943E-10
   425.0 0.1194334E-10
   426.0 0.1231888E-10
   427.0 0.1253048E-10
   428.0 0.1257622E-10
   429.0 0.1245788E-10
   430.0 0.1218081E-10
   431.0 0.1175384E-10
   432.0 0.1118908E-10
   433.0 0.1050154E-10
   434.0 0.9708838E-11
   435.0 0.8830706E-11
   436.0 0.7888575E-11
   437.0 0.6905037E-11
   438.0 0.5903285E-11
   439.0 0.4906644E-11
   440.0 0.3937951E-11
   441.0 0.3019054E-11
   442.0 0.2170339E-11
   443.0 0.1410237E-11
   444.0 0.7548668E-12
   445.0 0.2176403E-12
   446.0 -.1909883E-12
   447.0 -.4637207E-12
   448.0 -.5965465E-12
   449.0 -.5888034E-12
   450.0 -.4431273E-12
   451.0 -.1653674E-12
   452.0 0.2356231E-12
   453.0 0.7481787E-12
   454.0 0.1358155E-11
   455.0 0.2049276E-11
   456.0 0.2803497E-11
   457.0 0.3601393E-11
   458.0 0.4422598E-11
   459.0 0.5246230E-11
   460.0 0.6051293E-11
   461.0 0.6817079E-11
   462.0 0.7523478E-11
   463.0 0.8151348E-11
   464.0 0.8682762E-11
   465.0 0.9101245E-11
   466.0 0.9391934E-11
   467.0 0.9541631E-11
   468.0 0.9538933E-11
   469.0 0.9374208E-11
   470.0 0.9039421E-11
   471.0 0.8528182E-11
   472.0 0.7835590E-11
   473.0 0.6957910E-11
   474.0 0.5892559E-11
   475.0 0.4637807E-11
   476.0 0.3192577E-11
   477.0 0.1556390E-11
   478.0 -.2710251E-12
   479.0 -.2289576E-11
   480.0 -.4499168E-11
   481.0 -.6899507E-11
   482.0 -.9490332E-11
   483.0 -.1227095E-10
   484.0 -.1524051E-10
   485.0 -.1839754E-10
   486.0 -.2173980E-10
   487.0 -.2526397E-10
   488.0 -.2896533E-10
   489.0 -.3283721E-10
   490.0 -.3687095E-10
   491.0 -.4105519E-10
   492.0 -.4537558E-10
   493.0 -.4981460E-10
   494.0 -.5435088E-10
   495.0 -.5895934E-10
   496.0 -.6361076E-10
   497.0 -.6827185E-10
   498.0 -.7290498E-10
   499.0 -.7746874E-10
   500.0 -.8191788E-10
   501.0 -.8620370E-10
   502.0 -.9027463E-10
   503.0 -.9407685E-10
   504.0 -.9755488E-10
   505.0 -.1006528E-09
   506.0 -.1033148E-09
   507.0 -.1054863E-09
   508.0 -.1071155E-09
   509.0 -.1081535E-09
   510.0 -.1085569E-09
   511.0 -.1082877E-09
   512.0 -.1073149E-09
   513.0 -.1056159E-09
   514.0 -.1031768E-09
   515.0 -.9999361E-10
   516.0 -.9607303E-10
   517.0 -.9143272E-10
   518.0 -.8610199E-10
   519.0 -.8012138E-10
   520.0 -.7354317E-10
   521.0 -.6643054E-10
   522.0 -.5885753E-10
   523.0 -.5090772E-10
   524.0 -.4267360E-10
   525.0 -.3425498E-10
   526.0 -.2575793E-10
   527.0 -.1729288E-10
   528.0 -.8972977E-11
   529.0 -.9120321E-12
   530.0 0.6777008E-11
   531.0 0.1398482E-10
   532.0 0.2060669E-10
   533.0 0.2654564E-10
   534.0 0.3171337E-10
   535.0 0.3603253E-10
   536.0 0.3943826E-10
   537.0 0.4187925E-10
   538.0 0.4331940E-10
   539.0 0.4373865E-10
   540.0 0.4313291E-10
   541.0 0.4151544E-10
   542.0 0.3891589E-10
   543.0 0.3538047E-10
   544.0 0.3097106E-10
   545.0 0.2576436E-10
   546.0 0.1985030E-10
   547.0 0.1333079E-10
   548.0 0.6317833E-11
   549.0 -.1068805E-11
   550.0 -.8703442E-11
   551.0 -.1645714E-10
   552.0 -.2419987E-10
   553.0 -.3180316E-10
   554.0 -.3914247E-10
   555.0 -.4609931E-10
   556.0 -.5256405E-10
   557.0 -.5843728E-10
   558.0 -.6363220E-10
   559.0 -.6807580E-10
   560.0 -.7171023E-10
   561.0 -.7449401E-10
   562.0 -.7640215E-10
   563.0 -.7742664E-10
   564.0 -.7757633E-10
   565.0 -.7687642E-10
   566.0 -.7536759E-10
   567.0 -.7310446E-10
   568.0 -.7015481E-10
   569.0 -.6659730E-10
   570.0 -.6251951E-10
   571.0 -.5801601E-10
   572.0 -.5318583E-10
   573.0 -.4813049E-10
   574.0 -.4295090E-10
   575.0 -.3774588E-10
   576.0 -.3260937E-10
   577.0 -.2762845E-10
   578.0 -.2288160E-10
   579.0 -.1843708E-10
   580.0 -.1435129E-10
   581.0 -.1066824E-10
   582.0 -.7418515E-11
   583.0 -.4619038E-11
   584.0 -.2273336E-11
   585.0 -.3716462E-12
   586.0 0.1108065E-11
   587.0 0.2199101E-11
   588.0 0.2944540E-11
   589.0 0.3395760E-11
   590.0 0.3610243E-11
   591.0 0.3650151E-11
   592.0 0.3579230E-11
   593.0 0.3461740E-11
   594.0 0.3359358E-11
   595.0 0.3329492E-11
   596.0 0.3423511E-11
   597.0 0.3684753E-11
   598.0 0.4146896E-11
   599.0 0.4833058E-11
   600.0 0.5754971E-11
   601.0 0.6912079E-11
   602.0 0.8291532E-11
   603.0 0.9868916E-11
   604.0 0.1160830E-10
   605.0 0.1346346E-10
   606.0 0.1537987E-10
   607.0 0.1729529E-10
   608.0 0.1914288E-10
   609.0 0.2085271E-10
   610.0 0.2235472E-10
   611.0 0.2358065E-10
   612.0 0.2446713E-10
   613.0 0.2495781E-10
   614.0 0.2500616E-10
   615.0 0.2457730E-10
   616.0 0.2364998E-10
   617.0 0.2221882E-10
   618.0 0.2029447E-10
   619.0 0.1790563E-10
   620.0 0.1509855E-10
   621.0 0.1193721E-10
   622.0 0.8502864E-11
   623.0 0.4892438E-11
   624.0 0.1217192E-11
   625.0 -.2399510E-11
   626.0 -.5825090E-11
   627.0 -.8920114E-11
   628.0 -.1154233E-10
   629.0 -.1354961E-10
   630.0 -.1480432E-10
   631.0 -.1517641E-10
   632.0 -.1454794E-10
   633.0 -.1281599E-10
   634.0 -.9896971E-11
   635.0 -.5729118E-11
   636.0 -.2755000E-12
   637.0 0.6473671E-11
   638.0 0.1449975E-10
   639.0 0.2375411E-10
   640.0 0.3415795E-10
   641.0 0.4560292E-10
   642.0 0.5795193E-10
   643.0 0.7104106E-10
   644.0 0.8468204E-10
   645.0 0.9866580E-10
   646.0 0.1127661E-09
   647.0 0.1267441E-09
   648.0 0.1403527E-09
   649.0 0.1533432E-09
   650.0 0.1654693E-09
   651.0 0.1764934E-09
   652.0 0.1861929E-09
   653.0 0.1943648E-09
   654.0 0.2008314E-09
   655.0 0.2054448E-09
   656.0 0.2080922E-09
   657.0 0.2086981E-09
   658.0 0.2072285E-09
   659.0 0.2036922E-09
   660.0 0.1981425E-09
   661.0 0.1906767E-09
   662.0 0.1814356E-09
   663.0 0.1706012E-09
   664.0 0.1583949E-09
   665.0 0.1450716E-09
   666.0 0.1309170E-09
   667.0 0.1162407E-09
   668.0 0.1013701E-09
   669.0 0.8664384E-10
   670.0 0.7240371E-10
   671.0 0.5898784E-10
   672.0 0.4672234E-10
   673.0 0.3591440E-10
   674.0 0.2684339E-10
   675.0 0.1975606E-10
   676.0 0.1485831E-10
   677.0 0.1231057E-10
   678.0 0.1222318E-10
   679.0 0.1465235E-10
   680.0 0.1959830E-10
   681.0 0.2700400E-10
   682.0 0.3675515E-10
   683.0 0.4868192E-10
   684.0 0.6256199E-10
   685.0 0.7812455E-10
   686.0 0.9505587E-10
   687.0 0.1130057E-09
   688.0 0.1315949E-09
   689.0 0.1504243E-09
   690.0 0.1690828E-09
   691.0 0.1871581E-09
   692.0 0.2042456E-09
   693.0 0.2199588E-09
   694.0 0.2339382E-09
   695.0 0.2458614E-09
   696.0 0.2554504E-09
   697.0 0.2624800E-09
   698.0 0.2667833E-09
   699.0 0.2682582E-09
   700.0 0.2668688E-09
   701.0 0.2626501E-09
   702.0 0.2557060E-09
   703.0 0.2462089E-09
   704.0 0.2343967E-09
   705.0 0.2205680E-09
   706.0 0.2050755E-09
   707.0 0.1883176E-09
   708.0 0.1707299E-09
   709.0 0.1527741E-09
   710.0 0.1349276E-09
   711.0 0.1176699E-09
   712.0 0.1014713E-09
   713.0 0.8678042E-10
   714.0 0.7401112E-10
   715.0 0.6353180E-10
   716.0 0.5565350E-10
   717.0 0.5062092E-10
   718.0 0.4860333E-10
   719.0 0.4968900E-10
   720.0 0.5387922E-10
   721.0 0.6108686E-10
   722.0 0.7113472E-10
   723.0 0.8375824E-10
   724.0 0.9860944E-10
   725.0 0.1152628E-09
   726.0 0.1332251E-09
   727.0 0.1519445E-09
   728.0 0.1708248E-09
   729.0 0.1892382E-09
   730.0 0.2065414E-09
   731.0 0.2220927E-09
   732.0 0.2352670E-09
   733.0 0.2454755E-09
   734.0 0.2521812E-09
   735.0 0.2549157E-09
   736.0 0.2532936E-09
   737.0 0.2470286E-09
   738.0 0.2359418E-09
   739.0 0.2199734E-09
   740.0 0.1991903E-09
   741.0 0.1737888E-09
   742.0 0.1440949E-09
   743.0 0.1105644E-09
   744.0 0.7377506E-10
   745.0 0.3441929E-10
   746.0 -.6708581E-11
   747.0 -.4872727E-10
   748.0 -.9068620E-10
   749.0 -.1315859E-09
   750.0 -.1704010E-09
   751.0 -.2061032E-09
   752.0 -.2376871E-09
   753.0 -.2641960E-09
   754.0 -.2847464E-09
   755.0 -.2985555E-09
   756.0 -.3049614E-09
   757.0 -.3034491E-09
   758.0 -.2936653E-09
   759.0 -.2754399E-09
   760.0 -.2487928E-09
   761.0 -.2139493E-09
   762.0 -.1713378E-09
   763.0 -.1215957E-09
   764.0 -.6556004E-10
   765.0 -.4260070E-11
   766.0 0.6109895E-10
   767.0 0.1291545E-09
   768.0 0.1984107E-09
   769.0 0.2672672E-09
   770.0 0.3340508E-09
   771.0 0.3970480E-09
   772.0 0.4545452E-09
   773.0 0.5048668E-09
   774.0 0.5464117E-09
   775.0 0.5776982E-09
   776.0 0.5973962E-09
   777.0 0.6043701E-09
   778.0 0.5977088E-09
   779.0 0.5767574E-09
   780.0 0.5411428E-09
   781.0 0.4907947E-09
   782.0 0.4259595E-09
   783.0 0.3472115E-09
   784.0 0.2554520E-09
   785.0 0.1519044E-09
   786.0 0.3810270E-10
   787.0 -.8413020E-10
   788.0 -.2127088E-09
   789.0 -.3453184E-09
   790.0 -.4794575E-09
   791.0 -.6124793E-09
   792.0 -.7416480E-09
   793.0 -.8641909E-09
   794.0 -.9773541E-09
   795.0 -.1078468E-08
   796.0 -.1164999E-08
   797.0 -.1234618E-08
   798.0 -.1285252E-08
   799.0 -.1315136E-08
   800.0 -.1322876E-08
   801.0 -.1307474E-08
   802.0 -.1268381E-08
   803.0 -.1205511E-08
   804.0 -.1119282E-08
   805.0 -.1010607E-08
   806.0 -.8809016E-09
   807.0 -.7320738E-09
   808.0 -.5665071E-09
   809.0 -.3870235E-09
   810.0 -.1968449E-09
   811.0 0.4590992E-12
   812.0 0.2010312E-09
   813.0 0.4007966E-09
   814.0 0.5955355E-09
   815.0 0.7809682E-09
   816.0 0.9528360E-09
   817.0 0.1106994E-08
   818.0 0.1239495E-08
   819.0 0.1346684E-08
   820.0 0.1425273E-08
   821.0 0.1472431E-08
   822.0 0.1485854E-08
   823.0 0.1463826E-08
   824.0 0.1405289E-08
   825.0 0.1309868E-08
   826.0 0.1177924E-08
   827.0 0.1010551E-08
   828.0 0.8096012E-09
   829.0 0.5776604E-09
   830.0 0.3180274E-09
   831.0 0.3467379E-10
   832.0 -.2678142E-09
   833.0 -.5843050E-09
   834.0 -.9092028E-09
   835.0 -.1236544E-08
   836.0 -.1560103E-08
   837.0 -.1873507E-08
   838.0 -.2170351E-08
   839.0 -.2444332E-08
   840.0 -.2689376E-08
   841.0 -.2899754E-08
   842.0 -.3070217E-08
   843.0 -.3196113E-08
   844.0 -.3273491E-08
   845.0 -.3299217E-08
   846.0 -.3271051E-08
   847.0 -.3187719E-08
   848.0 -.3048983E-08
   849.0 -.2855661E-08
   850.0 -.2609665E-08
   851.0 -.2313992E-08
   852.0 -.1972699E-08
   853.0 -.1590870E-08
   854.0 -.1174543E-08
   855.0 -.7306302E-09
   856.0 -.2668126E-09
   857.0 0.2085790E-09
   858.0 0.6867057E-09
   859.0 0.1158369E-08
   860.0 0.1614176E-08
   861.0 0.2044708E-08
   862.0 0.2440705E-08
   863.0 0.2793243E-08
   864.0 0.3093904E-08
   865.0 0.3334977E-08
   866.0 0.3509590E-08
   867.0 0.3611908E-08
   868.0 0.3637227E-08
   869.0 0.3582170E-08
   870.0 0.3444699E-08
   871.0 0.3224287E-08
   872.0 0.2921932E-08
   873.0 0.2540189E-08
   874.0 0.2083183E-08
   875.0 0.1556590E-08
   876.0 0.9675735E-09
   877.0 0.3247109E-09
   878.0 -.3621223E-09
   879.0 -.1081886E-08
   880.0 -.1822534E-08
   881.0 -.2571207E-08
   882.0 -.3314420E-08
   883.0 -.4038291E-08
   884.0 -.4728796E-08
   885.0 -.5371967E-08
   886.0 -.5954172E-08
   887.0 -.6462364E-08
   888.0 -.6884299E-08
   889.0 -.7208820E-08
   890.0 -.7426038E-08
   891.0 -.7527552E-08
   892.0 -.7506656E-08
   893.0 -.7358456E-08
   894.0 -.7080082E-08
   895.0 -.6670696E-08
   896.0 -.6131657E-08
   897.0 -.5466492E-08
   898.0 -.4680906E-08
   899.0 -.3782767E-08
   900.0 -.2782008E-08
   901.0 -.1690520E-08
   902.0 -.5220124E-09
   903.0 0.7081885E-09
   904.0 0.1983343E-08
   905.0 0.3285538E-08
   906.0 0.4595948E-08
   907.0 0.5895164E-08
   908.0 0.7163414E-08
   909.0 0.8380984E-08
   910.0 0.9528430E-08
   911.0 0.1058699E-07
   912.0 0.1153882E-07
   913.0 0.1236738E-07
   914.0 0.1305765E-07
   915.0 0.1359643E-07
   916.0 0.1397262E-07
   917.0 0.1417732E-07
   918.0 0.1420415E-07
   919.0 0.1404928E-07
   920.0 0.1371155E-07
   921.0 0.1319259E-07
   922.0 0.1249672E-07
   923.0 0.1163107E-07
   924.0 0.1060531E-07
   925.0 0.9431681E-08
   926.0 0.8124797E-08
   927.0 0.6701370E-08
   928.0 0.5180057E-08
   929.0 0.3581092E-08
   930.0 0.1926094E-08
   931.0 0.2376399E-09
   932.0 -.1461044E-08
   933.0 -.3146445E-08
   934.0 -.4795116E-08
   935.0 -.6384102E-08
   936.0 -.7891214E-08
   937.0 -.9295461E-08
   938.0 -.1057736E-07
   939.0 -.1171921E-07
   940.0 -.1270544E-07
   941.0 -.1352282E-07
   942.0 -.1416066E-07
   943.0 -.1461100E-07
   944.0 -.1486876E-07
   945.0 -.1493176E-07
   946.0 -.1480082E-07
   947.0 -.1447966E-07
   948.0 -.1397490E-07
   949.0 -.1329594E-07
   950.0 -.1245476E-07
   951.0 -.1146573E-07
   952.0 -.1034542E-07
   953.0 -.9112202E-08
   954.0 -.7786125E-08
   955.0 -.6388361E-08
   956.0 -.4941036E-08
   957.0 -.3466749E-08
   958.0 -.1988273E-08
   959.0 -.5281085E-09
   960.0 0.8918259E-09
   961.0 0.2250590E-08
   962.0 0.3528553E-08
   963.0 0.4707685E-08
   964.0 0.5771872E-08
   965.0 0.6707159E-08
   966.0 0.7501968E-08
   967.0 0.8147244E-08
   968.0 0.8636613E-08
   969.0 0.8966470E-08
   970.0 0.9135934E-08
   971.0 0.9146946E-08
   972.0 0.9004086E-08
   973.0 0.8714567E-08
   974.0 0.8288033E-08
   975.0 0.7736302E-08
   976.0 0.7073246E-08
   977.0 0.6314470E-08
   978.0 0.5476974E-08
   979.0 0.4578913E-08
   980.0 0.3639173E-08
   981.0 0.2677136E-08
   982.0 0.1712218E-08
   983.0 0.7635882E-09
   984.0 -.1502061E-09
   985.0 -.1011545E-08
   986.0 -.1804069E-08
   987.0 -.2512936E-08
   988.0 -.3125093E-08
   989.0 -.3629501E-08
   990.0 -.4017287E-08
   991.0 -.4281910E-08
   992.0 -.4419248E-08
   993.0 -.4427657E-08
   994.0 -.4307971E-08
   995.0 -.4063470E-08
   996.0 -.3699772E-08
   997.0 -.3224754E-08
   998.0 -.2648353E-08
   999.0 -.1982365E-08
  1000.0 -.1240247E-08
  1001.0 -.4368082E-09
  1002.0 0.4120381E-09
  1003.0 0.1289593E-08
  1004.0 0.2178680E-08
  1005.0 0.3061963E-08
  1006.0 0.3922265E-08
  1007.0 0.4742901E-08
  1008.0 0.5507947E-08
  1009.0 0.6202543E-08
  1010.0 0.6813181E-08
  1011.0 0.7327904E-08
  1012.0 0.7736502E-08
  1013.0 0.8030763E-08
  1014.0 0.8204558E-08
  1015.0 0.8253844E-08
  1016.0 0.8176944E-08
  1017.0 0.7974320E-08
  1018.0 0.7648731E-08
  1019.0 0.7205058E-08
  1020.0 0.6650223E-08
  1021.0 0.5993100E-08
  1022.0 0.5244246E-08
  1023.0 0.4415773E-08
  1024.0 0.3521096E-08
  1025.0 0.2574664E-08
  1026.0 0.1591701E-08
  1027.0 0.5879495E-09
  1028.0 -.4206520E-09
  1029.0 -.1418231E-08
  1030.0 -.2389266E-08
  1031.0 -.3318858E-08
  1032.0 -.4193005E-08
  1033.0 -.4998791E-08
  1034.0 -.5724658E-08
  1035.0 -.6360543E-08
  1036.0 -.6898071E-08
  1037.0 -.7330660E-08
  1038.0 -.7653600E-08
  1039.0 -.7864135E-08
  1040.0 -.7961442E-08
  1041.0 -.7946638E-08
  1042.0 -.7822725E-08
  1043.0 -.7594471E-08
  1044.0 -.7268377E-08
  1045.0 -.6852372E-08
  1046.0 -.6355801E-08
  1047.0 -.5789130E-08
  1048.0 -.5163779E-08
  1049.0 -.4491882E-08
  1050.0 -.3786033E-08
  1051.0 -.3059087E-08
  1052.0 -.2323890E-08
  1053.0 -.1593058E-08
  1054.0 -.8787576E-09
  1055.0 -.1924839E-09
  1056.0 0.4551152E-09
  1057.0 0.1054423E-08
  1058.0 0.1596995E-08
  1059.0 0.2075685E-08
  1060.0 0.2484727E-08
  1061.0 0.2819824E-08
  1062.0 0.3078145E-08
  1063.0 0.3258376E-08
  1064.0 0.3360650E-08
  1065.0 0.3386522E-08
  1066.0 0.3338893E-08
  1067.0 0.3221889E-08
  1068.0 0.3040751E-08
  1069.0 0.2801693E-08
  1070.0 0.2511738E-08
  1071.0 0.2178555E-08
  1072.0 0.1810289E-08
  1073.0 0.1415372E-08
  1074.0 0.1002352E-08
  1075.0 0.5797159E-09
  1076.0 0.1557194E-09
  1077.0 -.2617568E-09
  1078.0 -.6653631E-09
  1079.0 -.1048399E-08
  1080.0 -.1404921E-08
  1081.0 -.1729828E-08
  1082.0 -.2018926E-08
  1083.0 -.2268968E-08
  1084.0 -.2477685E-08
  1085.0 -.2643761E-08
  1086.0 -.2766824E-08
  1087.0 -.2847401E-08
  1088.0 -.2886844E-08
  1089.0 -.2887259E-08
  1090.0 -.2851400E-08
  1091.0 -.2782592E-08
  1092.0 -.2684572E-08
  1093.0 -.2561413E-08
  1094.0 -.2417377E-08
  1095.0 -.2256795E-08
  1096.0 -.2083969E-08
  1097.0 -.1903048E-08
  1098.0 -.1717923E-08
  1099.0 -.1532145E-08
  1100.0 -.1348852E-08
  1101.0 -.1170708E-08
  1102.0 -.9998560E-09
  1103.0 -.8378918E-09
  1104.0 -.6858569E-09
  1105.0 -.5442476E-09
  1106.0 -.4130392E-09
  1107.0 -.2917220E-09
  1108.0 -.1793631E-09
  1109.0 -.7466276E-10
  1110.0 0.2394823E-10
  1111.0 0.1182600E-09
  1112.0 0.2101516E-09
  1113.0 0.3015348E-09
  1114.0 0.3942368E-09
  1115.0 0.4899373E-09
  1116.0 0.5900564E-09
  1117.0 0.6957040E-09
  1118.0 0.8076093E-09
  1119.0 0.9260602E-09
  1120.0 0.1050874E-08
  1121.0 0.1181383E-08
  1122.0 0.1316413E-08
  1123.0 0.1454305E-08
  1124.0 0.1592938E-08
  1125.0 0.1729776E-08
  1126.0 0.1861926E-08
  1127.0 0.1986209E-08
  1128.0 0.2099249E-08
  1129.0 0.2197557E-08
  1130.0 0.2277653E-08
  1131.0 0.2336153E-08
  1132.0 0.2369879E-08
  1133.0 0.2375993E-08
  1134.0 0.2352059E-08
  1135.0 0.2296176E-08
  1136.0 0.2207051E-08
  1137.0 0.2084060E-08
  1138.0 0.1927339E-08
  1139.0 0.1737787E-08
  1140.0 0.1517134E-08
  1141.0 0.1267908E-08
  1142.0 0.9934333E-09
  1143.0 0.6977959E-09
  1144.0 0.3857776E-09
  1145.0 0.6278401E-10
  1146.0 -.2652611E-09
  1147.0 -.5920202E-09
  1148.0 -.9108789E-09
  1149.0 -.1215081E-08
  1150.0 -.1497888E-08
  1151.0 -.1752722E-08
  1152.0 -.1973336E-08
  1153.0 -.2153965E-08
  1154.0 -.2289484E-08
  1155.0 -.2375536E-08
  1156.0 -.2408683E-08
  1157.0 -.2386514E-08
  1158.0 -.2307715E-08
  1159.0 -.2172190E-08
  1160.0 -.1981071E-08
  1161.0 -.1736758E-08
  1162.0 -.1442912E-08
  1163.0 -.1104420E-08
  1164.0 -.7273318E-09
  1165.0 -.3187768E-09
  1166.0 0.1131561E-09
  1167.0 0.5595618E-09
  1168.0 0.1010878E-08
  1169.0 0.1457077E-08
  1170.0 0.1887859E-08
  1171.0 0.2292869E-08
  1172.0 0.2661916E-08
  1173.0 0.2985210E-08
  1174.0 0.3253564E-08
  1175.0 0.3458630E-08
  1176.0 0.3593106E-08
  1177.0 0.3650929E-08
  1178.0 0.3627433E-08
  1179.0 0.3519526E-08
  1180.0 0.3325785E-08
  1181.0 0.3046561E-08
  1182.0 0.2684031E-08
  1183.0 0.2242218E-08
  1184.0 0.1726965E-08
  1185.0 0.1145905E-08
  1186.0 0.5083352E-09
  1187.0 -.1748960E-09
  1188.0 -.8915653E-09
  1189.0 -.1628266E-08
  1190.0 -.2370637E-08
  1191.0 -.3103647E-08
  1192.0 -.3811837E-08
  1193.0 -.4479631E-08
  1194.0 -.5091663E-08
  1195.0 -.5633073E-08
  1196.0 -.6089810E-08
  1197.0 -.6448960E-08
  1198.0 -.6699032E-08
  1199.0 -.6830256E-08
  1200.0 -.6834778E-08
  1201.0 -.6706972E-08
  1202.0 -.6443509E-08
  1203.0 -.6043627E-08
  1204.0 -.5509160E-08
  1205.0 -.4844594E-08
  1206.0 -.4057108E-08
  1207.0 -.3156515E-08
  1208.0 -.2155162E-08
  1209.0 -.1067797E-08
  1210.0 0.8864281E-10
  1211.0 0.1295251E-08
  1212.0 0.2531456E-08
  1213.0 0.3775340E-08
  1214.0 0.5003995E-08
  1215.0 0.6193918E-08
  1216.0 0.7321434E-08
  1217.0 0.8363077E-08
  1218.0 0.9296115E-08
  1219.0 0.1009891E-07
  1220.0 0.1075135E-07
  1221.0 0.1123533E-07
  1222.0 0.1153508E-07
  1223.0 0.1163756E-07
  1224.0 0.1153279E-07
  1225.0 0.1121409E-07
  1226.0 0.1067837E-07
  1227.0 0.9926211E-08
  1228.0 0.8962120E-08
  1229.0 0.7794440E-08
  1230.0 0.6435392E-08
  1231.0 0.4901031E-08
  1232.0 0.3211007E-08
  1233.0 0.1388398E-08
  1234.0 -.5405850E-09
  1235.0 -.2546954E-08
  1236.0 -.4599332E-08
  1237.0 -.6664439E-08
  1238.0 -.8707574E-08
  1239.0 -.1069314E-07
  1240.0 -.1258529E-07
  1241.0 -.1434837E-07
  1242.0 -.1594773E-07
  1243.0 -.1735011E-07
  1244.0 -.1852442E-07
  1245.0 -.1944219E-07
  1246.0 -.2007815E-07
  1247.0 -.2041083E-07
  1248.0 -.2042281E-07
  1249.0 -.2010139E-07
  1250.0 -.1943867E-07
  1251.0 -.1843203E-07
  1252.0 -.1708416E-07
  1253.0 -.1540324E-07
  1254.0 -.1340294E-07
  1255.0 -.1110232E-07
  1256.0 -.8525753E-08
  1257.0 -.5702559E-08
  1258.0 -.2666728E-08
  1259.0 0.5434948E-09
  1260.0 0.3886146E-08
  1261.0 0.7316085E-08
  1262.0 0.1078561E-07
  1263.0 0.1424523E-07
  1264.0 0.1764434E-07
  1265.0 0.2093189E-07
  1266.0 0.2405739E-07
  1267.0 0.2697157E-07
  1268.0 0.2962714E-07
  1269.0 0.3197959E-07
  1270.0 0.3398806E-07
  1271.0 0.3561581E-07
  1272.0 0.3683112E-07
  1273.0 0.3760761E-07
  1274.0 0.3792493E-07
  1275.0 0.3776913E-07
  1276.0 0.3713291E-07
  1277.0 0.3601600E-07
  1278.0 0.3442502E-07
  1279.0 0.3237363E-07
  1280.0 0.2988250E-07
  1281.0 0.2697911E-07
  1282.0 0.2369688E-07
  1283.0 0.2007559E-07
  1284.0 0.1616023E-07
  1285.0 0.1200054E-07
  1286.0 0.7650327E-08
  1287.0 0.3166648E-08
  1288.0 -.1391014E-08
  1289.0 -.5961677E-08
  1290.0 -.1048377E-07
  1291.0 -.1489601E-07
  1292.0 -.1913850E-07
  1293.0 -.2315352E-07
  1294.0 -.2688642E-07
  1295.0 -.3028673E-07
  1296.0 -.3330855E-07
  1297.0 -.3591160E-07
  1298.0 -.3806179E-07
  1299.0 -.3973165E-07
  1300.0 -.4090098E-07
  1301.0 -.4155689E-07
  1302.0 -.4169418E-07
  1303.0 -.4131559E-07
  1304.0 -.4043136E-07
  1305.0 -.3905921E-07
  1306.0 -.3722444E-07
  1307.0 -.3495860E-07
  1308.0 -.3230005E-07
  1309.0 -.2929244E-07
  1310.0 -.2598446E-07
  1311.0 -.2242887E-07
  1312.0 -.1868170E-07
  1313.0 -.1480118E-07
  1314.0 -.1084699E-07
  1315.0 -.6879073E-08
  1316.0 -.2956724E-08
  1317.0 0.8623315E-09
  1318.0 0.4522939E-08
  1319.0 0.7973370E-08
  1320.0 0.1116620E-07
  1321.0 0.1405894E-07
  1322.0 0.1661484E-07
  1323.0 0.1880332E-07
  1324.0 0.2060045E-07
  1325.0 0.2198931E-07
  1326.0 0.2296007E-07
  1327.0 0.2351015E-07
  1328.0 0.2364412E-07
  1329.0 0.2337351E-07
  1330.0 0.2271643E-07
  1331.0 0.2169729E-07
  1332.0 0.2034610E-07
  1333.0 0.1869786E-07
  1334.0 0.1679191E-07
  1335.0 0.1467103E-07
  1336.0 0.1238074E-07
  1337.0 0.9968244E-08
  1338.0 0.7481654E-08
  1339.0 0.4968959E-08
  1340.0 0.2477256E-08
  1341.0 0.5178879E-10
  1342.0 -.2264833E-08
  1343.0 -.4433399E-08
  1344.0 -.6418759E-08
  1345.0 -.8190423E-08
  1346.0 -.9723052E-08
  1347.0 -.1099680E-07
  1348.0 -.1199762E-07
  1349.0 -.1271736E-07
  1350.0 -.1315380E-07
  1351.0 -.1331052E-07
  1352.0 -.1319675E-07
  1353.0 -.1282693E-07
  1354.0 -.1222033E-07
  1355.0 -.1140049E-07
  1356.0 -.1039467E-07
  1357.0 -.9233058E-08
  1358.0 -.7948134E-08
  1359.0 -.6573794E-08
  1360.0 -.5144695E-08
  1361.0 -.3695320E-08
  1362.0 -.2259286E-08
  1363.0 -.8685720E-09
  1364.0 0.4471949E-09
  1365.0 0.1661333E-08
  1366.0 0.2750702E-08
  1367.0 0.3696156E-08
  1368.0 0.4482905E-08
  1369.0 0.5100788E-08
  1370.0 0.5544401E-08
  1371.0 0.5813158E-08
  1372.0 0.5911166E-08
  1373.0 0.5847073E-08
  1374.0 0.5633711E-08
  1375.0 0.5287748E-08
  1376.0 0.4829129E-08
  1377.0 0.4280531E-08
  1378.0 0.3666684E-08
  1379.0 0.3013754E-08
  1380.0 0.2348478E-08
  1381.0 0.1697561E-08
  1382.0 0.1086825E-08
  1383.0 0.5405362E-09
  1384.0 0.8067853E-10
  1385.0 -.2736163E-09
  1386.0 -.5067181E-09
  1387.0 -.6069136E-09
  1388.0 -.5668184E-09
  1389.0 -.3836320E-09
  1390.0 -.5930816E-10
  1391.0 0.3994073E-09
  1392.0 0.9810941E-09
  1393.0 0.1669827E-08
  1394.0 0.2445558E-08
  1395.0 0.3284543E-08
  1396.0 0.4159874E-08
  1397.0 0.5042206E-08
  1398.0 0.5900380E-08
  1399.0 0.6702360E-08
  1400.0 0.7415930E-08
  1401.0 0.8009662E-08
  1402.0 0.8453790E-08
  1403.0 0.8721019E-08
  1404.0 0.8787413E-08
  1405.0 0.8633135E-08
  1406.0 0.8243132E-08
  1407.0 0.7607773E-08
  1408.0 0.6723348E-08
  1409.0 0.5592345E-08
  1410.0 0.4223761E-08
  1411.0 0.2633160E-08
  1412.0 0.8425484E-09
  1413.0 -.1119807E-08
  1414.0 -.3219804E-08
  1415.0 -.5418030E-08
  1416.0 -.7670494E-08
  1417.0 -.9929389E-08
  1418.0 -.1214409E-07
  1419.0 -.1426213E-07
  1420.0 -.1623042E-07
  1421.0 -.1799634E-07
  1422.0 -.1950897E-07
  1423.0 -.2072030E-07
  1424.0 -.2158648E-07
  1425.0 -.2206895E-07
  1426.0 -.2213543E-07
  1427.0 -.2176099E-07
  1428.0 -.2092882E-07
  1429.0 -.1963106E-07
  1430.0 -.1786914E-07
  1431.0 -.1565425E-07
  1432.0 -.1300745E-07
  1433.0 -.9959621E-08
  1434.0 -.6551160E-08
  1435.0 -.2831514E-08
  1436.0 0.1141520E-08
  1437.0 0.5302691E-08
  1438.0 0.9580408E-08
  1439.0 0.1389796E-07
  1440.0 0.1817494E-07
  1441.0 0.2232870E-07
  1442.0 0.2627611E-07
  1443.0 0.2993515E-07
  1444.0 0.3322666E-07
  1445.0 0.3607591E-07
  1446.0 0.3841446E-07
  1447.0 0.4018164E-07
  1448.0 0.4132595E-07
  1449.0 0.4180651E-07
  1450.0 0.4159418E-07
  1451.0 0.4067241E-07
  1452.0 0.3903791E-07
  1453.0 0.3670144E-07
  1454.0 0.3368726E-07
  1455.0 0.3003386E-07
  1456.0 0.2579302E-07
  1457.0 0.2102929E-07
  1458.0 0.1581909E-07
  1459.0 0.1024935E-07
  1460.0 0.4416189E-08
  1461.0 -.1576918E-08
  1462.0 -.7620907E-08
  1463.0 -.1360324E-07
  1464.0 -.1941008E-07
  1465.0 -.2492854E-07
  1466.0 -.3004892E-07
  1467.0 -.3466698E-07
  1468.0 -.3868625E-07
  1469.0 -.4202014E-07
  1470.0 -.4459372E-07
  1471.0 -.4634572E-07
  1472.0 -.4722990E-07
  1473.0 -.4721653E-07
  1474.0 -.4629297E-07
  1475.0 -.4446462E-07
  1476.0 -.4175505E-07
  1477.0 -.3820609E-07
  1478.0 -.3387703E-07
  1479.0 -.2884411E-07
  1480.0 -.2319914E-07
  1481.0 -.1704802E-07
  1482.0 -.1050880E-07
  1483.0 -.3709616E-08
  1484.0 0.3213717E-08
  1485.0 0.1012046E-07
  1486.0 0.1686760E-07
  1487.0 0.2331286E-07
  1488.0 0.2931750E-07
  1489.0 0.3474939E-07
  1490.0 0.3948589E-07
  1491.0 0.4341634E-07
  1492.0 0.4644497E-07
  1493.0 0.4849296E-07
  1494.0 0.4950057E-07
  1495.0 0.4942866E-07
  1496.0 0.4826009E-07
  1497.0 0.4600062E-07
  1498.0 0.4267917E-07
  1499.0 0.3834772E-07
  1500.0 0.3308088E-07
  1501.0 0.2697500E-07
  1502.0 0.2014631E-07
  1503.0 0.1272917E-07
  1504.0 0.4873805E-08
  1505.0 -.3256633E-08
  1506.0 -.1148909E-07
  1507.0 -.1964391E-07
  1508.0 -.2753853E-07
  1509.0 -.3499116E-07
  1510.0 -.4182458E-07
  1511.0 -.4786992E-07
  1512.0 -.5297072E-07
  1513.0 -.5698599E-07
  1514.0 -.5979392E-07
  1515.0 -.6129510E-07
  1516.0 -.6141485E-07
  1517.0 -.6010546E-07
  1518.0 -.5734838E-07
  1519.0 -.5315513E-07
  1520.0 -.4756771E-07
  1521.0 -.4065931E-07
  1522.0 -.3253306E-07
  1523.0 -.2332112E-07
  1524.0 -.1318285E-07
  1525.0 -.2302245E-08
  1526.0 0.9114917E-08
  1527.0 0.2084470E-07
  1528.0 0.3264899E-07
  1529.0 0.4427970E-07
  1530.0 0.5548383E-07
  1531.0 0.6600823E-07
  1532.0 0.7560438E-07
  1533.0 0.8403409E-07
  1534.0 0.9107430E-07
  1535.0 0.9652192E-07
  1536.0 0.1001988E-06
  1537.0 0.1019558E-06
  1538.0 0.1016768E-06
  1539.0 0.9928221E-07
  1540.0 0.9473160E-07
  1541.0 0.8802536E-07
  1542.0 0.7920726E-07
  1543.0 0.6836358E-07
  1544.0 0.5562397E-07
  1545.0 0.4115957E-07
  1546.0 0.2518166E-07
  1547.0 0.7938774E-08
  1548.0 -.1028686E-07
  1549.0 -.2918354E-07
  1550.0 -.4841489E-07
  1551.0 -.6762568E-07
  1552.0 -.8644736E-07
  1553.0 -.1045051E-06
  1554.0 -.1214242E-06
  1555.0 -.1368373E-06
  1556.0 -.1503903E-06
  1557.0 -.1617516E-06
  1558.0 -.1706166E-06
  1559.0 -.1767152E-06
  1560.0 -.1798170E-06
  1561.0 -.1797387E-06
  1562.0 -.1763461E-06
  1563.0 -.1695605E-06
  1564.0 -.1593595E-06
  1565.0 -.1457816E-06
  1566.0 -.1289252E-06
  1567.0 -.1089500E-06
  1568.0 -.8607574E-07
  1569.0 -.6057927E-07
  1570.0 -.3279280E-07
  1571.0 -.3099024E-08
  1572.0 0.2807436E-07
  1573.0 0.6026004E-07
  1574.0 0.9295848E-07
  1575.0 0.1256452E-06
  1576.0 0.1577793E-06
  1577.0 0.1888120E-06
  1578.0 0.2181955E-06
  1579.0 0.2453922E-06
  1580.0 0.2698841E-06
  1581.0 0.2911819E-06
  1582.0 0.3088342E-06
  1583.0 0.3224337E-06
  1584.0 0.3316283E-06
  1585.0 0.3361264E-06
  1586.0 0.3357009E-06
  1587.0 0.3301979E-06
  1588.0 0.3195395E-06
  1589.0 0.3037256E-06
  1590.0 0.2828366E-06
  1591.0 0.2570331E-06
  1592.0 0.2265553E-06
  1593.0 0.1917208E-06
  1594.0 0.1529200E-06
  1595.0 0.1106124E-06
  1596.0 0.6532015E-07
  1597.0 0.1762085E-07
  1598.0 -.3186083E-07
  1599.0 -.8246170E-07
  1600.0 -.1334904E-06
  1601.0 -.1842370E-06
  1602.0 -.2339837E-06
  1603.0 -.2820172E-06
  1604.0 -.3276380E-06
  1605.0 -.3701714E-06
  1606.0 -.4089799E-06
  1607.0 -.4434715E-06
  1608.0 -.4731091E-06
  1609.0 -.4974212E-06
  1610.0 -.5160069E-06
  1611.0 -.5285451E-06
  1612.0 -.5347973E-06
  1613.0 -.5346144E-06
  1614.0 -.5279375E-06
  1615.0 -.5148004E-06
  1616.0 -.4953282E-06
  1617.0 -.4697380E-06
  1618.0 -.4383337E-06
  1619.0 -.4015033E-06
  1620.0 -.3597115E-06
  1621.0 -.3134948E-06
  1622.0 -.2634517E-06
  1623.0 -.2102356E-06
  1624.0 -.1545443E-06
  1625.0 -.9710841E-07
  1626.0 -.3868114E-07
  1627.0 0.1997206E-07
  1628.0 0.7808619E-07
  1629.0 0.1349080E-06
  1630.0 0.1897062E-06
  1631.0 0.2417837E-06
  1632.0 0.2904865E-06
  1633.0 0.3352142E-06
  1634.0 0.3754275E-06
  1635.0 0.4106574E-06
  1636.0 0.4405089E-06
  1637.0 0.4646702E-06
  1638.0 0.4829123E-06
  1639.0 0.4950952E-06
  1640.0 0.5011659E-06
  1641.0 0.5011593E-06
  1642.0 0.4951988E-06
  1643.0 0.4834901E-06
  1644.0 0.4663180E-06
  1645.0 0.4440413E-06
  1646.0 0.4170857E-06
  1647.0 0.3859370E-06
  1648.0 0.3511314E-06
  1649.0 0.3132484E-06
  1650.0 0.2728987E-06
  1651.0 0.2307162E-06
  1652.0 0.1873468E-06
  1653.0 0.1434387E-06
  1654.0 0.9963174E-07
  1655.0 0.5654758E-07
  1656.0 0.1478092E-07
  1657.0 -.2510947E-07
  1658.0 -.6260913E-07
  1659.0 -.9725464E-07
  1660.0 -.1286398E-06
  1661.0 -.1564208E-06
  1662.0 -.1803201E-06
  1663.0 -.2001299E-06
  1664.0 -.2157134E-06
  1665.0 -.2270039E-06
  1666.0 -.2340063E-06
  1667.0 -.2367943E-06
  1668.0 -.2355053E-06
  1669.0 -.2303408E-06
  1670.0 -.2215568E-06
  1671.0 -.2094613E-06
  1672.0 -.1944054E-06
  1673.0 -.1767787E-06
  1674.0 -.1569986E-06
  1675.0 -.1355054E-06
  1676.0 -.1127529E-06
  1677.0 -.8919964E-07
  1678.0 -.6530195E-07
  1679.0 -.4150599E-07
  1680.0 -.1824038E-07
  1681.0 0.4090933E-08
  1682.0 0.2511455E-07
  1683.0 0.4449364E-07
  1684.0 0.6193221E-07
  1685.0 0.7717940E-07
  1686.0 0.9003233E-07
  1687.0 0.1003386E-06
  1688.0 0.1079966E-06
  1689.0 0.1129567E-06
  1690.0 0.1152200E-06
  1691.0 0.1148370E-06
  1692.0 0.1119047E-06
  1693.0 0.1065643E-06
  1694.0 0.9899616E-07
  1695.0 0.8941655E-07
  1696.0 0.7807172E-07
  1697.0 0.6523298E-07
  1698.0 0.5119052E-07
  1699.0 0.3624812E-07
  1700.0 0.2071667E-07
  1701.0 0.4908417E-08
  1702.0 -.1086862E-07
  1703.0 -.2631657E-07
  1704.0 -.4115264E-07
  1705.0 -.5511412E-07
  1706.0 -.6796218E-07
  1707.0 -.7948658E-07
  1708.0 -.8950754E-07
  1709.0 -.9787887E-07
  1710.0 -.1044893E-06
  1711.0 -.1092645E-06
  1712.0 -.1121660E-06
  1713.0 -.1131917E-06
  1714.0 -.1123743E-06
  1715.0 -.1097805E-06
  1716.0 -.1055079E-06
  1717.0 -.9968254E-07
  1718.0 -.9245550E-07
  1719.0 -.8399984E-07
  1720.0 -.7450642E-07
  1721.0 -.6417925E-07
  1722.0 -.5323196E-07
  1723.0 -.4188317E-07
  1724.0 -.3035240E-07
  1725.0 -.1885539E-07
  1726.0 -.7600835E-08
  1727.0 0.3213979E-08
  1728.0 0.1340618E-07
  1729.0 0.2281040E-07
  1730.0 0.3128158E-07
  1731.0 0.3869695E-07
  1732.0 0.4495758E-07
  1733.0 0.4998972E-07
  1734.0 0.5374543E-07
  1735.0 0.5620238E-07
  1736.0 0.5736391E-07
  1737.0 0.5725782E-07
  1738.0 0.5593533E-07
  1739.0 0.5346893E-07
  1740.0 0.4995089E-07
  1741.0 0.4549036E-07
  1742.0 0.4021095E-07
  1743.0 0.3424792E-07
  1744.0 0.2774491E-07
  1745.0 0.2085123E-07
  1746.0 0.1371863E-07
  1747.0 0.6498210E-08
  1748.0 -.6624106E-09
  1749.0 -.7621884E-08
  1750.0 -.1424764E-07
  1751.0 -.2041828E-07
  1752.0 -.2602551E-07
  1753.0 -.3097576E-07
  1754.0 -.3519173E-07
  1755.0 -.3861314E-07
  1756.0 -.4119742E-07
  1757.0 -.4292007E-07
  1758.0 -.4377458E-07
  1759.0 -.4377137E-07
  1760.0 -.4293793E-07
  1761.0 -.4131690E-07
  1762.0 -.3896518E-07
  1763.0 -.3595216E-07
  1764.0 -.3235789E-07
  1765.0 -.2827114E-07
  1766.0 -.2378737E-07
  1767.0 -.1900661E-07
  1768.0 -.1403117E-07
  1769.0 -.8963752E-08
  1770.0 -.3905111E-08
  1771.0 0.1047667E-08
  1772.0 0.5803063E-08
  1773.0 0.1027683E-07
  1774.0 0.1439334E-07
  1775.0 0.1808681E-07
  1776.0 0.2130238E-07
  1777.0 0.2399665E-07
  1778.0 0.2613824E-07
  1779.0 0.2770808E-07
  1780.0 0.2869917E-07
  1781.0 0.2911635E-07
  1782.0 0.2897590E-07
  1783.0 0.2830468E-07
  1784.0 0.2713899E-07
  1785.0 0.2552389E-07
  1786.0 0.2351161E-07
  1787.0 0.2116050E-07
  1788.0 0.1853324E-07
  1789.0 0.1569573E-07
  1790.0 0.1271546E-07
  1791.0 0.9660094E-08
  1792.0 0.6595980E-08
  1793.0 0.3586976E-08
  1794.0 0.6931001E-09
  1795.0 -.2030516E-08
  1796.0 -.4534562E-08
  1797.0 -.6776430E-08
  1798.0 -.8720688E-08
  1799.0 -.1033976E-07
  1800.0 -.1161394E-07
  1801.0 -.1253174E-07
  1802.0 -.1308957E-07
  1803.0 -.1329168E-07
  1804.0 -.1314966E-07
  1805.0 -.1268187E-07
  1806.0 -.1191290E-07
  1807.0 -.1087267E-07
  1808.0 -.9595564E-08
  1809.0 -.8119588E-08
  1810.0 -.6485359E-08
  1811.0 -.4735161E-08
  1812.0 -.2911853E-08
  1813.0 -.1058032E-08
  1814.0 0.7849352E-09
  1815.0 0.2577764E-08
  1816.0 0.4284029E-08
  1817.0 0.5870808E-08
  1818.0 0.7309315E-08
  1819.0 0.8575292E-08
  1820.0 0.9649472E-08
  1821.0 0.1051759E-07
  1822.0 0.1117075E-07
  1823.0 0.1160515E-07
  1824.0 0.1182212E-07
  1825.0 0.1182779E-07
  1826.0 0.1163276E-07
  1827.0 0.1125168E-07
  1828.0 0.1070276E-07
  1829.0 0.1000710E-07
  1830.0 0.9188224E-08
  1831.0 0.8271360E-08
  1832.0 0.7282766E-08
  1833.0 0.6249102E-08
  1834.0 0.5196784E-08
  1835.0 0.4151407E-08
  1836.0 0.3137122E-08
  1837.0 0.2176168E-08
  1838.0 0.1288427E-08
  1839.0 0.4910267E-09
  1840.0 -.2019300E-09
  1841.0 -.7795947E-09
  1842.0 -.1234484E-08
  1843.0 -.1562529E-08
  1844.0 -.1763024E-08
  1845.0 -.1838507E-08
  1846.0 -.1794587E-08
  1847.0 -.1639655E-08
  1848.0 -.1384576E-08
  1849.0 -.1042317E-08
  1850.0 -.6275528E-09
  1851.0 -.1562174E-09
  1852.0 0.3549238E-09
  1853.0 0.8887655E-09
  1854.0 0.1428257E-08
  1855.0 0.1956876E-08
  1856.0 0.2459006E-08
  1857.0 0.2920335E-08
  1858.0 0.3328146E-08
  1859.0 0.3671588E-08
  1860.0 0.3941948E-08
  1861.0 0.4132750E-08
  1862.0 0.4239880E-08
  1863.0 0.4261628E-08
  1864.0 0.4198652E-08
  1865.0 0.4053929E-08
  1866.0 0.3832527E-08
  1867.0 0.3541536E-08
  1868.0 0.3189748E-08
  1869.0 0.2787426E-08
  1870.0 0.2345996E-08
  1871.0 0.1877703E-08
  1872.0 0.1395319E-08
  1873.0 0.9117530E-09
  1874.0 0.4397546E-09
  1875.0 -.8437329E-11
  1876.0 -.4213991E-09
  1877.0 -.7887792E-09
  1878.0 -.1101580E-08
  1879.0 -.1352343E-08
  1880.0 -.1535318E-08
  1881.0 -.1646600E-08
  1882.0 -.1684172E-08
  1883.0 -.1647961E-08
  1884.0 -.1539811E-08
  1885.0 -.1363386E-08
  1886.0 -.1124088E-08
  1887.0 -.8288816E-09
  1888.0 -.4861118E-09
  1889.0 -.1052843E-09
  1890.0 0.3031878E-09
  1891.0 0.7282492E-09
  1892.0 0.1158479E-08
  1893.0 0.1582356E-08
  1894.0 0.1988574E-08
  1895.0 0.2366289E-08
  1896.0 0.2705376E-08
  1897.0 0.2996681E-08
  1898.0 0.3232210E-08
  1899.0 0.3405364E-08
  1900.0 0.3510993E-08
  1901.0 0.3545580E-08
  1902.0 0.3507296E-08
  1903.0 0.3396012E-08
  1904.0 0.3213300E-08
  1905.0 0.2962368E-08
  1906.0 0.2648004E-08
  1907.0 0.2276412E-08
  1908.0 0.1855088E-08
  1909.0 0.1392631E-08
  1910.0 0.8985244E-09
  1911.0 0.3829274E-09
  1912.0 -.1435676E-09
  1913.0 -.6701784E-09
  1914.0 -.1186173E-08
  1915.0 -.1681111E-08
  1916.0 -.2145077E-08
  1917.0 -.2568884E-08
  1918.0 -.2944284E-08
  1919.0 -.3264120E-08
  1920.0 -.3522486E-08
  1921.0 -.3714839E-08
  1922.0 -.3838075E-08
  1923.0 -.3890580E-08
  1924.0 -.3872241E-08
  1925.0 -.3784441E-08
  1926.0 -.3629993E-08
  1927.0 -.3413048E-08
  1928.0 -.3139024E-08
  1929.0 -.2814426E-08
  1930.0 -.2446715E-08
  1931.0 -.2044119E-08
  1932.0 -.1615449E-08
  1933.0 -.1169896E-08
  1934.0 -.7168382E-09
  1935.0 -.2656266E-09
  1936.0 0.1746112E-09
  1937.0 0.5951480E-09
  1938.0 0.9878561E-09
  1939.0 0.1345338E-08
  1940.0 0.1661101E-08
  1941.0 0.1929633E-08
  1942.0 0.2146531E-08
  1943.0 0.2308549E-08
  1944.0 0.2413638E-08
  1945.0 0.2460968E-08
  1946.0 0.2450906E-08
  1947.0 0.2384965E-08
  1948.0 0.2265758E-08
  1949.0 0.2096924E-08
  1950.0 0.1882979E-08
  1951.0 0.1629219E-08
  1952.0 0.1341585E-08
  1953.0 0.1026518E-08
  1954.0 0.6907910E-09
  1955.0 0.3413718E-09
  1956.0 -.1474232E-10
  1957.0 -.3706753E-09
  1958.0 -.7198100E-09
  1959.0 -.1055928E-08
  1960.0 -.1373323E-08
  1961.0 -.1666896E-08
  1962.0 -.1932261E-08
  1963.0 -.2165805E-08
  1964.0 -.2364719E-08
  1965.0 -.2527051E-08
  1966.0 -.2651692E-08
  1967.0 -.2738374E-08
  1968.0 -.2787633E-08
  1969.0 -.2800758E-08
  1970.0 -.2779750E-08
  1971.0 -.2727200E-08
  1972.0 -.2646233E-08
  1973.0 -.2540405E-08
  1974.0 -.2413595E-08
  1975.0 -.2269889E-08
  1976.0 -.2113483E-08
  1977.0 -.1948580E-08
  1978.0 -.1779283E-08
  1979.0 -.1609493E-08
  1980.0 -.1442839E-08
  1981.0 -.1282592E-08
  1982.0 -.1131608E-08
  1983.0 -.9922857E-09
  1984.0 -.8665076E-09
  1985.0 -.7556495E-09
  1986.0 -.6605569E-09
  1987.0 -.5815552E-09
  1988.0 -.5184770E-09
  1989.0 -.4706924E-09
  1990.0 -.4371516E-09
  1991.0 -.4164444E-09
  1992.0 -.4068637E-09
  1993.0 -.4064649E-09
  1994.0 -.4131473E-09
  1995.0 -.4247206E-09
  1996.0 -.4389834E-09
  1997.0 -.4537942E-09
  1998.0 -.4671298E-09
  1999.0 -.4771580E-09
  2000.0 -.4822837E-09
  2001.0 -.4811950E-09
  2002.0 -.4729022E-09
  2003.0 -.4567537E-09
  2004.0 -.4324627E-09
  2005.0 -.4000961E-09
  2006.0 -.3600800E-09
  2007.0 -.3131668E-09
  2008.0 -.2604247E-09
  2009.0 -.2031825E-09
  2010.0 -.1429991E-09
  2011.0 -.8160504E-10
  2012.0 -.2084707E-10
  2013.0 0.3736055E-10
  2014.0 0.9111171E-10
  2015.0 0.1385534E-09
  2016.0 0.1779521E-09
  2017.0 0.2077468E-09
  2018.0 0.2265935E-09
  2019.0 0.2334183E-09
  2020.0 0.2274377E-09
  2021.0 0.2082045E-09
  2022.0 0.1756121E-09
  2023.0 0.1299048E-09
  2024.0 0.7168748E-10
  2025.0 0.1901886E-11
  2026.0 -.7818435E-10
  2027.0 -.1670074E-09
  2028.0 -.2627511E-09
  2029.0 -.3633739E-09
  2030.0 -.4666751E-09
  2031.0 -.5703432E-09
  2032.0 -.6720036E-09
  2033.0 -.7692917E-09
  2034.0 -.8598980E-09
  2035.0 -.9416339E-09
  2036.0 -.1012487E-08
  2037.0 -.1070660E-08
  2038.0 -.1114630E-08
  2039.0 -.1143176E-08
  2040.0 -.1155411E-08
  2041.0 -.1150811E-08
  2042.0 -.1129222E-08
  2043.0 -.1090865E-08
  2044.0 -.1036327E-08
  2045.0 -.9665617E-09
  2046.0 -.8828525E-09
  2047.0 -.7867893E-09
  2048.0 -.6802226E-09
  2049.0 -.5652360E-09
  2050.0 -.4440745E-09
  2051.0 -.3191114E-09
  2052.0 -.1927830E-09
  2053.0 -.6753326E-10
  2054.0 0.5424490E-10
  2055.0 0.1702593E-09
  2056.0 0.2783768E-09
  2057.0 0.3766617E-09
  2058.0 0.4634346E-09
  2059.0 0.5372892E-09
  2060.0 0.5971362E-09
  2061.0 0.6422171E-09
  2062.0 0.6721205E-09
  2063.0 0.6867835E-09
  2064.0 0.6864925E-09
  2065.0 0.6718647E-09
  2066.0 0.6438314E-09
  2067.0 0.6036132E-09
  2068.0 0.5526797E-09
  2069.0 0.4927112E-09
  2070.0 0.4255590E-09
  2071.0 0.3531898E-09
  2072.0 0.2776446E-09
  2073.0 0.2009746E-09
  2074.0 0.1252061E-09
  2075.0 0.5227905E-10
  2076.0 -.1599540E-10
  2077.0 -.7797660E-10
  2078.0 -.1322308E-09
  2079.0 -.1775686E-09
  2080.0 -.2130620E-09
  2081.0 -.2380675E-09
  2082.0 -.2522373E-09
  2083.0 -.2555159E-09
  2084.0 -.2481430E-09
  2085.0 -.2306365E-09
  2086.0 -.2037733E-09
  2087.0 -.1685640E-09
  2088.0 -.1262222E-09
  2089.0 -.7812570E-10
  2090.0 -.2577931E-10
  2091.0 0.2923094E-10
  2092.0 0.8528130E-10
  2093.0 0.1407565E-09
  2094.0 0.1940915E-09
  2095.0 0.2438179E-09
  2096.0 0.2885993E-09
  2097.0 0.3272699E-09
  2098.0 0.3588629E-09
  2099.0 0.3826374E-09
  2100.0 0.3980933E-09
  2101.0 0.4049843E-09
  2102.0 0.4033297E-09
  2103.0 0.3933982E-09
  2104.0 0.3757069E-09
  2105.0 0.3510047E-09
  2106.0 0.3202489E-09
  2107.0 0.2845751E-09
  2108.0 0.2452639E-09
  2109.0 0.2037066E-09
  2110.0 0.1613600E-09
  2111.0 0.1197108E-09
  2112.0 0.8022629E-10
  2113.0 0.4431362E-10
  2114.0 0.1328053E-10
  2115.0 -.1170589E-10
  2116.0 -.2965181E-10
  2117.0 -.3976828E-10
  2118.0 -.4149750E-10
  2119.0 -.3452772E-10
  2120.0 -.1880695E-10
  2121.0 0.5450003E-11
  2122.0 0.3776679E-10
  2123.0 0.7741555E-10
  2124.0 0.1234311E-09
  2125.0 0.1746349E-09
  2126.0 0.2296665E-09
  2127.0 0.2870195E-09
  2128.0 0.3450757E-09
  2129.0 0.4021560E-09
  2130.0 0.4565606E-09
  2131.0 0.5066199E-09
  2132.0 0.5507352E-09
  2133.0 0.5874372E-09
  2134.0 0.6154217E-09
  2135.0 0.6335861E-09
  2136.0 0.6410781E-09
  2137.0 0.6373160E-09
  2138.0 0.6220166E-09
  2139.0 0.5952137E-09
  2140.0 0.5572640E-09
  2141.0 0.5088506E-09
  2142.0 0.4509763E-09
  2143.0 0.3849455E-09
  2144.0 0.3123468E-09
  2145.0 0.2350157E-09
  2146.0 0.1549977E-09
  2147.0 0.7450752E-10
  2148.0 -.4123757E-11
  2149.0 -.7850009E-10
  2150.0 -.1462173E-09
  2151.0 -.2049300E-09
  2152.0 -.2523962E-09
  2153.0 -.2865436E-09
  2154.0 -.3055298E-09
  2155.0 -.3077834E-09
  2156.0 -.2920591E-09
  2157.0 -.2574765E-09
  2158.0 -.2035518E-09
  2159.0 -.1302265E-09
  2160.0 -.3788133E-10
  2161.0 0.7265612E-10
  2162.0 0.2001121E-09
  2163.0 0.3427810E-09
  2164.0 0.4985461E-09
  2165.0 0.6649146E-09
  2166.0 0.8390518E-09
  2167.0 0.1017840E-08
  2168.0 0.1197923E-08
  2169.0 0.1375776E-08
  2170.0 0.1547781E-08
  2171.0 0.1710274E-08
  2172.0 0.1859643E-08
  2173.0 0.1992391E-08
  2174.0 0.2105212E-08
  2175.0 0.2195053E-08
  2176.0 0.2259201E-08
  2177.0 0.2295323E-08
  2178.0 0.2301529E-08
  2179.0 0.2276426E-08
  2180.0 0.2219148E-08
  2181.0 0.2129384E-08
  2182.0 0.2007391E-08
  2183.0 0.1854023E-08
  2184.0 0.1670691E-08
  2185.0 0.1459380E-08
  2186.0 0.1222599E-08
  2187.0 0.9633577E-09
  2188.0 0.6851116E-09
  2189.0 0.3917048E-09
  2190.0 0.8730933E-10
  2191.0 -.2236490E-09
  2192.0 -.5365658E-09
  2193.0 -.8467385E-09
  2194.0 -.1149455E-08
  2195.0 -.1440067E-08
  2196.0 -.1714084E-08
  2197.0 -.1967247E-08
  2198.0 -.2195610E-08
  2199.0 -.2395607E-08
  2200.0 -.2564106E-08
  2201.0 -.2698504E-08
  2202.0 -.2796711E-08
  2203.0 -.2857252E-08
  2204.0 -.2879247E-08
  2205.0 -.2862445E-08
  2206.0 -.2807228E-08
  2207.0 -.2714591E-08
  2208.0 -.2586139E-08
  2209.0 -.2424051E-08
  2210.0 -.2231020E-08
  2211.0 -.2010239E-08
  2212.0 -.1765323E-08
  2213.0 -.1500232E-08
  2214.0 -.1219224E-08
  2215.0 -.9267626E-09
  2216.0 -.6274496E-09
  2217.0 -.3259303E-09
  2218.0 -.2682809E-10
  2219.0 0.2653480E-09
  2220.0 0.5462654E-09
  2221.0 0.8118541E-09
  2222.0 0.1058361E-08
  2223.0 0.1282419E-08
  2224.0 0.1481090E-08
  2225.0 0.1651908E-08
  2226.0 0.1792928E-08
  2227.0 0.1902726E-08
  2228.0 0.1980434E-08
  2229.0 0.2025735E-08
  2230.0 0.2038846E-08
  2231.0 0.2020526E-08
  2232.0 0.1972029E-08
  2233.0 0.1895086E-08
  2234.0 0.1791852E-08
  2235.0 0.1664864E-08
  2236.0 0.1516981E-08
  2237.0 0.1351336E-08
  2238.0 0.1171262E-08
  2239.0 0.9802364E-09
  2240.0 0.7818099E-09
  2241.0 0.5795455E-09
  2242.0 0.3769537E-09
  2243.0 0.1774325E-09
  2244.0 -.1579227E-10
  2245.0 -.1997155E-09
  2246.0 -.3716000E-09
  2247.0 -.5290194E-09
  2248.0 -.6698893E-09
  2249.0 -.7924920E-09
  2250.0 -.8954985E-09
  2251.0 -.9779811E-09
  2252.0 -.1039405E-08
  2253.0 -.1079638E-08
  2254.0 -.1098933E-08
  2255.0 -.1097908E-08
  2256.0 -.1077521E-08
  2257.0 -.1039047E-08
  2258.0 -.9840350E-09
  2259.0 -.9142743E-09
  2260.0 -.8317531E-09
  2261.0 -.7386097E-09
  2262.0 -.6370920E-09
  2263.0 -.5295131E-09
  2264.0 -.4181991E-09
  2265.0 -.3054564E-09
  2266.0 -.1935183E-09
  2267.0 -.8451813E-10
  2268.0 0.1955626E-10
  2269.0 0.1168865E-09
  2270.0 0.2058544E-09
  2271.0 0.2850598E-09
  2272.0 0.3533425E-09
  2273.0 0.4097917E-09
  2274.0 0.4537519E-09
  2275.0 0.4848258E-09
  2276.0 0.5028707E-09
  2277.0 0.5079936E-09
  2278.0 0.5005341E-09
  2279.0 0.4810529E-09
  2280.0 0.4503101E-09
  2281.0 0.4092462E-09
  2282.0 0.3589578E-09
  2283.0 0.3006654E-09
  2284.0 0.2356954E-09
  2285.0 0.1654448E-09
  2286.0 0.9135962E-10
  2287.0 0.1490284E-10
  2288.0 -.6247072E-10
  2289.0 -.1393411E-09
  2290.0 -.2143418E-09
  2291.0 -.2861879E-09
  2292.0 -.3536900E-09
  2293.0 -.4157743E-09
  2294.0 -.4714926E-09
  2295.0 -.5200399E-09
  2296.0 -.5607530E-09
  2297.0 -.5931274E-09
  2298.0 -.6168106E-09
  2299.0 -.6316078E-09
  2300.0 -.6374772E-09
  2301.0 -.6345235E-09
  2302.0 -.6229967E-09
  2303.0 -.6032786E-09
  2304.0 -.5758738E-09
  2305.0 -.5413968E-09
  2306.0 -.5005623E-09
  2307.0 -.4541693E-09
  2308.0 -.4030848E-09
  2309.0 -.3482332E-09
  2310.0 -.2905792E-09
  2311.0 -.2311114E-09
  2312.0 -.1708296E-09
  2313.0 -.1107300E-09
  2314.0 -.5178972E-10
  2315.0 0.5043924E-11
  2316.0 0.5886868E-10
  2317.0 0.1088367E-09
  2318.0 0.1541680E-09
  2319.0 0.1941575E-09
  2320.0 0.2281857E-09
  2321.0 0.2557262E-09
  2322.0 0.2763512E-09
  2323.0 0.2897370E-09
  2324.0 0.2956720E-09
  2325.0 0.2940531E-09
  2326.0 0.2848934E-09
  2327.0 0.2683174E-09
  2328.0 0.2445663E-09
  2329.0 0.2139913E-09
  2330.0 0.1770512E-09
  2331.0 0.1343084E-09
  2332.0 0.8642167E-10
  2333.0 0.3414077E-10
  2334.0 -.2170437E-10
  2335.0 -.8021231E-10
  2336.0 -.1404229E-09
  2337.0 -.2013272E-09
  2338.0 -.2618828E-09
  2339.0 -.3210269E-09
  2340.0 -.3776927E-09
  2341.0 -.4308234E-09
  2342.0 -.4793894E-09
  2343.0 -.5224050E-09
  2344.0 -.5589436E-09
  2345.0 -.5881546E-09
  2346.0 -.6092797E-09
  2347.0 -.6216669E-09
  2348.0 -.6247859E-09
  2349.0 -.6182372E-09
  2350.0 -.6017663E-09
  2351.0 -.5752738E-09
  2352.0 -.5388195E-09
  2353.0 -.4926288E-09
  2354.0 -.4370942E-09
  2355.0 -.3727775E-09
  2356.0 -.3004032E-09
  2357.0 -.2208548E-09
  2358.0 -.1351657E-09
  2359.0 -.4450678E-10
  2360.0 0.4982766E-10
  2361.0 0.1464371E-09
  2362.0 0.2438336E-09
  2363.0 0.3404646E-09
  2364.0 0.4347370E-09
  2365.0 0.5250408E-09
  2366.0 0.6097757E-09
  2367.0 0.6873810E-09
  2368.0 0.7563600E-09
  2369.0 0.8153090E-09
  2370.0 0.8629430E-09
  2371.0 0.8981220E-09
  2372.0 0.9198744E-09
  2373.0 0.9274188E-09
  2374.0 0.9201822E-09
  2375.0 0.8978162E-09
  2376.0 0.8602128E-09
  2377.0 0.8075071E-09
  2378.0 0.7400862E-09
  2379.0 0.6585892E-09
  2380.0 0.5639043E-09
  2381.0 0.4571554E-09
  2382.0 0.3396972E-09
  2383.0 0.2130922E-09
  2384.0 0.7909357E-10
  2385.0 -.6038330E-10
  2386.0 -.2032840E-09
  2387.0 -.3474496E-09
  2388.0 -.4906507E-09
  2389.0 -.6306214E-09
  2390.0 -.7650943E-09
  2391.0 -.8918432E-09
  2392.0 -.1008717E-08
  2393.0 -.1113676E-08
  2394.0 -.1204832E-08
  2395.0 -.1280477E-08
  2396.0 -.1339119E-08
  2397.0 -.1379510E-08
  2398.0 -.1400661E-08
  2399.0 -.1401876E-08
