     0.0 0.0000000E+00
     1.0 -.2220199E-20
     2.0 0.2071393E-17
     3.0 0.1226862E-16
     4.0 0.4035387E-16
     5.0 0.9948911E-16
     6.0 0.2057328E-15
     7.0 0.3774034E-15
     8.0 0.6343611E-15
     9.0 0.9972245E-15
    10.0 0.1486545E-14
    11.0 0.2121971E-14
    12.0 0.2921424E-14
    13.0 0.3900323E-14
    14.0 0.5070871E-14
    15.0 0.6441428E-14
    16.0 0.8015982E-14
    17.0 0.9793732E-14
    18.0 0.1176879E-13
    19.0 0.1392996E-13
    20.0 0.1626073E-13
    21.0 0.1873921E-13
    22.0 0.2133830E-13
    23.0 0.2402589E-13
    24.0 0.2676510E-13
    25.0 0.2951460E-13
    26.0 0.3222894E-13
    27.0 0.3485895E-13
    28.0 0.3735213E-13
    29.0 0.3965302E-13
    30.0 0.4170367E-13
    31.0 0.4344396E-13
    32.0 0.4481214E-13
    33.0 0.4574525E-13
    34.0 0.4617960E-13
    35.0 0.4605129E-13
    36.0 0.4529689E-13
    37.0 0.4385406E-13
    38.0 0.4166224E-13
    39.0 0.3866360E-13
    40.0 0.3480389E-13
    41.0 0.3003348E-13
    42.0 0.2430842E-13
    43.0 0.1759160E-13
    44.0 0.9853892E-14
    45.0 0.1075332E-14
    46.0 -.8753740E-14
    47.0 -.1963164E-13
    48.0 -.3154444E-13
    49.0 -.4446520E-13
    50.0 -.5835348E-13
    51.0 -.7315516E-13
    52.0 -.8880238E-13
    53.0 -.1052142E-12
    54.0 -.1222974E-12
    55.0 -.1399474E-12
    56.0 -.1580505E-12
    57.0 -.1764854E-12
    58.0 -.1951259E-12
    59.0 -.2138437E-12
    60.0 -.2325109E-12
    61.0 -.2510039E-12
    62.0 -.2692065E-12
    63.0 -.2870122E-12
    64.0 -.3043295E-12
    65.0 -.3210826E-12
    66.0 -.3372156E-12
    67.0 -.3526938E-12
    68.0 -.3675062E-12
    69.0 -.3816650E-12
    70.0 -.3952085E-12
    71.0 -.4081975E-12
    72.0 -.4207163E-12
    73.0 -.4328703E-12
    74.0 -.4447818E-12
    75.0 -.4565879E-12
    76.0 -.4684358E-12
    77.0 -.4804777E-12
    78.0 -.4928658E-12
    79.0 -.5057466E-12
    80.0 -.5192560E-12
    81.0 -.5335130E-12
    82.0 -.5486148E-12
    83.0 -.5646318E-12
    84.0 -.5816045E-12
    85.0 -.5995389E-12
    86.0 -.6184048E-12
    87.0 -.6381345E-12
    88.0 -.6586236E-12
    89.0 -.6797295E-12
    90.0 -.7012776E-12
    91.0 -.7230621E-12
    92.0 -.7448518E-12
    93.0 -.7663969E-12
    94.0 -.7874337E-12
    95.0 -.8076933E-12
    96.0 -.8269077E-12
    97.0 -.8448229E-12
    98.0 -.8612000E-12
    99.0 -.8758278E-12
   100.0 -.8885288E-12
   101.0 -.8991628E-12
   102.0 -.9076411E-12
   103.0 -.9139314E-12
   104.0 -.9180621E-12
   105.0 -.9201239E-12
   106.0 -.9202655E-12
   107.0 -.9186948E-12
   108.0 -.9156702E-12
   109.0 -.9114949E-12
   110.0 -.9065082E-12
   111.0 -.9010761E-12
   112.0 -.8955761E-12
   113.0 -.8903875E-12
   114.0 -.8858792E-12
   115.0 -.8823962E-12
   116.0 -.8802454E-12
   117.0 -.8796854E-12
   118.0 -.8809170E-12
   119.0 -.8840714E-12
   120.0 -.8892061E-12
   121.0 -.8962977E-12
   122.0 -.9052412E-12
   123.0 -.9158502E-12
   124.0 -.9278579E-12
   125.0 -.9409251E-12
   126.0 -.9546463E-12
   127.0 -.9685597E-12
   128.0 -.9821616E-12
   129.0 -.9949199E-12
   130.0 -.1006290E-11
   131.0 -.1015727E-11
   132.0 -.1022709E-11
   133.0 -.1026752E-11
   134.0 -.1027423E-11
   135.0 -.1024356E-11
   136.0 -.1017272E-11
   137.0 -.1005981E-11
   138.0 -.9903978E-12
   139.0 -.9705463E-12
   140.0 -.9465604E-12
   141.0 -.9186903E-12
   142.0 -.8872935E-12
   143.0 -.8528324E-12
   144.0 -.8158623E-12
   145.0 -.7770201E-12
   146.0 -.7370111E-12
   147.0 -.6965870E-12
   148.0 -.6565314E-12
   149.0 -.6176384E-12
   150.0 -.5806879E-12
   151.0 -.5464283E-12
   152.0 -.5155521E-12
   153.0 -.4886780E-12
   154.0 -.4663292E-12
   155.0 -.4489195E-12
   156.0 -.4367367E-12
   157.0 -.4299327E-12
   158.0 -.4285144E-12
   159.0 -.4323393E-12
   160.0 -.4411167E-12
   161.0 -.4544066E-12
   162.0 -.4716320E-12
   163.0 -.4920843E-12
   164.0 -.5149412E-12
   165.0 -.5392834E-12
   166.0 -.5641141E-12
   167.0 -.5883815E-12
   168.0 -.6110049E-12
   169.0 -.6309010E-12
   170.0 -.6470053E-12
   171.0 -.6583073E-12
   172.0 -.6638701E-12
   173.0 -.6628572E-12
   174.0 -.6545565E-12
   175.0 -.6383986E-12
   176.0 -.6139779E-12
   177.0 -.5810619E-12
   178.0 -.5396061E-12
   179.0 -.4897581E-12
   180.0 -.4318569E-12
   181.0 -.3664343E-12
   182.0 -.2942040E-12
   183.0 -.2160519E-12
   184.0 -.1330168E-12
   185.0 -.4627142E-13
   186.0 0.4290089E-13
   187.0 0.1331351E-12
   188.0 0.2230140E-12
   189.0 0.3111010E-12
   190.0 0.3959724E-12
   191.0 0.4762518E-12
   192.0 0.5506449E-12
   193.0 0.6179697E-12
   194.0 0.6771905E-12
   195.0 0.7274445E-12
   196.0 0.7680662E-12
   197.0 0.7986085E-12
   198.0 0.8188613E-12
   199.0 0.8288573E-12
   200.0 0.8288827E-12
   201.0 0.8194716E-12
   202.0 0.8014036E-12
   203.0 0.7756864E-12
   204.0 0.7435402E-12
   205.0 0.7063697E-12
   206.0 0.6657366E-12
   207.0 0.6233209E-12
   208.0 0.5808861E-12
   209.0 0.5402322E-12
   210.0 0.5031539E-12
   211.0 0.4713931E-12
   212.0 0.4465937E-12
   213.0 0.4302558E-12
   214.0 0.4236937E-12
   215.0 0.4279978E-12
   216.0 0.4439962E-12
   217.0 0.4722309E-12
   218.0 0.5129330E-12
   219.0 0.5660095E-12
   220.0 0.6310358E-12
   221.0 0.7072598E-12
   222.0 0.7936130E-12
   223.0 0.8887310E-12
   224.0 0.9909806E-12
   225.0 0.1098501E-11
   226.0 0.1209247E-11
   227.0 0.1321041E-11
   228.0 0.1431628E-11
   229.0 0.1538741E-11
   230.0 0.1640158E-11
   231.0 0.1733773E-11
   232.0 0.1817658E-11
   233.0 0.1890113E-11
   234.0 0.1949732E-11
   235.0 0.1995457E-11
   236.0 0.2026597E-11
   237.0 0.2042880E-11
   238.0 0.2044467E-11
   239.0 0.2031949E-11
   240.0 0.2006358E-11
   241.0 0.1969140E-11
   242.0 0.1922125E-11
   243.0 0.1867484E-11
   244.0 0.1807677E-11
   245.0 0.1745382E-11
   246.0 0.1683427E-11
   247.0 0.1624692E-11
   248.0 0.1572048E-11
   249.0 0.1528242E-11
   250.0 0.1495819E-11
   251.0 0.1477034E-11
   252.0 0.1473772E-11
   253.0 0.1487466E-11
   254.0 0.1519045E-11
   255.0 0.1568876E-11
   256.0 0.1636734E-11
   257.0 0.1721783E-11
   258.0 0.1822571E-11
   259.0 0.1937054E-11
   260.0 0.2062636E-11
   261.0 0.2196218E-11
   262.0 0.2334270E-11
   263.0 0.2472942E-11
   264.0 0.2608138E-11
   265.0 0.2735652E-11
   266.0 0.2851290E-11
   267.0 0.2950994E-11
   268.0 0.3030973E-11
   269.0 0.3087845E-11
   270.0 0.3118736E-11
   271.0 0.3121410E-11
   272.0 0.3094363E-11
   273.0 0.3036900E-11
   274.0 0.2949190E-11
   275.0 0.2832315E-11
   276.0 0.2688263E-11
   277.0 0.2519921E-11
   278.0 0.2331037E-11
   279.0 0.2126122E-11
   280.0 0.1910393E-11
   281.0 0.1689598E-11
   282.0 0.1469925E-11
   283.0 0.1257803E-11
   284.0 0.1059729E-11
   285.0 0.8821016E-12
   286.0 0.7310061E-12
   287.0 0.6120298E-12
   288.0 0.5300880E-12
   289.0 0.4892400E-12
   290.0 0.4925401E-12
   291.0 0.5419060E-12
   292.0 0.6380160E-12
   293.0 0.7802322E-12
   294.0 0.9665746E-12
   295.0 0.1193705E-11
   296.0 0.1456986E-11
   297.0 0.1750544E-11
   298.0 0.2067389E-11
   299.0 0.2399576E-11
   300.0 0.2738376E-11
   301.0 0.3074507E-11
   302.0 0.3398361E-11
   303.0 0.3700259E-11
   304.0 0.3970726E-11
   305.0 0.4200764E-11
   306.0 0.4382096E-11
   307.0 0.4507446E-11
   308.0 0.4570752E-11
   309.0 0.4567399E-11
   310.0 0.4494365E-11
   311.0 0.4350376E-11
   312.0 0.4135987E-11
   313.0 0.3853611E-11
   314.0 0.3507545E-11
   315.0 0.3103860E-11
   316.0 0.2650319E-11
   317.0 0.2156200E-11
   318.0 0.1632078E-11
   319.0 0.1089581E-11
   320.0 0.5410981E-12
   321.0 -.5590240E-15
   322.0 -.5224680E-12
   323.0 -.1011970E-11
   324.0 -.1457018E-11
   325.0 -.1846510E-11
   326.0 -.2170618E-11
   327.0 -.2421106E-11
   328.0 -.2591549E-11
   329.0 -.2677587E-11
   330.0 -.2677057E-11
   331.0 -.2590088E-11
   332.0 -.2419177E-11
   333.0 -.2169104E-11
   334.0 -.1846877E-11
   335.0 -.1461551E-11
   336.0 -.1024008E-11
   337.0 -.5466694E-12
   338.0 -.4318077E-13
   339.0 0.4719835E-12
   340.0 0.9839163E-12
   341.0 0.1477688E-11
   342.0 0.1938804E-11
   343.0 0.2353613E-11
   344.0 0.2709728E-11
   345.0 0.2996399E-11
   346.0 0.3204880E-11
   347.0 0.3328662E-11
   348.0 0.3363747E-11
   349.0 0.3308768E-11
   350.0 0.3165092E-11
   351.0 0.2936772E-11
   352.0 0.2630494E-11
   353.0 0.2255396E-11
   354.0 0.1822796E-11
   355.0 0.1345910E-11
   356.0 0.8393928E-12
   357.0 0.3189618E-12
   358.0 -.1991370E-12
   359.0 -.6986409E-12
   360.0 -.1163793E-11
   361.0 -.1579911E-11
   362.0 -.1933841E-11
   363.0 -.2214519E-11
   364.0 -.2413364E-11
   365.0 -.2524633E-11
   366.0 -.2545775E-11
   367.0 -.2477543E-11
   368.0 -.2324242E-11
   369.0 -.2093600E-11
   370.0 -.1796721E-11
   371.0 -.1447914E-11
   372.0 -.1064344E-11
   373.0 -.6655961E-12
   374.0 -.2732362E-12
   375.0 0.8981233E-13
   376.0 0.3998827E-12
   377.0 0.6332698E-12
   378.0 0.7669321E-12
   379.0 0.7792454E-12
   380.0 0.6506497E-12
   381.0 0.3643425E-12
   382.0 -.9302475E-13
   383.0 -.7309207E-12
   384.0 -.1554393E-11
   385.0 -.2563779E-11
   386.0 -.3754477E-11
   387.0 -.5116847E-11
   388.0 -.6636228E-11
   389.0 -.8293211E-11
   390.0 -.1006395E-10
   391.0 -.1192059E-10
   392.0 -.1383188E-10
   393.0 -.1576387E-10
   394.0 -.1768084E-10
   395.0 -.1954596E-10
   396.0 -.2132238E-10
   397.0 -.2297416E-10
   398.0 -.2446722E-10
   399.0 -.2577021E-10
   400.0 -.2685554E-10
   401.0 -.2770003E-10
   402.0 -.2828571E-10
   403.0 -.2860030E-10
   404.0 -.2863772E-10
   405.0 -.2839825E-10
   406.0 -.2788864E-10
   407.0 -.2712209E-10
   408.0 -.2611782E-10
   409.0 -.2490070E-10
   410.0 -.2350057E-10
   411.0 -.2195143E-10
   412.0 -.2029050E-10
   413.0 -.1855717E-10
   414.0 -.1679186E-10
   415.0 -.1503478E-10
   416.0 -.1332466E-10
   417.0 -.1169772E-10
   418.0 -.1018615E-10
   419.0 -.8817368E-11
   420.0 -.7612842E-11
   421.0 -.6587269E-11
   422.0 -.5747976E-11
   423.0 -.5094415E-11
   424.0 -.4618100E-11
   425.0 -.4302327E-11
   426.0 -.4122748E-11
   427.0 -.4047674E-11
   428.0 -.4038916E-11
   429.0 -.4052638E-11
   430.0 -.4040766E-11
   431.0 -.3952177E-11
   432.0 -.3734286E-11
   433.0 -.3334663E-11
   434.0 -.2702754E-11
   435.0 -.1791638E-11
   436.0 -.5596256E-12
   437.0 0.1027946E-11
   438.0 0.2997414E-11
   439.0 0.5365259E-11
   440.0 0.8136973E-11
   441.0 0.1130643E-10
   442.0 0.1485496E-10
   443.0 0.1875148E-10
   444.0 0.2295225E-10
   445.0 0.2740153E-10
   446.0 0.3203215E-10
   447.0 0.3676697E-10
   448.0 0.4152007E-10
   449.0 0.4619866E-10
   450.0 0.5070528E-10
   451.0 0.5493990E-10
   452.0 0.5880248E-10
   453.0 0.6219558E-10
   454.0 0.6502714E-10
   455.0 0.6721302E-10
   456.0 0.6867969E-10
   457.0 0.6936655E-10
   458.0 0.6922848E-10
   459.0 0.6823738E-10
   460.0 0.6638409E-10
   461.0 0.6367945E-10
   462.0 0.6015544E-10
   463.0 0.5586494E-10
   464.0 0.5088185E-10
   465.0 0.4530024E-10
   466.0 0.3923333E-10
   467.0 0.3281137E-10
   468.0 0.2617963E-10
   469.0 0.1949539E-10
   470.0 0.1292505E-10
   471.0 0.6640678E-11
   472.0 0.8159607E-12
   473.0 -.4377629E-11
   474.0 -.8774621E-11
   475.0 -.1222035E-10
   476.0 -.1457411E-10
   477.0 -.1571354E-10
   478.0 -.1553833E-10
   479.0 -.1397282E-10
   480.0 -.1096921E-10
   481.0 -.6509771E-11
   482.0 -.6082083E-12
   483.0 0.6689108E-11
   484.0 0.1530310E-10
   485.0 0.2512252E-10
   486.0 0.3600444E-10
   487.0 0.4777752E-10
   488.0 0.6024350E-10
   489.0 0.7318116E-10
   490.0 0.8634991E-10
   491.0 0.9949436E-10
   492.0 0.1123497E-09
   493.0 0.1246467E-09
   494.0 0.1361165E-09
   495.0 0.1464984E-09
   496.0 0.1555430E-09
   497.0 0.1630197E-09
   498.0 0.1687211E-09
   499.0 0.1724682E-09
   500.0 0.1741151E-09
   501.0 0.1735524E-09
   502.0 0.1707106E-09
   503.0 0.1655622E-09
   504.0 0.1581246E-09
   505.0 0.1484582E-09
   506.0 0.1366686E-09
   507.0 0.1229032E-09
   508.0 0.1073508E-09
   509.0 0.9023689E-10
   510.0 0.7182081E-10
   511.0 0.5239054E-10
   512.0 0.3225717E-10
   513.0 0.1174866E-10
   514.0 -.8796379E-11
   515.0 -.2903553E-10
   516.0 -.4862967E-10
   517.0 -.6725036E-10
   518.0 -.8458635E-10
   519.0 -.1003503E-09
   520.0 -.1142853E-09
   521.0 -.1261704E-09
   522.0 -.1358251E-09
   523.0 -.1431147E-09
   524.0 -.1479518E-09
   525.0 -.1503000E-09
   526.0 -.1501743E-09
   527.0 -.1476412E-09
   528.0 -.1428177E-09
   529.0 -.1358693E-09
   530.0 -.1270062E-09
   531.0 -.1164800E-09
   532.0 -.1045770E-09
   533.0 -.9161386E-10
   534.0 -.7792957E-10
   535.0 -.6387932E-10
   536.0 -.4982567E-10
   537.0 -.3613196E-10
   538.0 -.2315331E-10
   539.0 -.1122929E-10
   540.0 -.6763490E-12
   541.0 0.8218651E-11
   542.0 0.1520598E-10
   543.0 0.2007779E-10
   544.0 0.2267331E-10
   545.0 0.2288199E-10
   546.0 0.2064669E-10
   547.0 0.1596489E-10
   548.0 0.8888816E-11
   549.0 -.4754410E-12
   550.0 -.1197031E-10
   551.0 -.2538989E-10
   552.0 -.4048457E-10
   553.0 -.5696669E-10
   554.0 -.7451641E-10
   555.0 -.9278942E-10
   556.0 -.1114240E-09
   557.0 -.1300496E-09
   558.0 -.1482948E-09
   559.0 -.1657962E-09
   560.0 -.1822059E-09
   561.0 -.1972001E-09
   562.0 -.2104854E-09
   563.0 -.2218069E-09
   564.0 -.2309528E-09
   565.0 -.2377597E-09
   566.0 -.2421164E-09
   567.0 -.2439662E-09
   568.0 -.2433083E-09
   569.0 -.2401975E-09
   570.0 -.2347438E-09
   571.0 -.2271086E-09
   572.0 -.2175016E-09
   573.0 -.2061762E-09
   574.0 -.1934231E-09
   575.0 -.1795635E-09
   576.0 -.1649418E-09
   577.0 -.1499178E-09
   578.0 -.1348578E-09
   579.0 -.1201265E-09
   580.0 -.1060780E-09
   581.0 -.9304775E-10
   582.0 -.8134508E-10
   583.0 -.7124548E-10
   584.0 -.6298445E-10
   585.0 -.5675191E-10
   586.0 -.5268816E-10
   587.0 -.5088027E-10
   588.0 -.5136068E-10
   589.0 -.5410630E-10
   590.0 -.5903950E-10
   591.0 -.6603011E-10
   592.0 -.7489891E-10
   593.0 -.8542212E-10
   594.0 -.9733713E-10
   595.0 -.1103492E-09
   596.0 -.1241389E-09
   597.0 -.1383701E-09
   598.0 -.1526977E-09
   599.0 -.1667781E-09
   600.0 -.1802755E-09
   601.0 -.1928720E-09
   602.0 -.2042753E-09
   603.0 -.2142250E-09
   604.0 -.2224998E-09
   605.0 -.2289231E-09
   606.0 -.2333670E-09
   607.0 -.2357550E-09
   608.0 -.2360641E-09
   609.0 -.2343249E-09
   610.0 -.2306206E-09
   611.0 -.2250835E-09
   612.0 -.2178921E-09
   613.0 -.2092658E-09
   614.0 -.1994576E-09
   615.0 -.1887476E-09
   616.0 -.1774350E-09
   617.0 -.1658286E-09
   618.0 -.1542381E-09
   619.0 -.1429657E-09
   620.0 -.1322960E-09
   621.0 -.1224871E-09
   622.0 -.1137644E-09
   623.0 -.1063114E-09
   624.0 -.1002649E-09
   625.0 -.9570980E-10
   626.0 -.9267532E-10
   627.0 -.9113389E-10
   628.0 -.9100069E-10
   629.0 -.9213458E-10
   630.0 -.9434296E-10
   631.0 -.9738432E-10
   632.0 -.1009764E-09
   633.0 -.1048037E-09
   634.0 -.1085258E-09
   635.0 -.1117890E-09
   636.0 -.1142352E-09
   637.0 -.1155156E-09
   638.0 -.1153013E-09
   639.0 -.1132936E-09
   640.0 -.1092383E-09
   641.0 -.1029331E-09
   642.0 -.9423876E-10
   643.0 -.8308540E-10
   644.0 -.6948097E-10
   645.0 -.5351470E-10
   646.0 -.3535807E-10
   647.0 -.1526707E-10
   648.0 0.6421144E-11
   649.0 0.2929358E-10
   650.0 0.5286710E-10
   651.0 0.7659828E-10
   652.0 0.9989549E-10
   653.0 0.1221326E-09
   654.0 0.1426624E-09
   655.0 0.1608362E-09
   656.0 0.1760189E-09
   657.0 0.1876089E-09
   658.0 0.1950560E-09
   659.0 0.1978786E-09
   660.0 0.1956840E-09
   661.0 0.1881815E-09
   662.0 0.1751986E-09
   663.0 0.1566924E-09
   664.0 0.1327602E-09
   665.0 0.1036454E-09
   666.0 0.6974099E-10
   667.0 0.3158979E-10
   668.0 -.1012042E-10
   669.0 -.5456363E-10
   670.0 -.1007876E-09
   671.0 -.1477294E-09
   672.0 -.1942345E-09
   673.0 -.2390778E-09
   674.0 -.2809908E-09
   675.0 -.3186879E-09
   676.0 -.3508956E-09
   677.0 -.3763851E-09
   678.0 -.3940015E-09
   679.0 -.4026980E-09
   680.0 -.4015649E-09
   681.0 -.3898589E-09
   682.0 -.3670299E-09
   683.0 -.3327448E-09
   684.0 -.2869092E-09
   685.0 -.2296798E-09
   686.0 -.1614764E-09
   687.0 -.8298865E-10
   688.0 0.4828095E-11
   689.0 0.1007574E-09
   690.0 0.2033358E-09
   691.0 0.3108729E-09
   692.0 0.4214754E-09
   693.0 0.5330810E-09
   694.0 0.6434924E-09
   695.0 0.7504232E-09
   696.0 0.8515392E-09
   697.0 0.9445101E-09
   698.0 0.1027061E-08
   699.0 0.1097026E-08
   700.0 0.1152395E-08
   701.0 0.1191374E-08
   702.0 0.1212432E-08
   703.0 0.1214340E-08
   704.0 0.1196225E-08
   705.0 0.1157594E-08
   706.0 0.1098368E-08
   707.0 0.1018908E-08
   708.0 0.9200189E-09
   709.0 0.8029580E-09
   710.0 0.6694280E-09
   711.0 0.5215597E-09
   712.0 0.3618887E-09
   713.0 0.1933154E-09
   714.0 0.1906372E-10
   715.0 -.1573760E-09
   716.0 -.3323090E-09
   717.0 -.5019057E-09
   718.0 -.6622785E-09
   719.0 -.8095560E-09
   720.0 -.9399757E-09
   721.0 -.1049956E-08
   722.0 -.1136195E-08
   723.0 -.1195738E-08
   724.0 -.1226061E-08
   725.0 -.1225145E-08
   726.0 -.1191534E-08
   727.0 -.1124388E-08
   728.0 -.1023536E-08
   729.0 -.8894961E-09
   730.0 -.7235010E-09
   731.0 -.5274982E-09
   732.0 -.3041387E-09
   733.0 -.5674998E-10
   734.0 0.2107061E-09
   735.0 0.4936861E-09
   736.0 0.7871424E-09
   737.0 0.1085605E-08
   738.0 0.1383272E-08
   739.0 0.1674128E-08
   740.0 0.1952051E-08
   741.0 0.2210937E-08
   742.0 0.2444827E-08
   743.0 0.2648032E-08
   744.0 0.2815267E-08
   745.0 0.2941763E-08
   746.0 0.3023395E-08
   747.0 0.3056786E-08
   748.0 0.3039403E-08
   749.0 0.2969641E-08
   750.0 0.2846893E-08
   751.0 0.2671592E-08
   752.0 0.2445247E-08
   753.0 0.2170451E-08
   754.0 0.1850858E-08
   755.0 0.1491163E-08
   756.0 0.1097034E-08
   757.0 0.6750375E-09
   758.0 0.2325339E-09
   759.0 -.2224395E-09
   760.0 -.6813063E-09
   761.0 -.1135106E-08
   762.0 -.1574657E-08
   763.0 -.1990738E-08
   764.0 -.2374263E-08
   765.0 -.2716475E-08
   766.0 -.3009126E-08
   767.0 -.3244664E-08
   768.0 -.3416412E-08
   769.0 -.3518703E-08
   770.0 -.3547064E-08
   771.0 -.3498327E-08
   772.0 -.3370731E-08
   773.0 -.3164020E-08
   774.0 -.2879468E-08
   775.0 -.2519958E-08
   776.0 -.2089920E-08
   777.0 -.1595340E-08
   778.0 -.1043677E-08
   779.0 -.4437611E-09
   780.0 0.1943168E-09
   781.0 0.8593757E-09
   782.0 0.1539314E-08
   783.0 0.2221326E-08
   784.0 0.2892108E-08
   785.0 0.3538122E-08
   786.0 0.4145832E-08
   787.0 0.4701969E-08
   788.0 0.5193803E-08
   789.0 0.5609395E-08
   790.0 0.5937850E-08
   791.0 0.6169565E-08
   792.0 0.6296457E-08
   793.0 0.6312166E-08
   794.0 0.6212218E-08
   795.0 0.5994192E-08
   796.0 0.5657808E-08
   797.0 0.5205031E-08
   798.0 0.4640085E-08
   799.0 0.3969443E-08
   800.0 0.3201820E-08
   801.0 0.2348031E-08
   802.0 0.1420882E-08
   803.0 0.4350094E-09
   804.0 -.5933533E-09
   805.0 -.1646605E-08
   806.0 -.2706070E-08
   807.0 -.3752290E-08
   808.0 -.4765364E-08
   809.0 -.5725283E-08
   810.0 -.6612304E-08
   811.0 -.7407306E-08
   812.0 -.8092152E-08
   813.0 -.8650026E-08
   814.0 -.9065811E-08
   815.0 -.9326384E-08
   816.0 -.9420923E-08
   817.0 -.9341152E-08
   818.0 -.9081560E-08
   819.0 -.8639625E-08
   820.0 -.8015883E-08
   821.0 -.7214101E-08
   822.0 -.6241199E-08
   823.0 -.5107290E-08
   824.0 -.3825600E-08
   825.0 -.2412336E-08
   826.0 -.8864571E-09
   827.0 0.7305184E-09
   828.0 0.2414833E-08
   829.0 0.4140807E-08
   830.0 0.5881228E-08
   831.0 0.7607758E-08
   832.0 0.9291360E-08
   833.0 0.1090275E-07
   834.0 0.1241294E-07
   835.0 0.1379359E-07
   836.0 0.1501765E-07
   837.0 0.1605967E-07
   838.0 0.1689636E-07
   839.0 0.1750700E-07
   840.0 0.1787382E-07
   841.0 0.1798231E-07
   842.0 0.1782159E-07
   843.0 0.1738468E-07
   844.0 0.1666866E-07
   845.0 0.1567475E-07
   846.0 0.1440854E-07
   847.0 0.1287984E-07
   848.0 0.1110269E-07
   849.0 0.9095209E-08
   850.0 0.6879388E-08
   851.0 0.4480866E-08
   852.0 0.1928543E-08
   853.0 -.7457454E-09
   854.0 -.3507716E-08
   855.0 -.6321078E-08
   856.0 -.9148066E-08
   857.0 -.1195003E-07
   858.0 -.1468792E-07
   859.0 -.1732293E-07
   860.0 -.1981713E-07
   861.0 -.2213395E-07
   862.0 -.2423885E-07
   863.0 -.2609975E-07
   864.0 -.2768761E-07
   865.0 -.2897705E-07
   866.0 -.2994649E-07
   867.0 -.3057862E-07
   868.0 -.3086079E-07
   869.0 -.3078527E-07
   870.0 -.3034920E-07
   871.0 -.2955485E-07
   872.0 -.2840963E-07
   873.0 -.2692590E-07
   874.0 -.2512100E-07
   875.0 -.2301685E-07
   876.0 -.2063974E-07
   877.0 -.1801995E-07
   878.0 -.1519134E-07
   879.0 -.1219085E-07
   880.0 -.9057935E-08
   881.0 -.5834070E-08
   882.0 -.2562005E-08
   883.0 0.7147392E-09
   884.0 0.3952592E-08
   885.0 0.7108541E-08
   886.0 0.1014080E-07
   887.0 0.1300942E-07
   888.0 0.1567688E-07
   889.0 0.1810874E-07
   890.0 0.2027385E-07
   891.0 0.2214530E-07
   892.0 0.2370041E-07
   893.0 0.2492116E-07
   894.0 0.2579454E-07
   895.0 0.2631263E-07
   896.0 0.2647280E-07
   897.0 0.2627761E-07
   898.0 0.2573478E-07
   899.0 0.2485713E-07
   900.0 0.2366219E-07
   901.0 0.2217205E-07
   902.0 0.2041299E-07
   903.0 0.1841487E-07
   904.0 0.1621084E-07
   905.0 0.1383680E-07
   906.0 0.1133064E-07
   907.0 0.8731782E-08
   908.0 0.6080540E-08
   909.0 0.3417495E-08
   910.0 0.7828079E-09
   911.0 -.1784365E-08
   912.0 -.4246472E-08
   913.0 -.6568140E-08
   914.0 -.8716714E-08
   915.0 -.1066272E-07
   916.0 -.1238030E-07
   917.0 -.1384754E-07
   918.0 -.1504687E-07
   919.0 -.1596511E-07
   920.0 -.1659381E-07
   921.0 -.1692915E-07
   922.0 -.1697205E-07
   923.0 -.1672799E-07
   924.0 -.1620698E-07
   925.0 -.1542319E-07
   926.0 -.1439472E-07
   927.0 -.1314323E-07
   928.0 -.1169358E-07
   929.0 -.1007331E-07
   930.0 -.8312120E-08
   931.0 -.6441450E-08
   932.0 -.4493845E-08
   933.0 -.2502442E-08
   934.0 -.5004088E-09
   935.0 0.1479617E-08
   936.0 0.3406028E-08
   937.0 0.5248780E-08
   938.0 0.6979845E-08
   939.0 0.8573616E-08
   940.0 0.1000734E-07
   941.0 0.1126136E-07
   942.0 0.1231947E-07
   943.0 0.1316904E-07
   944.0 0.1380115E-07
   945.0 0.1421075E-07
   946.0 0.1439651E-07
   947.0 0.1436095E-07
   948.0 0.1411015E-07
   949.0 0.1365358E-07
   950.0 0.1300400E-07
   951.0 0.1217699E-07
   952.0 0.1119075E-07
   953.0 0.1006565E-07
   954.0 0.8823827E-08
   955.0 0.7488846E-08
   956.0 0.6085136E-08
   957.0 0.4637652E-08
   958.0 0.3171384E-08
   959.0 0.1710899E-08
   960.0 0.2799814E-09
   961.0 -.1098808E-08
   962.0 -.2404468E-08
   963.0 -.3617892E-08
   964.0 -.4722160E-08
   965.0 -.5702772E-08
   966.0 -.6547839E-08
   967.0 -.7248200E-08
   968.0 -.7797571E-08
   969.0 -.8192499E-08
   970.0 -.8432427E-08
   971.0 -.8519518E-08
   972.0 -.8458650E-08
   973.0 -.8257176E-08
   974.0 -.7924766E-08
   975.0 -.7473091E-08
   976.0 -.6915669E-08
   977.0 -.6267443E-08
   978.0 -.5544535E-08
   979.0 -.4763898E-08
   980.0 -.3942954E-08
   981.0 -.3099281E-08
   982.0 -.2250264E-08
   983.0 -.1412762E-08
   984.0 -.6028240E-09
   985.0 0.1646256E-09
   986.0 0.8760167E-09
   987.0 0.1519382E-08
   988.0 0.2084531E-08
   989.0 0.2563218E-08
   990.0 0.2949242E-08
   991.0 0.3238531E-08
   992.0 0.3429171E-08
   993.0 0.3521377E-08
   994.0 0.3517471E-08
   995.0 0.3421756E-08
   996.0 0.3240420E-08
   997.0 0.2981355E-08
   998.0 0.2653963E-08
   999.0 0.2268936E-08
  1000.0 0.1838030E-08
  1001.0 0.1373796E-08
  1002.0 0.8893012E-09
  1003.0 0.3978502E-09
  1004.0 -.8727458E-10
  1005.0 -.5531168E-09
  1006.0 -.9873014E-09
  1007.0 -.1378292E-08
  1008.0 -.1715637E-08
  1009.0 -.1990172E-08
  1010.0 -.2194229E-08
  1011.0 -.2321782E-08
  1012.0 -.2368582E-08
  1013.0 -.2332252E-08
  1014.0 -.2212339E-08
  1015.0 -.2010348E-08
  1016.0 -.1729711E-08
  1017.0 -.1375741E-08
  1018.0 -.9555270E-09
  1019.0 -.4778322E-09
  1020.0 0.4710038E-10
  1021.0 0.6077044E-09
  1022.0 0.1191332E-08
  1023.0 0.1784489E-08
  1024.0 0.2373092E-08
  1025.0 0.2942757E-08
  1026.0 0.3479067E-08
  1027.0 0.3967887E-08
  1028.0 0.4395634E-08
  1029.0 0.4749581E-08
  1030.0 0.5018134E-08
  1031.0 0.5191088E-08
  1032.0 0.5259841E-08
  1033.0 0.5217673E-08
  1034.0 0.5059867E-08
  1035.0 0.4783906E-08
  1036.0 0.4389559E-08
  1037.0 0.3878978E-08
  1038.0 0.3256698E-08
  1039.0 0.2529691E-08
  1040.0 0.1707224E-08
  1041.0 0.8008247E-09
  1042.0 -.1758895E-09
  1043.0 -.1207400E-08
  1044.0 -.2276514E-08
  1045.0 -.3364625E-08
  1046.0 -.4452040E-08
  1047.0 -.5518255E-08
  1048.0 -.6542378E-08
  1049.0 -.7503480E-08
  1050.0 -.8380932E-08
  1051.0 -.9154902E-08
  1052.0 -.9806667E-08
  1053.0 -.1031899E-07
  1054.0 -.1067659E-07
  1055.0 -.1086642E-07
  1056.0 -.1087795E-07
  1057.0 -.1070353E-07
  1058.0 -.1033862E-07
  1059.0 -.9781941E-08
  1060.0 -.9035683E-08
  1061.0 -.8105503E-08
  1062.0 -.7000610E-08
  1063.0 -.5733726E-08
  1064.0 -.4320931E-08
  1065.0 -.2781546E-08
  1066.0 -.1137855E-08
  1067.0 0.5851816E-09
  1068.0 0.2360278E-08
  1069.0 0.4158255E-08
  1070.0 0.5948511E-08
  1071.0 0.7699498E-08
  1072.0 0.9379314E-08
  1073.0 0.1095622E-07
  1074.0 0.1239927E-07
  1075.0 0.1367889E-07
  1076.0 0.1476746E-07
  1077.0 0.1563988E-07
  1078.0 0.1627420E-07
  1079.0 0.1665200E-07
  1080.0 0.1675895E-07
  1081.0 0.1658519E-07
  1082.0 0.1612562E-07
  1083.0 0.1538029E-07
  1084.0 0.1435441E-07
  1085.0 0.1305853E-07
  1086.0 0.1150855E-07
  1087.0 0.9725557E-08
  1088.0 0.7735589E-08
  1089.0 0.5569438E-08
  1090.0 0.3262109E-08
  1091.0 0.8524199E-09
  1092.0 -.1617632E-08
  1093.0 -.4103549E-08
  1094.0 -.6559028E-08
  1095.0 -.8936837E-08
  1096.0 -.1118954E-07
  1097.0 -.1327053E-07
  1098.0 -.1513476E-07
  1099.0 -.1673973E-07
  1100.0 -.1804640E-07
  1101.0 -.1901991E-07
  1102.0 -.1963051E-07
  1103.0 -.1985418E-07
  1104.0 -.1967330E-07
  1105.0 -.1907728E-07
  1106.0 -.1806292E-07
  1107.0 -.1663473E-07
  1108.0 -.1480509E-07
  1109.0 -.1259440E-07
  1110.0 -.1003086E-07
  1111.0 -.7150300E-08
  1112.0 -.3995680E-08
  1113.0 -.6166563E-09
  1114.0 0.2931183E-08
  1115.0 0.6587101E-08
  1116.0 0.1028620E-07
  1117.0 0.1396038E-07
  1118.0 0.1753957E-07
  1119.0 0.2095298E-07
  1120.0 0.2413021E-07
  1121.0 0.2700266E-07
  1122.0 0.2950487E-07
  1123.0 0.3157573E-07
  1124.0 0.3315985E-07
  1125.0 0.3420849E-07
  1126.0 0.3468102E-07
  1127.0 0.3454567E-07
  1128.0 0.3378037E-07
  1129.0 0.3237365E-07
  1130.0 0.3032497E-07
  1131.0 0.2764518E-07
  1132.0 0.2435659E-07
  1133.0 0.2049307E-07
  1134.0 0.1609960E-07
  1135.0 0.1123192E-07
  1136.0 0.5955874E-08
  1137.0 0.3464224E-09
  1138.0 -.5513361E-08
  1139.0 -.1153351E-07
  1140.0 -.1761858E-07
  1141.0 -.2366921E-07
  1142.0 -.2958382E-07
  1143.0 -.3526000E-07
  1144.0 -.4059695E-07
  1145.0 -.4549646E-07
  1146.0 -.4986543E-07
  1147.0 -.5361714E-07
  1148.0 -.5667320E-07
  1149.0 -.5896484E-07
  1150.0 -.6043468E-07
  1151.0 -.6103757E-07
  1152.0 -.6074215E-07
  1153.0 -.5953107E-07
  1154.0 -.5740229E-07
  1155.0 -.5436872E-07
  1156.0 -.5045893E-07
  1157.0 -.4571639E-07
  1158.0 -.4019948E-07
  1159.0 -.3398062E-07
  1160.0 -.2714482E-07
  1161.0 -.1978921E-07
  1162.0 -.1202093E-07
  1163.0 -.3955629E-08
  1164.0 0.4284265E-08
  1165.0 0.1257180E-07
  1166.0 0.2077745E-07
  1167.0 0.2877158E-07
  1168.0 0.3642628E-07
  1169.0 0.4361813E-07
  1170.0 0.5022997E-07
  1171.0 0.5615333E-07
  1172.0 0.6129035E-07
  1173.0 0.6555519E-07
  1174.0 0.6887665E-07
  1175.0 0.7119851E-07
  1176.0 0.7248105E-07
  1177.0 0.7270235E-07
  1178.0 0.7185810E-07
  1179.0 0.6996220E-07
  1180.0 0.6704669E-07
  1181.0 0.6316114E-07
  1182.0 0.5837210E-07
  1183.0 0.5276137E-07
  1184.0 0.4642563E-07
  1185.0 0.3947397E-07
  1186.0 0.3202631E-07
  1187.0 0.2421122E-07
  1188.0 0.1616351E-07
  1189.0 0.8021930E-08
  1190.0 -.7340526E-10
  1191.0 -.7983700E-08
  1192.0 -.1557386E-07
  1193.0 -.2271517E-07
  1194.0 -.2928764E-07
  1195.0 -.3518229E-07
  1196.0 -.4030311E-07
  1197.0 -.4456908E-07
  1198.0 -.4791567E-07
  1199.0 -.5029585E-07
  1200.0 -.5168131E-07
  1201.0 -.5206294E-07
  1202.0 -.5145084E-07
  1203.0 -.4987440E-07
  1204.0 -.4738155E-07
  1205.0 -.4403783E-07
  1206.0 -.3992522E-07
  1207.0 -.3514044E-07
  1208.0 -.2979305E-07
  1209.0 -.2400323E-07
  1210.0 -.1789957E-07
  1211.0 -.1161615E-07
  1212.0 -.5290139E-08
  1213.0 0.9411265E-09
  1214.0 0.6943050E-08
  1215.0 0.1258627E-07
  1216.0 0.1774962E-07
  1217.0 0.2232242E-07
  1218.0 0.2620703E-07
  1219.0 0.2932087E-07
  1220.0 0.3159799E-07
  1221.0 0.3299071E-07
  1222.0 0.3347084E-07
  1223.0 0.3303003E-07
  1224.0 0.3168044E-07
  1225.0 0.2945420E-07
  1226.0 0.2640309E-07
  1227.0 0.2259764E-07
  1228.0 0.1812548E-07
  1229.0 0.1308986E-07
  1230.0 0.7607286E-08
  1231.0 0.1805378E-08
  1232.0 -.4179949E-08
  1233.0 -.1020742E-07
  1234.0 -.1613318E-07
  1235.0 -.2181412E-07
  1236.0 -.2711095E-07
  1237.0 -.3189131E-07
  1238.0 -.3603267E-07
  1239.0 -.3942523E-07
  1240.0 -.4197462E-07
  1241.0 -.4360395E-07
  1242.0 -.4425603E-07
  1243.0 -.4389468E-07
  1244.0 -.4250629E-07
  1245.0 -.4010009E-07
  1246.0 -.3670852E-07
  1247.0 -.3238711E-07
  1248.0 -.2721347E-07
  1249.0 -.2128621E-07
  1250.0 -.1472309E-07
  1251.0 -.7658964E-08
  1252.0 -.2430776E-09
  1253.0 0.7363734E-08
  1254.0 0.1499234E-07
  1255.0 0.2246885E-07
  1256.0 0.2961822E-07
  1257.0 0.3626789E-07
  1258.0 0.4225195E-07
  1259.0 0.4741429E-07
  1260.0 0.5161293E-07
  1261.0 0.5472263E-07
  1262.0 0.5663875E-07
  1263.0 0.5727946E-07
  1264.0 0.5658848E-07
  1265.0 0.5453661E-07
  1266.0 0.5112352E-07
  1267.0 0.4637807E-07
  1268.0 0.4035891E-07
  1269.0 0.3315391E-07
  1270.0 0.2487907E-07
  1271.0 0.1567701E-07
  1272.0 0.5714802E-08
  1273.0 -.4818976E-08
  1274.0 -.1571731E-07
  1275.0 -.2675868E-07
  1276.0 -.3771113E-07
  1277.0 -.4833664E-07
  1278.0 -.5839606E-07
  1279.0 -.6765365E-07
  1280.0 -.7588236E-07
  1281.0 -.8286829E-07
  1282.0 -.8841587E-07
  1283.0 -.9235214E-07
  1284.0 -.9453098E-07
  1285.0 -.9483676E-07
  1286.0 -.9318787E-07
  1287.0 -.8953952E-07
  1288.0 -.8388522E-07
  1289.0 -.7625860E-07
  1290.0 -.6673407E-07
  1291.0 -.5542646E-07
  1292.0 -.4249019E-07
  1293.0 -.2811749E-07
  1294.0 -.1253595E-07
  1295.0 0.3994735E-08
  1296.0 0.2118678E-07
  1297.0 0.3872875E-07
  1298.0 0.5629086E-07
  1299.0 0.7353054E-07
  1300.0 0.9009854E-07
  1301.0 0.1056453E-06
  1302.0 0.1198274E-06
  1303.0 0.1323140E-06
  1304.0 0.1427935E-06
  1305.0 0.1509798E-06
  1306.0 0.1566192E-06
  1307.0 0.1594937E-06
  1308.0 0.1594288E-06
  1309.0 0.1562962E-06
  1310.0 0.1500183E-06
  1311.0 0.1405707E-06
  1312.0 0.1279845E-06
  1313.0 0.1123466E-06
  1314.0 0.9380139E-07
  1315.0 0.7254819E-07
  1316.0 0.4884035E-07
  1317.0 0.2298171E-07
  1318.0 -.4676470E-08
  1319.0 -.3374100E-07
  1320.0 -.6378209E-07
  1321.0 -.9433975E-07
  1322.0 -.1249308E-06
  1323.0 -.1550559E-06
  1324.0 -.1842089E-06
  1325.0 -.2118839E-06
  1326.0 -.2375842E-06
  1327.0 -.2608303E-06
  1328.0 -.2811690E-06
  1329.0 -.2981813E-06
  1330.0 -.3114884E-06
  1331.0 -.3207628E-06
  1332.0 -.3257289E-06
  1333.0 -.3261741E-06
  1334.0 -.3219495E-06
  1335.0 -.3129765E-06
  1336.0 -.2992460E-06
  1337.0 -.2808239E-06
  1338.0 -.2578474E-06
  1339.0 -.2305276E-06
  1340.0 -.1991440E-06
  1341.0 -.1640437E-06
  1342.0 -.1256363E-06
  1343.0 -.8438743E-07
  1344.0 -.4081332E-07
  1345.0 0.4526737E-08
  1346.0 0.5103889E-07
  1347.0 0.9810337E-07
  1348.0 0.1450834E-06
  1349.0 0.1913358E-06
  1350.0 0.2362191E-06
  1351.0 0.2791060E-06
  1352.0 0.3193900E-06
  1353.0 0.3564976E-06
  1354.0 0.3898964E-06
  1355.0 0.4191013E-06
  1356.0 0.4436865E-06
  1357.0 0.4632878E-06
  1358.0 0.4776125E-06
  1359.0 0.4864406E-06
  1360.0 0.4896312E-06
  1361.0 0.4871207E-06
  1362.0 0.4789310E-06
  1363.0 0.4651606E-06
  1364.0 0.4459914E-06
  1365.0 0.4216795E-06
  1366.0 0.3925550E-06
  1367.0 0.3590156E-06
  1368.0 0.3215199E-06
  1369.0 0.2805822E-06
  1370.0 0.2367621E-06
  1371.0 0.1906580E-06
  1372.0 0.1428969E-06
  1373.0 0.9412413E-07
  1374.0 0.4499503E-07
  1375.0 -.3836456E-08
  1376.0 -.5172707E-07
  1377.0 -.9805360E-07
  1378.0 -.1422230E-06
  1379.0 -.1836803E-06
  1380.0 -.2219173E-06
  1381.0 -.2564798E-06
  1382.0 -.2869724E-06
  1383.0 -.3130671E-06
  1384.0 -.3345041E-06
  1385.0 -.3510966E-06
  1386.0 -.3627331E-06
  1387.0 -.3693763E-06
  1388.0 -.3710630E-06
  1389.0 -.3679058E-06
  1390.0 -.3600839E-06
  1391.0 -.3478452E-06
  1392.0 -.3314970E-06
  1393.0 -.3114026E-06
  1394.0 -.2879734E-06
  1395.0 -.2616614E-06
  1396.0 -.2329531E-06
  1397.0 -.2023585E-06
  1398.0 -.1704036E-06
  1399.0 -.1376227E-06
  1400.0 -.1045481E-06
  1401.0 -.7170237E-07
  1402.0 -.3959006E-07
  1403.0 -.8689875E-08
  1404.0 0.2055269E-07
  1405.0 0.4773142E-07
  1406.0 0.7248558E-07
  1407.0 0.9450444E-07
  1408.0 0.1135312E-06
  1409.0 0.1293662E-06
  1410.0 0.1418683E-06
  1411.0 0.1509565E-06
  1412.0 0.1566090E-06
  1413.0 0.1588626E-06
  1414.0 0.1578102E-06
  1415.0 0.1535983E-06
  1416.0 0.1464219E-06
  1417.0 0.1365217E-06
  1418.0 0.1241773E-06
  1419.0 0.1097018E-06
  1420.0 0.9343557E-07
  1421.0 0.7573967E-07
  1422.0 0.5698918E-07
  1423.0 0.3756559E-07
  1424.0 0.1785093E-07
  1425.0 -.1779852E-08
  1426.0 -.2096448E-07
  1427.0 -.3935989E-07
  1428.0 -.5664754E-07
  1429.0 -.7253871E-07
  1430.0 -.8677799E-07
  1431.0 -.9914799E-07
  1432.0 -.1094712E-06
  1433.0 -.1176128E-06
  1434.0 -.1234812E-06
  1435.0 -.1270289E-06
  1436.0 -.1282525E-06
  1437.0 -.1271907E-06
  1438.0 -.1239226E-06
  1439.0 -.1185655E-06
  1440.0 -.1112717E-06
  1441.0 -.1022247E-06
  1442.0 -.9163418E-07
  1443.0 -.7973281E-07
  1444.0 -.6677046E-07
  1445.0 -.5300920E-07
  1446.0 -.3871856E-07
  1447.0 -.2416976E-07
  1448.0 -.9631331E-08
  1449.0 0.4636187E-08
  1450.0 0.1838483E-07
  1451.0 0.3138315E-07
  1452.0 0.4342031E-07
  1453.0 0.5430927E-07
  1454.0 0.6388969E-07
  1455.0 0.7202993E-07
  1456.0 0.7862880E-07
  1457.0 0.8361714E-07
  1458.0 0.8695681E-07
  1459.0 0.8864208E-07
  1460.0 0.8869774E-07
  1461.0 0.8717839E-07
  1462.0 0.8416600E-07
  1463.0 0.7976809E-07
  1464.0 0.7411495E-07
  1465.0 0.6735601E-07
  1466.0 0.5965697E-07
  1467.0 0.5119600E-07
  1468.0 0.4216034E-07
  1469.0 0.3274180E-07
  1470.0 0.2313386E-07
  1471.0 0.1352735E-07
  1472.0 0.4107054E-08
  1473.0 -.4951428E-08
  1474.0 -.1348496E-07
  1475.0 -.2134546E-07
  1476.0 -.2840238E-07
  1477.0 -.3454464E-07
  1478.0 -.3968216E-07
  1479.0 -.4374672E-07
  1480.0 -.4669315E-07
  1481.0 -.4849893E-07
  1482.0 -.4916431E-07
  1483.0 -.4871147E-07
  1484.0 -.4718335E-07
  1485.0 -.4464252E-07
  1486.0 -.4116879E-07
  1487.0 -.3685800E-07
  1488.0 -.3181883E-07
  1489.0 -.2617076E-07
  1490.0 -.2004138E-07
  1491.0 -.1356364E-07
  1492.0 -.6873133E-08
  1493.0 -.1053481E-09
  1494.0 0.6606955E-08
  1495.0 0.1313615E-07
  1496.0 0.1936214E-07
  1497.0 0.2517444E-07
  1498.0 0.3047408E-07
  1499.0 0.3517492E-07
  1500.0 0.3920534E-07
  1501.0 0.4250870E-07
  1502.0 0.4504432E-07
  1503.0 0.4678768E-07
  1504.0 0.4773034E-07
  1505.0 0.4787966E-07
  1506.0 0.4725770E-07
  1507.0 0.4590131E-07
  1508.0 0.4385971E-07
  1509.0 0.4119413E-07
  1510.0 0.3797567E-07
  1511.0 0.3428357E-07
  1512.0 0.3020378E-07
  1513.0 0.2582651E-07
  1514.0 0.2124485E-07
  1515.0 0.1655242E-07
  1516.0 0.1184168E-07
  1517.0 0.7202192E-08
  1518.0 0.2718824E-08
  1519.0 -.1529641E-08
  1520.0 -.5471942E-08
  1521.0 -.9045444E-08
  1522.0 -.1219706E-07
  1523.0 -.1488410E-07
  1524.0 -.1707444E-07
  1525.0 -.1874719E-07
  1526.0 -.1989232E-07
  1527.0 -.2051076E-07
  1528.0 -.2061382E-07
  1529.0 -.2022255E-07
  1530.0 -.1936705E-07
  1531.0 -.1808558E-07
  1532.0 -.1642331E-07
  1533.0 -.1443114E-07
  1534.0 -.1216473E-07
  1535.0 -.9682878E-08
  1536.0 -.7046332E-08
  1537.0 -.4316501E-08
  1538.0 -.1554111E-08
  1539.0 0.1181947E-08
  1540.0 0.3835801E-08
  1541.0 0.6355601E-08
  1542.0 0.8694464E-08
  1543.0 0.1081111E-07
  1544.0 0.1267071E-07
  1545.0 0.1424516E-07
  1546.0 0.1551350E-07
  1547.0 0.1646194E-07
  1548.0 0.1708404E-07
  1549.0 0.1738031E-07
  1550.0 0.1735818E-07
  1551.0 0.1703122E-07
  1552.0 0.1641899E-07
  1553.0 0.1554602E-07
  1554.0 0.1444126E-07
  1555.0 0.1313731E-07
  1556.0 0.1166945E-07
  1557.0 0.1007486E-07
  1558.0 0.8391674E-08
  1559.0 0.6658193E-08
  1560.0 0.4911979E-08
  1561.0 0.3189123E-08
  1562.0 0.1523514E-08
  1563.0 -.5379968E-10
  1564.0 -.1515176E-08
  1565.0 -.2836827E-08
  1566.0 -.3999179E-08
  1567.0 -.4987078E-08
  1568.0 -.5790008E-08
  1569.0 -.6402016E-08
  1570.0 -.6821742E-08
  1571.0 -.7052159E-08
  1572.0 -.7100343E-08
  1573.0 -.6977143E-08
  1574.0 -.6696756E-08
  1575.0 -.6276215E-08
  1576.0 -.5734922E-08
  1577.0 -.5094069E-08
  1578.0 -.4376087E-08
  1579.0 -.3604008E-08
  1580.0 -.2800993E-08
  1581.0 -.1989715E-08
  1582.0 -.1191871E-08
  1583.0 -.4277216E-09
  1584.0 0.2843420E-09
  1585.0 0.9281428E-09
  1586.0 0.1490007E-08
  1587.0 0.1958976E-08
  1588.0 0.2326969E-08
  1589.0 0.2588844E-08
  1590.0 0.2742384E-08
  1591.0 0.2788235E-08
  1592.0 0.2729771E-08
  1593.0 0.2572893E-08
  1594.0 0.2325770E-08
  1595.0 0.1998543E-08
  1596.0 0.1602985E-08
  1597.0 0.1152162E-08
  1598.0 0.6600239E-09
  1599.0 0.1410383E-09
  1600.0 -.3902347E-09
  1601.0 -.9194648E-09
  1602.0 -.1432938E-08
  1603.0 -.1917897E-08
  1604.0 -.2362808E-08
  1605.0 -.2757639E-08
  1606.0 -.3094050E-08
  1607.0 -.3365548E-08
  1608.0 -.3567624E-08
  1609.0 -.3697778E-08
  1610.0 -.3755512E-08
  1611.0 -.3742330E-08
  1612.0 -.3661569E-08
  1613.0 -.3518314E-08
  1614.0 -.3319215E-08
  1615.0 -.3072195E-08
  1616.0 -.2786311E-08
  1617.0 -.2471423E-08
  1618.0 -.2137920E-08
  1619.0 -.1796449E-08
  1620.0 -.1457625E-08
  1621.0 -.1131753E-08
  1622.0 -.8285602E-09
  1623.0 -.5569498E-09
  1624.0 -.3248045E-09
  1625.0 -.1387694E-09
  1626.0 -.4138732E-11
  1627.0 0.7529480E-10
  1628.0 0.9728062E-10
  1629.0 0.6117027E-10
  1630.0 -.3211491E-10
  1631.0 -.1801209E-09
  1632.0 -.3789443E-09
  1633.0 -.6233612E-09
  1634.0 -.9069711E-09
  1635.0 -.1222392E-08
  1636.0 -.1561442E-08
  1637.0 -.1915370E-08
  1638.0 -.2275082E-08
  1639.0 -.2631371E-08
  1640.0 -.2975158E-08
  1641.0 -.3297709E-08
  1642.0 -.3590855E-08
  1643.0 -.3847213E-08
  1644.0 -.4060306E-08
  1645.0 -.4224780E-08
  1646.0 -.4336452E-08
  1647.0 -.4392515E-08
  1648.0 -.4391460E-08
  1649.0 -.4333208E-08
  1650.0 -.4219016E-08
  1651.0 -.4051526E-08
  1652.0 -.3834598E-08
  1653.0 -.3573274E-08
  1654.0 -.3273608E-08
  1655.0 -.2942515E-08
  1656.0 -.2587625E-08
  1657.0 -.2217071E-08
  1658.0 -.1839278E-08
  1659.0 -.1462794E-08
  1660.0 -.1096068E-08
  1661.0 -.7472434E-09
  1662.0 -.4239892E-09
  1663.0 -.1333014E-09
  1664.0 0.1186369E-09
  1665.0 0.3266059E-09
  1666.0 0.4864529E-09
  1667.0 0.5951851E-09
  1668.0 0.6510305E-09
  1669.0 0.6534565E-09
  1670.0 0.6031810E-09
  1671.0 0.5021367E-09
  1672.0 0.3534182E-09
  1673.0 0.1611986E-09
  1674.0 -.6938407E-10
  1675.0 -.3323458E-09
  1676.0 -.6210089E-09
  1677.0 -.9281621E-09
  1678.0 -.1246234E-08
  1679.0 -.1567458E-08
  1680.0 -.1884070E-08
  1681.0 -.2188473E-08
  1682.0 -.2473413E-08
  1683.0 -.2732135E-08
  1684.0 -.2958538E-08
  1685.0 -.3147295E-08
  1686.0 -.3293979E-08
  1687.0 -.3395143E-08
  1688.0 -.3448373E-08
  1689.0 -.3452363E-08
  1690.0 -.3406891E-08
  1691.0 -.3312844E-08
  1692.0 -.3172151E-08
  1693.0 -.2987763E-08
  1694.0 -.2763533E-08
  1695.0 -.2504150E-08
  1696.0 -.2214998E-08
  1697.0 -.1902051E-08
  1698.0 -.1571699E-08
  1699.0 -.1230640E-08
  1700.0 -.8856813E-09
  1701.0 -.5436234E-09
  1702.0 -.2110934E-09
  1703.0 0.1056051E-09
  1704.0 0.4006135E-09
  1705.0 0.6686422E-09
  1706.0 0.9050886E-09
  1707.0 0.1106117E-08
  1708.0 0.1268730E-08
  1709.0 0.1390826E-08
  1710.0 0.1471219E-08
  1711.0 0.1509656E-08
  1712.0 0.1506802E-08
  1713.0 0.1464206E-08
  1714.0 0.1384245E-08
  1715.0 0.1270063E-08
  1716.0 0.1125478E-08
  1717.0 0.9548863E-09
  1718.0 0.7631479E-09
  1719.0 0.5554732E-09
  1720.0 0.3372988E-09
  1721.0 0.1141549E-09
  1722.0 -.1084521E-09
  1723.0 -.3251711E-09
  1724.0 -.5309133E-09
  1725.0 -.7209715E-09
  1726.0 -.8911029E-09
  1727.0 -.1037628E-08
  1728.0 -.1157495E-08
  1729.0 -.1248322E-08
  1730.0 -.1308461E-08
  1731.0 -.1336984E-08
  1732.0 -.1333721E-08
  1733.0 -.1299213E-08
  1734.0 -.1234701E-08
  1735.0 -.1142085E-08
  1736.0 -.1023838E-08
  1737.0 -.8829694E-09
  1738.0 -.7229095E-09
  1739.0 -.5474525E-09
  1740.0 -.3606272E-09
  1741.0 -.1666226E-09
  1742.0 0.3031893E-10
  1743.0 0.2260107E-09
  1744.0 0.4163986E-09
  1745.0 0.5976681E-09
  1746.0 0.7663152E-09
  1747.0 0.9192269E-09
  1748.0 0.1053735E-08
  1749.0 0.1167673E-08
  1750.0 0.1259409E-08
  1751.0 0.1327867E-08
  1752.0 0.1372547E-08
  1753.0 0.1393508E-08
  1754.0 0.1391353E-08
  1755.0 0.1367212E-08
  1756.0 0.1322686E-08
  1757.0 0.1259796E-08
  1758.0 0.1180939E-08
  1759.0 0.1088803E-08
  1760.0 0.9863045E-09
  1761.0 0.8765110E-09
  1762.0 0.7625538E-09
  1763.0 0.6475728E-09
  1764.0 0.5346135E-09
  1765.0 0.4265768E-09
  1766.0 0.3261502E-09
  1767.0 0.2357371E-09
  1768.0 0.1574219E-09
  1769.0 0.9291795E-10
  1770.0 0.4354021E-10
  1771.0 0.1018453E-10
  1772.0 -.6681390E-11
  1773.0 -.7020239E-11
  1774.0 0.8790569E-11
  1775.0 0.3997458E-10
  1776.0 0.8539162E-10
  1777.0 0.1435755E-09
  1778.0 0.2127732E-09
  1779.0 0.2910110E-09
  1780.0 0.3761326E-09
  1781.0 0.4658762E-09
  1782.0 0.5579181E-09
  1783.0 0.6499432E-09
  1784.0 0.7396985E-09
  1785.0 0.8250561E-09
  1786.0 0.9040543E-09
  1787.0 0.9749512E-09
  1788.0 0.1036257E-08
  1789.0 0.1086776E-08
  1790.0 0.1125615E-08
  1791.0 0.1152224E-08
  1792.0 0.1166366E-08
  1793.0 0.1168158E-08
  1794.0 0.1158018E-08
  1795.0 0.1136686E-08
  1796.0 0.1105168E-08
  1797.0 0.1064723E-08
  1798.0 0.1016813E-08
  1799.0 0.9630668E-09
  1800.0 0.9052368E-09
  1801.0 0.8451447E-09
  1802.0 0.7846326E-09
  1803.0 0.7255208E-09
  1804.0 0.6695506E-09
  1805.0 0.6183499E-09
  1806.0 0.5733832E-09
  1807.0 0.5359246E-09
  1808.0 0.5070152E-09
  1809.0 0.4874482E-09
  1810.0 0.4777479E-09
  1811.0 0.4781580E-09
  1812.0 0.4886414E-09
  1813.0 0.5088776E-09
  1814.0 0.5382796E-09
  1815.0 0.5760097E-09
  1816.0 0.6210001E-09
  1817.0 0.6719844E-09
  1818.0 0.7275312E-09
  1819.0 0.7860792E-09
  1820.0 0.8459838E-09
  1821.0 0.9055480E-09
  1822.0 0.9630762E-09
  1823.0 0.1016912E-08
  1824.0 0.1065472E-08
  1825.0 0.1107302E-08
  1826.0 0.1141093E-08
  1827.0 0.1165725E-08
  1828.0 0.1180289E-08
  1829.0 0.1184107E-08
  1830.0 0.1176750E-08
  1831.0 0.1158048E-08
  1832.0 0.1128090E-08
  1833.0 0.1087213E-08
  1834.0 0.1036016E-08
  1835.0 0.9753192E-09
  1836.0 0.9061618E-09
  1837.0 0.8297623E-09
  1838.0 0.7474998E-09
  1839.0 0.6608796E-09
  1840.0 0.5714916E-09
  1841.0 0.4809868E-09
  1842.0 0.3910229E-09
  1843.0 0.3032421E-09
  1844.0 0.2192236E-09
  1845.0 0.1404590E-09
  1846.0 0.6831175E-10
  1847.0 0.3995655E-11
  1848.0 -.5145523E-10
  1849.0 -.9720063E-10
  1850.0 -.1326163E-09
  1851.0 -.1572966E-09
  1852.0 -.1710661E-09
  1853.0 -.1739750E-09
  1854.0 -.1662943E-09
  1855.0 -.1485088E-09
  1856.0 -.1212977E-09
  1857.0 -.8551977E-10
  1858.0 -.4218803E-10
  1859.0 0.7552776E-11
  1860.0 0.6245531E-10
  1861.0 0.1211975E-09
  1862.0 0.1824140E-09
  1863.0 0.2447224E-09
  1864.0 0.3067578E-09
  1865.0 0.3671933E-09
  1866.0 0.4247768E-09
  1867.0 0.4783419E-09
  1868.0 0.5268400E-09
  1869.0 0.5693523E-09
  1870.0 0.6050968E-09
  1871.0 0.6334575E-09
  1872.0 0.6539663E-09
  1873.0 0.6663289E-09
  1874.0 0.6704005E-09
  1875.0 0.6662013E-09
  1876.0 0.6538907E-09
  1877.0 0.6337714E-09
  1878.0 0.6062632E-09
  1879.0 0.5718909E-09
  1880.0 0.5312705E-09
  1881.0 0.4850853E-09
  1882.0 0.4340737E-09
  1883.0 0.3790010E-09
  1884.0 0.3206478E-09
  1885.0 0.2597917E-09
  1886.0 0.1971926E-09
  1887.0 0.1335703E-09
  1888.0 0.6960812E-10
  1889.0 0.5925105E-11
  1890.0 -.5691391E-10
  1891.0 -.1184139E-09
  1892.0 -.1781506E-09
  1893.0 -.2357627E-09
  1894.0 -.2909559E-09
  1895.0 -.3434978E-09
  1896.0 -.3932081E-09
  1897.0 -.4399502E-09
  1898.0 -.4836283E-09
  1899.0 -.5241669E-09
  1900.0 -.5615121E-09
  1901.0 -.5956157E-09
  1902.0 -.6264276E-09
  1903.0 -.6538861E-09
  1904.0 -.6779146E-09
  1905.0 -.6984133E-09
  1906.0 -.7152612E-09
  1907.0 -.7283005E-09
  1908.0 -.7373606E-09
  1909.0 -.7422422E-09
  1910.0 -.7427316E-09
  1911.0 -.7386042E-09
  1912.0 -.7296371E-09
  1913.0 -.7156168E-09
  1914.0 -.6963506E-09
  1915.0 -.6716855E-09
  1916.0 -.6415150E-09
  1917.0 -.6057930E-09
  1918.0 -.5645486E-09
  1919.0 -.5178985E-09
  1920.0 -.4660583E-09
  1921.0 -.4093430E-09
  1922.0 -.3481853E-09
  1923.0 -.2831297E-09
  1924.0 -.2148436E-09
  1925.0 -.1440985E-09
  1926.0 -.7178615E-10
  1927.0 0.1106554E-11
  1928.0 0.7350476E-10
  1929.0 0.1442556E-09
  1930.0 0.2121512E-09
  1931.0 0.2759504E-09
  1932.0 0.3343972E-09
  1933.0 0.3862448E-09
  1934.0 0.4302869E-09
  1935.0 0.4653791E-09
  1936.0 0.4904671E-09
  1937.0 0.5046144E-09
  1938.0 0.5070211E-09
  1939.0 0.4970582E-09
  1940.0 0.4742758E-09
  1941.0 0.4384339E-09
  1942.0 0.3895005E-09
  1943.0 0.3276795E-09
  1944.0 0.2534063E-09
  1945.0 0.1673508E-09
  1946.0 0.7041459E-10
  1947.0 -.3627551E-10
  1948.0 -.1513798E-09
  1949.0 -.2733693E-09
  1950.0 -.4005399E-09
  1951.0 -.5310448E-09
  1952.0 -.6629200E-09
  1953.0 -.7941227E-09
  1954.0 -.9225596E-09
  1955.0 -.1046134E-08
  1956.0 -.1162772E-08
  1957.0 -.1270475E-08
  1958.0 -.1367346E-08
  1959.0 -.1451637E-08
  1960.0 -.1521774E-08
  1961.0 -.1576397E-08
  1962.0 -.1614383E-08
  1963.0 -.1634876E-08
  1964.0 -.1637302E-08
  1965.0 -.1621382E-08
  1966.0 -.1587148E-08
  1967.0 -.1534943E-08
  1968.0 -.1465411E-08
  1969.0 -.1379493E-08
  1970.0 -.1278422E-08
  1971.0 -.1163683E-08
  1972.0 -.1037001E-08
  1973.0 -.9003111E-09
  1974.0 -.7557142E-09
  1975.0 -.6054528E-09
  1976.0 -.4518554E-09
  1977.0 -.2973084E-09
  1978.0 -.1441986E-09
  1979.0 0.5117009E-11
  1980.0 0.1483659E-09
  1981.0 0.2833934E-09
  1982.0 0.4082037E-09
  1983.0 0.5209994E-09
  1984.0 0.6202060E-09
  1985.0 0.7045093E-09
  1986.0 0.7728628E-09
  1987.0 0.8245220E-09
  1988.0 0.8590373E-09
  1989.0 0.8762744E-09
  1990.0 0.8764012E-09
  1991.0 0.8598846E-09
  1992.0 0.8274792E-09
  1993.0 0.7802037E-09
  1994.0 0.7193232E-09
  1995.0 0.6463138E-09
  1996.0 0.5628344E-09
  1997.0 0.4706896E-09
  1998.0 0.3717947E-09
  1999.0 0.2681322E-09
  2000.0 0.1617135E-09
  2001.0 0.5453992E-10
  2002.0 -.5143973E-10
  2003.0 -.1543608E-09
  2004.0 -.2524817E-09
  2005.0 -.3442177E-09
  2006.0 -.4281601E-09
  2007.0 -.5031060E-09
  2008.0 -.5680750E-09
  2009.0 -.6223224E-09
  2010.0 -.6653423E-09
  2011.0 -.6968783E-09
  2012.0 -.7169102E-09
  2013.0 -.7256564E-09
  2014.0 -.7235514E-09
  2015.0 -.7112301E-09
  2016.0 -.6895105E-09
  2017.0 -.6593618E-09
  2018.0 -.6218801E-09
  2019.0 -.5782579E-09
  2020.0 -.5297527E-09
  2021.0 -.4776501E-09
  2022.0 -.4232386E-09
  2023.0 -.3677748E-09
  2024.0 -.3124534E-09
  2025.0 -.2583829E-09
  2026.0 -.2065609E-09
  2027.0 -.1578495E-09
  2028.0 -.1129651E-09
  2029.0 -.7246152E-10
  2030.0 -.3672380E-10
  2031.0 -.5965784E-11
  2032.0 0.1977064E-10
  2033.0 0.4060712E-10
  2034.0 0.5682021E-10
  2035.0 0.6882597E-10
  2036.0 0.7716205E-10
  2037.0 0.8246775E-10
  2038.0 0.8545974E-10
  2039.0 0.8690587E-10
  2040.0 0.8760247E-10
  2041.0 0.8834188E-10
  2042.0 0.8988967E-10
  2043.0 0.9295874E-10
  2044.0 0.9818427E-10
  2045.0 0.1061007E-09
  2046.0 0.1171260E-09
  2047.0 0.1315440E-09
  2048.0 0.1494938E-09
  2049.0 0.1709608E-09
  2050.0 0.1957749E-09
  2051.0 0.2236119E-09
  2052.0 0.2539978E-09
  2053.0 0.2863196E-09
  2054.0 0.3198405E-09
  2055.0 0.3537169E-09
  2056.0 0.3870209E-09
  2057.0 0.4187631E-09
  2058.0 0.4479194E-09
  2059.0 0.4734620E-09
  2060.0 0.4943855E-09
  2061.0 0.5097363E-09
  2062.0 0.5186445E-09
  2063.0 0.5203477E-09
  2064.0 0.5142197E-09
  2065.0 0.4997869E-09
  2066.0 0.4767604E-09
  2067.0 0.4450400E-09
  2068.0 0.4047269E-09
  2069.0 0.3561354E-09
  2070.0 0.2997916E-09
  2071.0 0.2364288E-09
  2072.0 0.1669806E-09
  2073.0 0.9256537E-10
  2074.0 0.1446924E-10
  2075.0 -.6587866E-10
  2076.0 -.1469330E-09
  2077.0 -.2270610E-09
  2078.0 -.3045810E-09
  2079.0 -.3777942E-09
  2080.0 -.4450234E-09
  2081.0 -.5046499E-09
  2082.0 -.5551541E-09
  2083.0 -.5951519E-09
  2084.0 -.6234249E-09
  2085.0 -.6389562E-09
  2086.0 -.6409598E-09
  2087.0 -.6289009E-09
  2088.0 -.6025173E-09
  2089.0 -.5618354E-09
  2090.0 -.5071734E-09
  2091.0 -.4391455E-09
  2092.0 -.3586592E-09
  2093.0 -.2669038E-09
  2094.0 -.1653299E-09
  2095.0 -.5563042E-10
  2096.0 0.6028907E-10
  2097.0 0.1803442E-09
  2098.0 0.3023125E-09
  2099.0 0.4238698E-09
  2100.0 0.5426415E-09
  2101.0 0.6562468E-09
  2102.0 0.7623482E-09
  2103.0 0.8586962E-09
  2104.0 0.9431839E-09
  2105.0 0.1013889E-08
  2106.0 0.1069116E-08
  2107.0 0.1107438E-08
  2108.0 0.1127730E-08
  2109.0 0.1129201E-08
  2110.0 0.1111411E-08
  2111.0 0.1074300E-08
  2112.0 0.1018184E-08
  2113.0 0.9437688E-09
  2114.0 0.8521336E-09
  2115.0 0.7447263E-09
  2116.0 0.6233418E-09
  2117.0 0.4900953E-09
  2118.0 0.3473821E-09
  2119.0 0.1978442E-09
  2120.0 0.4432028E-10
  2121.0 -.1102031E-09
  2122.0 -.2626462E-09
  2123.0 -.4098946E-09
  2124.0 -.5488561E-09
  2125.0 -.6765209E-09
  2126.0 -.7900202E-09
  2127.0 -.8866848E-09
  2128.0 -.9641001E-09
  2129.0 -.1020150E-08
  2130.0 -.1053078E-08
  2131.0 -.1061501E-08
  2132.0 -.1044475E-08
  2133.0 -.1001497E-08
  2134.0 -.9325323E-09
  2135.0 -.8380224E-09
  2136.0 -.7188916E-09
  2137.0 -.5765286E-09
  2138.0 -.4127840E-09
  2139.0 -.2299342E-09
  2140.0 -.3065635E-10
  2141.0 0.1820155E-09
  2142.0 0.4047364E-09
  2143.0 0.6339037E-09
  2144.0 0.8657146E-09
  2145.0 0.1096233E-08
  2146.0 0.1321450E-08
  2147.0 0.1537354E-08
  2148.0 0.1740000E-08
  2149.0 0.1925577E-08
  2150.0 0.2090478E-08
  2151.0 0.2231360E-08
  2152.0 0.2345201E-08
  2153.0 0.2429365E-08
  2154.0 0.2481647E-08
  2155.0 0.2500311E-08
  2156.0 0.2484122E-08
  2157.0 0.2432391E-08
  2158.0 0.2344966E-08
  2159.0 0.2222266E-08
  2160.0 0.2065265E-08
  2161.0 0.1875476E-08
  2162.0 0.1654958E-08
  2163.0 0.1406262E-08
  2164.0 0.1132408E-08
  2165.0 0.8368353E-09
  2166.0 0.5233557E-09
  2167.0 0.1960918E-09
  2168.0 -.1405809E-09
  2169.0 -.4821040E-09
  2170.0 -.8238059E-09
  2171.0 -.1160971E-08
  2172.0 -.1488918E-08
  2173.0 -.1803066E-08
  2174.0 -.2099012E-08
  2175.0 -.2372590E-08
  2176.0 -.2619938E-08
  2177.0 -.2837574E-08
  2178.0 -.3022414E-08
  2179.0 -.3171853E-08
  2180.0 -.3283787E-08
  2181.0 -.3356647E-08
  2182.0 -.3389425E-08
  2183.0 -.3381681E-08
  2184.0 -.3333560E-08
  2185.0 -.3245778E-08
  2186.0 -.3119608E-08
  2187.0 -.2956872E-08
  2188.0 -.2759892E-08
  2189.0 -.2531468E-08
  2190.0 -.2274827E-08
  2191.0 -.1993577E-08
  2192.0 -.1691640E-08
  2193.0 -.1373208E-08
  2194.0 -.1042663E-08
  2195.0 -.7045179E-09
  2196.0 -.3633510E-09
  2197.0 -.2373229E-10
  2198.0 0.3098447E-09
  2199.0 0.6330222E-09
  2200.0 0.9416454E-09
  2201.0 0.1231825E-08
  2202.0 0.1499983E-08
  2203.0 0.1742911E-08
  2204.0 0.1957805E-08
  2205.0 0.2142299E-08
  2206.0 0.2294523E-08
  2207.0 0.2413074E-08
  2208.0 0.2497073E-08
  2209.0 0.2546144E-08
  2210.0 0.2560431E-08
  2211.0 0.2540568E-08
  2212.0 0.2487683E-08
  2213.0 0.2403349E-08
  2214.0 0.2289578E-08
  2215.0 0.2148753E-08
  2216.0 0.1983619E-08
  2217.0 0.1797206E-08
  2218.0 0.1592800E-08
  2219.0 0.1373868E-08
  2220.0 0.1144019E-08
  2221.0 0.9069351E-09
  2222.0 0.6663199E-09
  2223.0 0.4258377E-09
  2224.0 0.1890578E-09
  2225.0 -.4059491E-10
  2226.0 -.2598949E-09
  2227.0 -.4658585E-09
  2228.0 -.6557877E-09
  2229.0 -.8273027E-09
  2230.0 -.9783763E-09
  2231.0 -.1107360E-08
  2232.0 -.1212993E-08
  2233.0 -.1294419E-08
  2234.0 -.1351196E-08
  2235.0 -.1383286E-08
  2236.0 -.1391053E-08
  2237.0 -.1375241E-08
  2238.0 -.1336959E-08
  2239.0 -.1277656E-08
  2240.0 -.1199084E-08
  2241.0 -.1103267E-08
  2242.0 -.9924598E-09
  2243.0 -.8691096E-09
  2244.0 -.7358030E-09
  2245.0 -.5952248E-09
  2246.0 -.4501153E-09
  2247.0 -.3032132E-09
  2248.0 -.1572180E-09
  2249.0 -.1474043E-10
  2250.0 0.1217386E-09
  2251.0 0.2499091E-09
  2252.0 0.3676651E-09
  2253.0 0.4731405E-09
  2254.0 0.5647319E-09
  2255.0 0.6411261E-09
  2256.0 0.7013136E-09
  2257.0 0.7446049E-09
  2258.0 0.7706258E-09
  2259.0 0.7793345E-09
  2260.0 0.7710005E-09
  2261.0 0.7462040E-09
  2262.0 0.7058154E-09
  2263.0 0.6509768E-09
  2264.0 0.5830750E-09
  2265.0 0.5037167E-09
  2266.0 0.4146860E-09
  2267.0 0.3179225E-09
  2268.0 0.2154721E-09
  2269.0 0.1094567E-09
  2270.0 0.2026736E-11
  2271.0 -.1046731E-09
  2272.0 -.2085455E-09
  2273.0 -.3075800E-09
  2274.0 -.3998855E-09
  2275.0 -.4837273E-09
  2276.0 -.5575565E-09
  2277.0 -.6200361E-09
  2278.0 -.6700633E-09
  2279.0 -.7067903E-09
  2280.0 -.7296347E-09
  2281.0 -.7382902E-09
  2282.0 -.7327273E-09
  2283.0 -.7131951E-09
  2284.0 -.6802116E-09
  2285.0 -.6345520E-09
  2286.0 -.5772360E-09
  2287.0 -.5094993E-09
  2288.0 -.4327773E-09
  2289.0 -.3486706E-09
  2290.0 -.2589160E-09
  2291.0 -.1653533E-09
  2292.0 -.6988948E-10
  2293.0 0.2553933E-10
  2294.0 0.1190039E-09
  2295.0 0.2086185E-09
  2296.0 0.2925768E-09
  2297.0 0.3691880E-09
  2298.0 0.4369064E-09
  2299.0 0.4943640E-09
  2300.0 0.5403926E-09
  2301.0 0.5740516E-09
  2302.0 0.5946410E-09
  2303.0 0.6017161E-09
  2304.0 0.5951010E-09
  2305.0 0.5748870E-09
  2306.0 0.5414328E-09
  2307.0 0.4953603E-09
  2308.0 0.4375413E-09
  2309.0 0.3690838E-09
  2310.0 0.2913103E-09
  2311.0 0.2057340E-09
  2312.0 0.1140315E-09
  2313.0 0.1801129E-10
  2314.0 -.8042081E-10
  2315.0 -.1792950E-09
  2316.0 -.2766155E-09
  2317.0 -.3703987E-09
  2318.0 -.4587092E-09
  2319.0 -.5396984E-09
  2320.0 -.6116377E-09
  2321.0 -.6729519E-09
  2322.0 -.7222524E-09
  2323.0 -.7583633E-09
  2324.0 -.7803419E-09
  2325.0 -.7875052E-09
  2326.0 -.7794347E-09
  2327.0 -.7559979E-09
  2328.0 -.7173465E-09
  2329.0 -.6639156E-09
  2330.0 -.5964220E-09
  2331.0 -.5158528E-09
  2332.0 -.4234490E-09
  2333.0 -.3206857E-09
  2334.0 -.2092487E-09
  2335.0 -.9100639E-10
  2336.0 0.3202365E-10
  2337.0 0.1577078E-09
  2338.0 0.2838335E-09
  2339.0 0.4081485E-09
  2340.0 0.5283992E-09
  2341.0 0.6423720E-09
  2342.0 0.7479305E-09
  2343.0 0.8430556E-09
  2344.0 0.9258830E-09
  2345.0 0.9947322E-09
  2346.0 0.1048145E-08
  2347.0 0.1084905E-08
  2348.0 0.1104067E-08
  2349.0 0.1104974E-08
  2350.0 0.1087266E-08
  2351.0 0.1050900E-08
  2352.0 0.9961454E-09
  2353.0 0.9235813E-09
  2354.0 0.8340962E-09
  2355.0 0.7288679E-09
  2356.0 0.6093549E-09
  2357.0 0.4772645E-09
  2358.0 0.3345370E-09
  2359.0 0.1833061E-09
  2360.0 0.2587140E-10
  2361.0 -.1353407E-09
  2362.0 -.2978152E-09
  2363.0 -.4589892E-09
  2364.0 -.6162928E-09
  2365.0 -.7671936E-09
  2366.0 -.9092284E-09
  2367.0 -.1040057E-08
  2368.0 -.1157487E-08
  2369.0 -.1259522E-08
  2370.0 -.1344381E-08
  2371.0 -.1410540E-08
  2372.0 -.1456748E-08
  2373.0 -.1482049E-08
  2374.0 -.1485807E-08
  2375.0 -.1467704E-08
  2376.0 -.1427755E-08
  2377.0 -.1366303E-08
  2378.0 -.1284014E-08
  2379.0 -.1181882E-08
  2380.0 -.1061182E-08
  2381.0 -.9234890E-09
  2382.0 -.7706275E-09
  2383.0 -.6046512E-09
  2384.0 -.4278142E-09
  2385.0 -.2425358E-09
  2386.0 -.5136272E-10
  2387.0 0.1430699E-09
  2388.0 0.3380749E-09
  2389.0 0.5309574E-09
  2390.0 0.7190506E-09
  2391.0 0.8997607E-09
  2392.0 0.1070599E-08
  2393.0 0.1229220E-08
  2394.0 0.1373459E-08
  2395.0 0.1501359E-08
  2396.0 0.1611194E-08
  2397.0 0.1701508E-08
  2398.0 0.1771113E-08
  2399.0 0.1819121E-08
