     0.0 0.0000000E+00
     1.0 -.2370644E-18
     2.0 -.2804370E-19
     3.0 0.3530349E-17
     4.0 0.1551567E-16
     5.0 0.4313162E-16
     6.0 0.9553798E-16
     7.0 0.1835897E-15
     8.0 0.3195201E-15
     9.0 0.5165683E-15
    10.0 0.7885565E-15
    11.0 0.1149430E-14
    12.0 0.1612780E-14
    13.0 0.2191349E-14
    14.0 0.2896552E-14
    15.0 0.3737996E-14
    16.0 0.4723043E-14
    17.0 0.5856391E-14
    18.0 0.7139715E-14
    19.0 0.8571342E-14
    20.0 0.1014599E-13
    21.0 0.1185454E-13
    22.0 0.1368391E-13
    23.0 0.1561694E-13
    24.0 0.1763234E-13
    25.0 0.1970471E-13
    26.0 0.2180460E-13
    27.0 0.2389862E-13
    28.0 0.2594959E-13
    29.0 0.2791675E-13
    30.0 0.2975602E-13
    31.0 0.3142031E-13
    32.0 0.3285984E-13
    33.0 0.3402263E-13
    34.0 0.3485488E-13
    35.0 0.3530156E-13
    36.0 0.3530702E-13
    37.0 0.3481561E-13
    38.0 0.3377249E-13
    39.0 0.3212439E-13
    40.0 0.2982051E-13
    41.0 0.2681347E-13
    42.0 0.2306029E-13
    43.0 0.1852338E-13
    44.0 0.1317168E-13
    45.0 0.6981538E-14
    46.0 -.6211386E-16
    47.0 -.7964950E-14
    48.0 -.1672235E-13
    49.0 -.2631867E-13
    50.0 -.3672674E-13
    51.0 -.4790748E-13
    52.0 -.5980978E-13
    53.0 -.7237066E-13
    54.0 -.8551574E-13
    55.0 -.9915990E-13
    56.0 -.1132083E-12
    57.0 -.1275581E-12
    58.0 -.1420995E-12
    59.0 -.1567184E-12
    60.0 -.1712983E-12
    61.0 -.1857227E-12
    62.0 -.1998780E-12
    63.0 -.2136559E-12
    64.0 -.2269566E-12
    65.0 -.2396912E-12
    66.0 -.2517842E-12
    67.0 -.2631767E-12
    68.0 -.2738276E-12
    69.0 -.2837156E-12
    70.0 -.2928407E-12
    71.0 -.3012251E-12
    72.0 -.3089129E-12
    73.0 -.3159703E-12
    74.0 -.3224835E-12
    75.0 -.3285580E-12
    76.0 -.3343162E-12
    77.0 -.3398936E-12
    78.0 -.3454356E-12
    79.0 -.3510945E-12
    80.0 -.3570234E-12
    81.0 -.3633724E-12
    82.0 -.3702844E-12
    83.0 -.3778891E-12
    84.0 -.3862984E-12
    85.0 -.3956035E-12
    86.0 -.4058686E-12
    87.0 -.4171293E-12
    88.0 -.4293887E-12
    89.0 -.4426160E-12
    90.0 -.4567452E-12
    91.0 -.4716760E-12
    92.0 -.4872724E-12
    93.0 -.5033679E-12
    94.0 -.5197653E-12
    95.0 -.5362428E-12
    96.0 -.5525585E-12
    97.0 -.5684541E-12
    98.0 -.5836653E-12
    99.0 -.5979230E-12
   100.0 -.6109651E-12
   101.0 -.6225405E-12
   102.0 -.6324191E-12
   103.0 -.6404011E-12
   104.0 -.6463248E-12
   105.0 -.6500697E-12
   106.0 -.6515640E-12
   107.0 -.6507872E-12
   108.0 -.6477705E-12
   109.0 -.6425970E-12
   110.0 -.6354039E-12
   111.0 -.6263749E-12
   112.0 -.6157410E-12
   113.0 -.6037694E-12
   114.0 -.5907614E-12
   115.0 -.5770392E-12
   116.0 -.5629422E-12
   117.0 -.5488115E-12
   118.0 -.5349831E-12
   119.0 -.5217785E-12
   120.0 -.5094893E-12
   121.0 -.4983735E-12
   122.0 -.4886440E-12
   123.0 -.4804603E-12
   124.0 -.4739218E-12
   125.0 -.4690659E-12
   126.0 -.4658617E-12
   127.0 -.4642116E-12
   128.0 -.4639510E-12
   129.0 -.4648515E-12
   130.0 -.4666255E-12
   131.0 -.4689338E-12
   132.0 -.4713964E-12
   133.0 -.4735986E-12
   134.0 -.4751043E-12
   135.0 -.4754725E-12
   136.0 -.4742635E-12
   137.0 -.4710592E-12
   138.0 -.4654720E-12
   139.0 -.4571592E-12
   140.0 -.4458365E-12
   141.0 -.4312855E-12
   142.0 -.4133672E-12
   143.0 -.3920246E-12
   144.0 -.3672911E-12
   145.0 -.3392899E-12
   146.0 -.3082383E-12
   147.0 -.2744404E-12
   148.0 -.2382844E-12
   149.0 -.2002345E-12
   150.0 -.1608192E-12
   151.0 -.1206206E-12
   152.0 -.8025824E-13
   153.0 -.4037378E-13
   154.0 -.1613988E-14
   155.0 0.3538828E-13
   156.0 0.7003088E-13
   157.0 0.1017623E-12
   158.0 0.1300960E-12
   159.0 0.1546295E-12
   160.0 0.1750573E-12
   161.0 0.1911829E-12
   162.0 0.2029282E-12
   163.0 0.2103411E-12
   164.0 0.2135981E-12
   165.0 0.2130041E-12
   166.0 0.2089908E-12
   167.0 0.2021095E-12
   168.0 0.1930180E-12
   169.0 0.1824724E-12
   170.0 0.1713053E-12
   171.0 0.1604120E-12
   172.0 0.1507273E-12
   173.0 0.1432002E-12
   174.0 0.1387744E-12
   175.0 0.1383615E-12
   176.0 0.1428144E-12
   177.0 0.1529100E-12
   178.0 0.1693206E-12
   179.0 0.1925966E-12
   180.0 0.2231464E-12
   181.0 0.2612253E-12
   182.0 0.3069192E-12
   183.0 0.3601411E-12
   184.0 0.4206263E-12
   185.0 0.4879326E-12
   186.0 0.5614461E-12
   187.0 0.6403910E-12
   188.0 0.7238457E-12
   189.0 0.8107561E-12
   190.0 0.8999623E-12
   191.0 0.9902188E-12
   192.0 0.1080226E-11
   193.0 0.1168657E-11
   194.0 0.1254190E-11
   195.0 0.1335537E-11
   196.0 0.1411479E-11
   197.0 0.1480891E-11
   198.0 0.1542776E-11
   199.0 0.1596288E-11
   200.0 0.1640755E-11
   201.0 0.1675698E-11
   202.0 0.1700850E-11
   203.0 0.1716160E-11
   204.0 0.1721801E-11
   205.0 0.1718173E-11
   206.0 0.1705894E-11
   207.0 0.1685789E-11
   208.0 0.1658876E-11
   209.0 0.1626347E-11
   210.0 0.1589542E-11
   211.0 0.1549914E-11
   212.0 0.1509008E-11
   213.0 0.1468418E-11
   214.0 0.1429757E-11
   215.0 0.1394613E-11
   216.0 0.1364519E-11
   217.0 0.1340913E-11
   218.0 0.1325104E-11
   219.0 0.1318243E-11
   220.0 0.1321290E-11
   221.0 0.1334993E-11
   222.0 0.1359871E-11
   223.0 0.1396192E-11
   224.0 0.1443974E-11
   225.0 0.1502973E-11
   226.0 0.1572693E-11
   227.0 0.1652392E-11
   228.0 0.1741095E-11
   229.0 0.1837622E-11
   230.0 0.1940599E-11
   231.0 0.2048505E-11
   232.0 0.2159690E-11
   233.0 0.2272419E-11
   234.0 0.2384913E-11
   235.0 0.2495380E-11
   236.0 0.2602062E-11
   237.0 0.2703271E-11
   238.0 0.2797430E-11
   239.0 0.2883099E-11
   240.0 0.2959023E-11
   241.0 0.3024144E-11
   242.0 0.3077631E-11
   243.0 0.3118905E-11
   244.0 0.3147635E-11
   245.0 0.3163756E-11
   246.0 0.3167471E-11
   247.0 0.3159241E-11
   248.0 0.3139764E-11
   249.0 0.3109975E-11
   250.0 0.3071016E-11
   251.0 0.3024201E-11
   252.0 0.2971001E-11
   253.0 0.2912991E-11
   254.0 0.2851827E-11
   255.0 0.2789201E-11
   256.0 0.2726805E-11
   257.0 0.2666288E-11
   258.0 0.2609218E-11
   259.0 0.2557057E-11
   260.0 0.2511110E-11
   261.0 0.2472511E-11
   262.0 0.2442194E-11
   263.0 0.2420866E-11
   264.0 0.2409005E-11
   265.0 0.2406844E-11
   266.0 0.2414358E-11
   267.0 0.2431292E-11
   268.0 0.2457147E-11
   269.0 0.2491201E-11
   270.0 0.2532535E-11
   271.0 0.2580048E-11
   272.0 0.2632490E-11
   273.0 0.2688497E-11
   274.0 0.2746618E-11
   275.0 0.2805358E-11
   276.0 0.2863213E-11
   277.0 0.2918707E-11
   278.0 0.2970433E-11
   279.0 0.3017084E-11
   280.0 0.3057482E-11
   281.0 0.3090623E-11
   282.0 0.3115686E-11
   283.0 0.3132059E-11
   284.0 0.3139355E-11
   285.0 0.3137429E-11
   286.0 0.3126370E-11
   287.0 0.3106507E-11
   288.0 0.3078391E-11
   289.0 0.3042801E-11
   290.0 0.3000700E-11
   291.0 0.2953229E-11
   292.0 0.2901669E-11
   293.0 0.2847397E-11
   294.0 0.2791876E-11
   295.0 0.2736582E-11
   296.0 0.2682985E-11
   297.0 0.2632501E-11
   298.0 0.2586442E-11
   299.0 0.2545985E-11
   300.0 0.2512126E-11
   301.0 0.2485653E-11
   302.0 0.2467109E-11
   303.0 0.2456767E-11
   304.0 0.2454612E-11
   305.0 0.2460329E-11
   306.0 0.2473295E-11
   307.0 0.2492586E-11
   308.0 0.2516986E-11
   309.0 0.2544997E-11
   310.0 0.2574884E-11
   311.0 0.2604691E-11
   312.0 0.2632295E-11
   313.0 0.2655446E-11
   314.0 0.2671828E-11
   315.0 0.2679115E-11
   316.0 0.2675032E-11
   317.0 0.2657416E-11
   318.0 0.2624298E-11
   319.0 0.2573943E-11
   320.0 0.2504935E-11
   321.0 0.2416216E-11
   322.0 0.2307150E-11
   323.0 0.2177571E-11
   324.0 0.2027804E-11
   325.0 0.1858708E-11
   326.0 0.1671678E-11
   327.0 0.1468658E-11
   328.0 0.1252121E-11
   329.0 0.1025047E-11
   330.0 0.7908878E-12
   331.0 0.5535049E-12
   332.0 0.3171214E-12
   333.0 0.8621642E-13
   334.0 -.1345384E-12
   335.0 -.3403982E-12
   336.0 -.5266468E-12
   337.0 -.6887179E-12
   338.0 -.8222957E-12
   339.0 -.9234690E-12
   340.0 -.9888107E-12
   341.0 -.1015529E-11
   342.0 -.1001551E-11
   343.0 -.9456223E-12
   344.0 -.8474008E-12
   345.0 -.7075141E-12
   346.0 -.5276052E-12
   347.0 -.3103772E-12
   348.0 -.5957092E-13
   349.0 0.2200293E-12
   350.0 0.5226637E-12
   351.0 0.8416509E-12
   352.0 0.1169496E-11
   353.0 0.1498010E-11
   354.0 0.1818448E-11
   355.0 0.2121696E-11
   356.0 0.2398431E-11
   357.0 0.2639339E-11
   358.0 0.2835324E-11
   359.0 0.2977730E-11
   360.0 0.3058558E-11
   361.0 0.3070688E-11
   362.0 0.3008097E-11
   363.0 0.2866052E-11
   364.0 0.2641291E-11
   365.0 0.2332188E-11
   366.0 0.1938868E-11
   367.0 0.1463313E-11
   368.0 0.9094157E-12
   369.0 0.2830046E-12
   370.0 -.4081917E-12
   371.0 -.1154607E-11
   372.0 -.1944954E-11
   373.0 -.2766382E-11
   374.0 -.3604677E-11
   375.0 -.4444518E-11
   376.0 -.5269752E-11
   377.0 -.6063686E-11
   378.0 -.6809472E-11
   379.0 -.7490420E-11
   380.0 -.8090428E-11
   381.0 -.8594308E-11
   382.0 -.8988202E-11
   383.0 -.9259944E-11
   384.0 -.9399390E-11
   385.0 -.9398744E-11
   386.0 -.9252845E-11
   387.0 -.8959409E-11
   388.0 -.8519191E-11
   389.0 -.7936106E-11
   390.0 -.7217304E-11
   391.0 -.6373167E-11
   392.0 -.5417191E-11
   393.0 -.4365886E-11
   394.0 -.3238479E-11
   395.0 -.2056698E-11
   396.0 -.8443453E-12
   397.0 0.3730914E-12
   398.0 0.1568925E-11
   399.0 0.2715785E-11
   400.0 0.3786198E-11
   401.0 0.4753137E-11
   402.0 0.5590638E-11
   403.0 0.6274402E-11
   404.0 0.6782347E-11
   405.0 0.7095225E-11
   406.0 0.7197069E-11
   407.0 0.7075717E-11
   408.0 0.6723175E-11
   409.0 0.6135986E-11
   410.0 0.5315448E-11
   411.0 0.4267761E-11
   412.0 0.3004118E-11
   413.0 0.1540606E-11
   414.0 -.1019134E-12
   415.0 -.1898082E-11
   416.0 -.3818402E-11
   417.0 -.5829694E-11
   418.0 -.7895698E-11
   419.0 -.9977626E-11
   420.0 -.1203495E-10
   421.0 -.1402619E-10
   422.0 -.1590963E-10
   423.0 -.1764427E-10
   424.0 -.1919064E-10
   425.0 -.2051164E-10
   426.0 -.2157341E-10
   427.0 -.2234616E-10
   428.0 -.2280477E-10
   429.0 -.2292959E-10
   430.0 -.2270687E-10
   431.0 -.2212943E-10
   432.0 -.2119683E-10
   433.0 -.1991569E-10
   434.0 -.1829970E-10
   435.0 -.1636960E-10
   436.0 -.1415306E-10
   437.0 -.1168427E-10
   438.0 -.9003476E-11
   439.0 -.6156400E-11
   440.0 -.3193500E-11
   441.0 -.1691382E-12
   442.0 0.2859363E-11
   443.0 0.5832726E-11
   444.0 0.8690826E-11
   445.0 0.1137382E-10
   446.0 0.1382323E-10
   447.0 0.1598322E-10
   448.0 0.1780162E-10
   449.0 0.1923115E-10
   450.0 0.2023023E-10
   451.0 0.2076427E-10
   452.0 0.2080617E-10
   453.0 0.2033731E-10
   454.0 0.1934798E-10
   455.0 0.1783799E-10
   456.0 0.1581681E-10
   457.0 0.1330372E-10
   458.0 0.1032791E-10
   459.0 0.6927997E-11
   460.0 0.3151885E-11
   461.0 -.9439921E-12
   462.0 -.5295307E-11
   463.0 -.9830733E-11
   464.0 -.1447303E-10
   465.0 -.1914011E-10
   466.0 -.2374639E-10
   467.0 -.2820406E-10
   468.0 -.3242454E-10
   469.0 -.3631996E-10
   470.0 -.3980464E-10
   471.0 -.4279670E-10
   472.0 -.4521910E-10
   473.0 -.4700162E-10
   474.0 -.4808174E-10
   475.0 -.4840633E-10
   476.0 -.4793221E-10
   477.0 -.4662768E-10
   478.0 -.4447314E-10
   479.0 -.4146147E-10
   480.0 -.3759913E-10
   481.0 -.3290584E-10
   482.0 -.2741502E-10
   483.0 -.2117350E-10
   484.0 -.1424122E-10
   485.0 -.6690647E-11
   486.0 0.1393884E-11
   487.0 0.9917313E-11
   488.0 0.1877489E-10
   489.0 0.2785351E-10
   490.0 0.3703324E-10
   491.0 0.4618911E-10
   492.0 0.5519253E-10
   493.0 0.6391335E-10
   494.0 0.7222201E-10
   495.0 0.7999090E-10
   496.0 0.8709718E-10
   497.0 0.9342418E-10
   498.0 0.9886323E-10
   499.0 0.1033161E-09
   500.0 0.1066964E-09
   501.0 0.1089312E-09
   502.0 0.1099625E-09
   503.0 0.1097482E-09
   504.0 0.1082641E-09
   505.0 0.1055036E-09
   506.0 0.1014791E-09
   507.0 0.9622114E-10
   508.0 0.8978002E-10
   509.0 0.8222397E-10
   510.0 0.7363929E-10
   511.0 0.6412928E-10
   512.0 0.5381285E-10
   513.0 0.4282338E-10
   514.0 0.3130641E-10
   515.0 0.1941796E-10
   516.0 0.7322298E-11
   517.0 -.4810756E-11
   518.0 -.1680827E-10
   519.0 -.2849700E-10
   520.0 -.3970618E-10
   521.0 -.5027040E-10
   522.0 -.6003233E-10
   523.0 -.6884557E-10
   524.0 -.7657754E-10
   525.0 -.8311123E-10
   526.0 -.8834836E-10
   527.0 -.9221077E-10
   528.0 -.9464243E-10
   529.0 -.9561027E-10
   530.0 -.9510627E-10
   531.0 -.9314668E-10
   532.0 -.8977336E-10
   533.0 -.8505240E-10
   534.0 -.7907428E-10
   535.0 -.7195231E-10
   536.0 -.6382071E-10
   537.0 -.5483305E-10
   538.0 -.4515948E-10
   539.0 -.3498412E-10
   540.0 -.2450162E-10
   541.0 -.1391436E-10
   542.0 -.3428048E-11
   543.0 0.6751234E-11
   544.0 0.1642139E-10
   545.0 0.2538772E-10
   546.0 0.3346692E-10
   547.0 0.4049077E-10
   548.0 0.4630910E-10
   549.0 0.5079320E-10
   550.0 0.5383872E-10
   551.0 0.5536739E-10
   552.0 0.5532953E-10
   553.0 0.5370508E-10
   554.0 0.5050448E-10
   555.0 0.4576863E-10
   556.0 0.3956871E-10
   557.0 0.3200556E-10
   558.0 0.2320730E-10
   559.0 0.1332788E-10
   560.0 0.2543972E-11
   561.0 -.8947866E-11
   562.0 -.2093512E-10
   563.0 -.3319302E-10
   564.0 -.4548897E-10
   565.0 -.5758702E-10
   566.0 -.6925244E-10
   567.0 -.8025640E-10
   568.0 -.9038057E-10
   569.0 -.9942144E-10
   570.0 -.1071947E-09
   571.0 -.1135389E-09
   572.0 -.1183191E-09
   573.0 -.1214293E-09
   574.0 -.1227958E-09
   575.0 -.1223774E-09
   576.0 -.1201679E-09
   577.0 -.1161961E-09
   578.0 -.1105247E-09
   579.0 -.1032507E-09
   580.0 -.9450182E-10
   581.0 -.8443612E-10
   582.0 -.7323733E-10
   583.0 -.6111214E-10
   584.0 -.4828591E-10
   585.0 -.3499805E-10
   586.0 -.2149753E-10
   587.0 -.8037490E-11
   588.0 0.5129585E-11
   589.0 0.1775725E-10
   590.0 0.2961001E-10
   591.0 0.4046802E-10
   592.0 0.5013204E-10
   593.0 0.5842691E-10
   594.0 0.6520560E-10
   595.0 0.7035207E-10
   596.0 0.7378348E-10
   597.0 0.7545213E-10
   598.0 0.7534608E-10
   599.0 0.7348948E-10
   600.0 0.6994189E-10
   601.0 0.6479655E-10
   602.0 0.5817923E-10
   603.0 0.5024415E-10
   604.0 0.4117163E-10
   605.0 0.3116365E-10
   606.0 0.2043929E-10
   607.0 0.9230258E-11
   608.0 -.2224087E-11
   609.0 -.1368232E-10
   610.0 -.2490575E-10
   611.0 -.3566378E-10
   612.0 -.4573877E-10
   613.0 -.5493059E-10
   614.0 -.6306072E-10
   615.0 -.6997631E-10
   616.0 -.7555292E-10
   617.0 -.7969692E-10
   618.0 -.8234747E-10
   619.0 -.8347743E-10
   620.0 -.8309330E-10
   621.0 -.8123521E-10
   622.0 -.7797508E-10
   623.0 -.7341469E-10
   624.0 -.6768341E-10
   625.0 -.6093446E-10
   626.0 -.5334096E-10
   627.0 -.4509231E-10
   628.0 -.3638897E-10
   629.0 -.2743798E-10
   630.0 -.1844799E-10
   631.0 -.9624300E-11
   632.0 -.1164296E-11
   633.0 0.6747574E-11
   634.0 0.1394353E-10
   635.0 0.2027641E-10
   636.0 0.2562284E-10
   637.0 0.2988606E-10
   638.0 0.3299760E-10
   639.0 0.3491881E-10
   640.0 0.3564138E-10
   641.0 0.3518679E-10
   642.0 0.3360568E-10
   643.0 0.3097651E-10
   644.0 0.2740259E-10
   645.0 0.2300973E-10
   646.0 0.1794233E-10
   647.0 0.1236031E-10
   648.0 0.6433845E-11
   649.0 0.3397919E-12
   650.0 -.5743038E-11
   651.0 -.1163862E-10
   652.0 -.1717862E-10
   653.0 -.2220555E-10
   654.0 -.2657761E-10
   655.0 -.3017199E-10
   656.0 -.3288779E-10
   657.0 -.3464852E-10
   658.0 -.3540400E-10
   659.0 -.3513143E-10
   660.0 -.3383576E-10
   661.0 -.3154951E-10
   662.0 -.2833194E-10
   663.0 -.2426692E-10
   664.0 -.1946115E-10
   665.0 -.1404106E-10
   666.0 -.8149407E-11
   667.0 -.1941561E-11
   668.0 0.4418791E-11
   669.0 0.1076338E-10
   670.0 0.1692471E-10
   671.0 0.2273965E-10
   672.0 0.2805429E-10
   673.0 0.3272739E-10
   674.0 0.3663498E-10
   675.0 0.3967279E-10
   676.0 0.4175970E-10
   677.0 0.4283974E-10
   678.0 0.4288318E-10
   679.0 0.4188844E-10
   680.0 0.3988124E-10
   681.0 0.3691468E-10
   682.0 0.3306771E-10
   683.0 0.2844340E-10
   684.0 0.2316644E-10
   685.0 0.1737969E-10
   686.0 0.1124118E-10
   687.0 0.4919585E-11
   688.0 -.1409676E-11
   689.0 -.7569194E-11
   690.0 -.1338357E-10
   691.0 -.1868453E-10
   692.0 -.2331489E-10
   693.0 -.2713250E-10
   694.0 -.3001437E-10
   695.0 -.3185946E-10
   696.0 -.3259168E-10
   697.0 -.3216168E-10
   698.0 -.3054832E-10
   699.0 -.2775944E-10
   700.0 -.2383177E-10
   701.0 -.1883004E-10
   702.0 -.1284548E-10
   703.0 -.5993628E-11
   704.0 0.1588205E-11
   705.0 0.9744709E-11
   706.0 0.1830632E-10
   707.0 0.2709313E-10
   708.0 0.3591976E-10
   709.0 0.4459983E-10
   710.0 0.5295046E-10
   711.0 0.6079744E-10
   712.0 0.6797877E-10
   713.0 0.7434962E-10
   714.0 0.7978514E-10
   715.0 0.8418433E-10
   716.0 0.8747210E-10
   717.0 0.8960139E-10
   718.0 0.9055411E-10
   719.0 0.9034144E-10
   720.0 0.8900404E-10
   721.0 0.8661001E-10
   722.0 0.8325376E-10
   723.0 0.7905312E-10
   724.0 0.7414594E-10
   725.0 0.6868679E-10
   726.0 0.6284247E-10
   727.0 0.5678748E-10
   728.0 0.5069948E-10
   729.0 0.4475384E-10
   730.0 0.3911995E-10
   731.0 0.3395508E-10
   732.0 0.2940140E-10
   733.0 0.2558100E-10
   734.0 0.2259292E-10
   735.0 0.2051037E-10
   736.0 0.1937842E-10
   737.0 0.1921286E-10
   738.0 0.1999940E-10
   739.0 0.2169430E-10
   740.0 0.2422522E-10
   741.0 0.2749357E-10
   742.0 0.3137708E-10
   743.0 0.3573328E-10
   744.0 0.4040374E-10
   745.0 0.4521853E-10
   746.0 0.5000187E-10
   747.0 0.5457685E-10
   748.0 0.5877115E-10
   749.0 0.6242278E-10
   750.0 0.6538533E-10
   751.0 0.6753264E-10
   752.0 0.6876372E-10
   753.0 0.6900663E-10
   754.0 0.6822175E-10
   755.0 0.6640400E-10
   756.0 0.6358427E-10
   757.0 0.5983034E-10
   758.0 0.5524528E-10
   759.0 0.4996707E-10
   760.0 0.4416455E-10
   761.0 0.3803528E-10
   762.0 0.3179886E-10
   763.0 0.2569347E-10
   764.0 0.1996803E-10
   765.0 0.1487610E-10
   766.0 0.1066832E-10
   767.0 0.7585141E-11
   768.0 0.5848763E-11
   769.0 0.5656020E-11
   770.0 0.7170873E-11
   771.0 0.1051829E-10
   772.0 0.1577824E-10
   773.0 0.2298026E-10
   774.0 0.3210022E-10
   775.0 0.4305721E-10
   776.0 0.5571297E-10
   777.0 0.6987110E-10
   778.0 0.8528003E-10
   779.0 0.1016349E-09
   780.0 0.1185832E-09
   781.0 0.1357306E-09
   782.0 0.1526491E-09
   783.0 0.1688848E-09
   784.0 0.1839691E-09
   785.0 0.1974287E-09
   786.0 0.2087974E-09
   787.0 0.2176279E-09
   788.0 0.2235040E-09
   789.0 0.2260524E-09
   790.0 0.2249546E-09
   791.0 0.2199572E-09
   792.0 0.2108816E-09
   793.0 0.1976334E-09
   794.0 0.1802082E-09
   795.0 0.1586970E-09
   796.0 0.1332905E-09
   797.0 0.1042786E-09
   798.0 0.7204991E-10
   799.0 0.3708815E-10
   800.0 -.3376827E-13
   801.0 -.3866192E-10
   802.0 -.7807242E-10
   803.0 -.1174834E-09
   804.0 -.1560699E-09
   805.0 -.1929795E-09
   806.0 -.2273508E-09
   807.0 -.2583311E-09
   808.0 -.2850960E-09
   809.0 -.3068693E-09
   810.0 -.3229412E-09
   811.0 -.3326887E-09
   812.0 -.3355918E-09
   813.0 -.3312517E-09
   814.0 -.3194020E-09
   815.0 -.2999239E-09
   816.0 -.2728550E-09
   817.0 -.2383938E-09
   818.0 -.1969056E-09
   819.0 -.1489206E-09
   820.0 -.9513200E-10
   821.0 -.3638602E-10
   822.0 0.2632645E-10
   823.0 0.9188610E-10
   824.0 0.1590613E-09
   825.0 0.2265312E-09
   826.0 0.2929072E-09
   827.0 0.3567600E-09
   828.0 0.4166490E-09
   829.0 0.4711492E-09
   830.0 0.5188825E-09
   831.0 0.5585502E-09
   832.0 0.5889594E-09
   833.0 0.6090551E-09
   834.0 0.6179471E-09
   835.0 0.6149329E-09
   836.0 0.5995242E-09
   837.0 0.5714605E-09
   838.0 0.5307273E-09
   839.0 0.4775652E-09
   840.0 0.4124732E-09
   841.0 0.3362133E-09
   842.0 0.2498003E-09
   843.0 0.1544950E-09
   844.0 0.5178499E-10
   845.0 -.5663391E-10
   846.0 -.1688863E-09
   847.0 -.2829471E-09
   848.0 -.3966760E-09
   849.0 -.5078594E-09
   850.0 -.6142473E-09
   851.0 -.7136022E-09
   852.0 -.8037416E-09
   853.0 -.8825849E-09
   854.0 -.9481995E-09
   855.0 -.9988419E-09
   856.0 -.1033005E-08
   857.0 -.1049451E-08
   858.0 -.1047248E-08
   859.0 -.1025805E-08
   860.0 -.9848838E-09
   861.0 -.9246296E-09
   862.0 -.8455718E-09
   863.0 -.7486326E-09
   864.0 -.6351200E-09
   865.0 -.5067162E-09
   866.0 -.3654578E-09
   867.0 -.2137052E-09
   868.0 -.5411022E-10
   869.0 0.1104280E-09
   870.0 0.2768112E-09
   871.0 0.4417981E-09
   872.0 0.6020597E-09
   873.0 0.7542470E-09
   874.0 0.8950528E-09
   875.0 0.1021277E-08
   876.0 0.1129899E-08
   877.0 0.1218134E-08
   878.0 0.1283509E-08
   879.0 0.1323908E-08
   880.0 0.1337628E-08
   881.0 0.1323437E-08
   882.0 0.1280599E-08
   883.0 0.1208915E-08
   884.0 0.1108741E-08
   885.0 0.9809956E-09
   886.0 0.8271689E-09
   887.0 0.6493069E-09
   888.0 0.4499867E-09
   889.0 0.2322920E-09
   890.0 -.2372299E-12
   891.0 -.2436549E-09
   892.0 -.4936734E-09
   893.0 -.7457362E-09
   894.0 -.9950940E-09
   895.0 -.1236893E-08
   896.0 -.1466266E-08
   897.0 -.1678422E-08
   898.0 -.1868746E-08
   899.0 -.2032880E-08
   900.0 -.2166843E-08
   901.0 -.2267081E-08
   902.0 -.2330582E-08
   903.0 -.2354926E-08
   904.0 -.2338376E-08
   905.0 -.2279901E-08
   906.0 -.2179257E-08
   907.0 -.2036963E-08
   908.0 -.1854381E-08
   909.0 -.1633657E-08
   910.0 -.1377743E-08
   911.0 -.1090354E-08
   912.0 -.7759188E-09
   913.0 -.4395296E-09
   914.0 -.8685625E-10
   915.0 0.2759326E-09
   916.0 0.6422760E-09
   917.0 0.1005326E-08
   918.0 0.1358065E-08
   919.0 0.1693442E-08
   920.0 0.2004481E-08
   921.0 0.2284442E-08
   922.0 0.2526917E-08
   923.0 0.2725986E-08
   924.0 0.2876339E-08
   925.0 0.2973370E-08
   926.0 0.3013319E-08
   927.0 0.2993335E-08
   928.0 0.2911566E-08
   929.0 0.2767237E-08
   930.0 0.2560690E-08
   931.0 0.2293395E-08
   932.0 0.1967996E-08
   933.0 0.1588262E-08
   934.0 0.1159096E-08
   935.0 0.6864413E-09
   936.0 0.1772416E-09
   937.0 -.3606671E-09
   938.0 -.9186568E-09
   939.0 -.1487441E-08
   940.0 -.2057208E-08
   941.0 -.2617782E-08
   942.0 -.3158781E-08
   943.0 -.3669790E-08
   944.0 -.4140548E-08
   945.0 -.4561108E-08
   946.0 -.4922009E-08
   947.0 -.5214500E-08
   948.0 -.5430666E-08
   949.0 -.5563565E-08
   950.0 -.5607409E-08
   951.0 -.5557694E-08
   952.0 -.5411290E-08
   953.0 -.5166521E-08
   954.0 -.4823279E-08
   955.0 -.4383008E-08
   956.0 -.3848769E-08
   957.0 -.3225212E-08
   958.0 -.2518549E-08
   959.0 -.1736487E-08
   960.0 -.8881566E-09
   961.0 0.1601304E-10
   962.0 0.9644116E-09
   963.0 0.1944410E-08
   964.0 0.2942540E-08
   965.0 0.3944665E-08
   966.0 0.4936198E-08
   967.0 0.5902332E-08
   968.0 0.6828213E-08
   969.0 0.7699258E-08
   970.0 0.8501216E-08
   971.0 0.9220635E-08
   972.0 0.9844848E-08
   973.0 0.1036232E-07
   974.0 0.1076280E-07
   975.0 0.1103752E-07
   976.0 0.1117928E-07
   977.0 0.1118272E-07
   978.0 0.1104423E-07
   979.0 0.1076228E-07
   980.0 0.1033726E-07
   981.0 0.9771651E-08
   982.0 0.9069922E-08
   983.0 0.8238560E-08
   984.0 0.7285966E-08
   985.0 0.6222395E-08
   986.0 0.5059778E-08
   987.0 0.3811636E-08
   988.0 0.2492844E-08
   989.0 0.1119481E-08
   990.0 -.2914125E-09
   991.0 -.1722074E-08
   992.0 -.3154247E-08
   993.0 -.4569445E-08
   994.0 -.5949223E-08
   995.0 -.7275421E-08
   996.0 -.8530444E-08
   997.0 -.9697520E-08
   998.0 -.1076092E-07
   999.0 -.1170618E-07
  1000.0 -.1252038E-07
  1001.0 -.1319228E-07
  1002.0 -.1371251E-07
  1003.0 -.1407365E-07
  1004.0 -.1427049E-07
  1005.0 -.1429994E-07
  1006.0 -.1416122E-07
  1007.0 -.1385581E-07
  1008.0 -.1338746E-07
  1009.0 -.1276211E-07
  1010.0 -.1198786E-07
  1011.0 -.1107484E-07
  1012.0 -.1003506E-07
  1013.0 -.8882273E-08
  1014.0 -.7631728E-08
  1015.0 -.6300042E-08
  1016.0 -.4904866E-08
  1017.0 -.3464716E-08
  1018.0 -.1998675E-08
  1019.0 -.5261311E-09
  1020.0 0.9334969E-09
  1021.0 0.2361036E-08
  1022.0 0.3737833E-08
  1023.0 0.5046005E-08
  1024.0 0.6268694E-08
  1025.0 0.7390320E-08
  1026.0 0.8396806E-08
  1027.0 0.9275694E-08
  1028.0 0.1001642E-07
  1029.0 0.1061041E-07
  1030.0 0.1105120E-07
  1031.0 0.1133452E-07
  1032.0 0.1145834E-07
  1033.0 0.1142288E-07
  1034.0 0.1123062E-07
  1035.0 0.1088624E-07
  1036.0 0.1039655E-07
  1037.0 0.9770398E-08
  1038.0 0.9018442E-08
  1039.0 0.8153121E-08
  1040.0 0.7188348E-08
  1041.0 0.6139388E-08
  1042.0 0.5022555E-08
  1043.0 0.3855023E-08
  1044.0 0.2654543E-08
  1045.0 0.1439192E-08
  1046.0 0.2270962E-09
  1047.0 -.9638131E-09
  1048.0 -.2116086E-08
  1049.0 -.3212981E-08
  1050.0 -.4238730E-08
  1051.0 -.5178742E-08
  1052.0 -.6019804E-08
  1053.0 -.6750305E-08
  1054.0 -.7360357E-08
  1055.0 -.7841937E-08
  1056.0 -.8188986E-08
  1057.0 -.8397511E-08
  1058.0 -.8465608E-08
  1059.0 -.8393441E-08
  1060.0 -.8183300E-08
  1061.0 -.7839494E-08
  1062.0 -.7368308E-08
  1063.0 -.6777820E-08
  1064.0 -.6077860E-08
  1065.0 -.5279816E-08
  1066.0 -.4396416E-08
  1067.0 -.3441583E-08
  1068.0 -.2430184E-08
  1069.0 -.1377799E-08
  1070.0 -.3005059E-09
  1071.0 0.7853788E-09
  1072.0 0.1863544E-08
  1073.0 0.2917932E-08
  1074.0 0.3932956E-08
  1075.0 0.4893766E-08
  1076.0 0.5786427E-08
  1077.0 0.6598125E-08
  1078.0 0.7317387E-08
  1079.0 0.7934186E-08
  1080.0 0.8440082E-08
  1081.0 0.8828413E-08
  1082.0 0.9094266E-08
  1083.0 0.9234611E-08
  1084.0 0.9248300E-08
  1085.0 0.9136037E-08
  1086.0 0.8900431E-08
  1087.0 0.8545839E-08
  1088.0 0.8078339E-08
  1089.0 0.7505615E-08
  1090.0 0.6836815E-08
  1091.0 0.6082391E-08
  1092.0 0.5253967E-08
  1093.0 0.4364079E-08
  1094.0 0.3426027E-08
  1095.0 0.2453669E-08
  1096.0 0.1461184E-08
  1097.0 0.4628586E-09
  1098.0 -.5271172E-09
  1099.0 -.1494877E-08
  1100.0 -.2427069E-08
  1101.0 -.3311071E-08
  1102.0 -.4135137E-08
  1103.0 -.4888591E-08
  1104.0 -.5561957E-08
  1105.0 -.6147098E-08
  1106.0 -.6637306E-08
  1107.0 -.7027379E-08
  1108.0 -.7313699E-08
  1109.0 -.7494238E-08
  1110.0 -.7568525E-08
  1111.0 -.7537764E-08
  1112.0 -.7404623E-08
  1113.0 -.7173260E-08
  1114.0 -.6849207E-08
  1115.0 -.6439286E-08
  1116.0 -.5951438E-08
  1117.0 -.5394632E-08
  1118.0 -.4778677E-08
  1119.0 -.4114038E-08
  1120.0 -.3411713E-08
  1121.0 -.2683021E-08
  1122.0 -.1939425E-08
  1123.0 -.1192350E-08
  1124.0 -.4530423E-09
  1125.0 0.2676576E-09
  1126.0 0.9594258E-09
  1127.0 0.1612622E-08
  1128.0 0.2218427E-08
  1129.0 0.2768941E-08
  1130.0 0.3257308E-08
  1131.0 0.3677786E-08
  1132.0 0.4025803E-08
  1133.0 0.4298006E-08
  1134.0 0.4492303E-08
  1135.0 0.4607828E-08
  1136.0 0.4644935E-08
  1137.0 0.4605198E-08
  1138.0 0.4491302E-08
  1139.0 0.4307011E-08
  1140.0 0.4057047E-08
  1141.0 0.3747028E-08
  1142.0 0.3383318E-08
  1143.0 0.2972959E-08
  1144.0 0.2523486E-08
  1145.0 0.2042829E-08
  1146.0 0.1539165E-08
  1147.0 0.1020800E-08
  1148.0 0.4960131E-09
  1149.0 -.2705390E-10
  1150.0 -.5405282E-09
  1151.0 -.1036911E-08
  1152.0 -.1509196E-08
  1153.0 -.1950947E-08
  1154.0 -.2356395E-08
  1155.0 -.2720486E-08
  1156.0 -.3038961E-08
  1157.0 -.3308360E-08
  1158.0 -.3526093E-08
  1159.0 -.3690408E-08
  1160.0 -.3800422E-08
  1161.0 -.3856063E-08
  1162.0 -.3858088E-08
  1163.0 -.3808006E-08
  1164.0 -.3708041E-08
  1165.0 -.3561079E-08
  1166.0 -.3370568E-08
  1167.0 -.3140485E-08
  1168.0 -.2875218E-08
  1169.0 -.2579513E-08
  1170.0 -.2258369E-08
  1171.0 -.1916944E-08
  1172.0 -.1560519E-08
  1173.0 -.1194357E-08
  1174.0 -.8236566E-09
  1175.0 -.4534777E-09
  1176.0 -.8867496E-10
  1177.0 0.2661753E-09
  1178.0 0.6068107E-09
  1179.0 0.9293361E-09
  1180.0 0.1230261E-08
  1181.0 0.1506529E-08
  1182.0 0.1755536E-08
  1183.0 0.1975139E-08
  1184.0 0.2163667E-08
  1185.0 0.2319914E-08
  1186.0 0.2443141E-08
  1187.0 0.2533048E-08
  1188.0 0.2589754E-08
  1189.0 0.2613785E-08
  1190.0 0.2606030E-08
  1191.0 0.2567723E-08
  1192.0 0.2500401E-08
  1193.0 0.2405876E-08
  1194.0 0.2286184E-08
  1195.0 0.2143572E-08
  1196.0 0.1980444E-08
  1197.0 0.1799336E-08
  1198.0 0.1602882E-08
  1199.0 0.1393778E-08
  1200.0 0.1174763E-08
  1201.0 0.9485819E-09
  1202.0 0.7179607E-09
  1203.0 0.4855952E-09
  1204.0 0.2541173E-09
  1205.0 0.2608417E-10
  1206.0 -.1960434E-09
  1207.0 -.4099138E-09
  1208.0 -.6133022E-09
  1209.0 -.8041181E-09
  1210.0 -.9804247E-09
  1211.0 -.1140444E-08
  1212.0 -.1282578E-08
  1213.0 -.1405406E-08
  1214.0 -.1507714E-08
  1215.0 -.1588483E-08
  1216.0 -.1646922E-08
  1217.0 -.1682469E-08
  1218.0 -.1694795E-08
  1219.0 -.1683815E-08
  1220.0 -.1649709E-08
  1221.0 -.1592914E-08
  1222.0 -.1514135E-08
  1223.0 -.1414344E-08
  1224.0 -.1294785E-08
  1225.0 -.1156969E-08
  1226.0 -.1002667E-08
  1227.0 -.8339001E-09
  1228.0 -.6529258E-09
  1229.0 -.4622210E-09
  1230.0 -.2644578E-09
  1231.0 -.6247551E-10
  1232.0 0.1407468E-09
  1233.0 0.3421320E-09
  1234.0 0.5385389E-09
  1235.0 0.7268092E-09
  1236.0 0.9038137E-09
  1237.0 0.1066496E-08
  1238.0 0.1211938E-08
  1239.0 0.1337391E-08
  1240.0 0.1440340E-08
  1241.0 0.1518556E-08
  1242.0 0.1570132E-08
  1243.0 0.1593545E-08
  1244.0 0.1587682E-08
  1245.0 0.1551884E-08
  1246.0 0.1485976E-08
  1247.0 0.1390281E-08
  1248.0 0.1265651E-08
  1249.0 0.1113454E-08
  1250.0 0.9355797E-09
  1251.0 0.7344281E-09
  1252.0 0.5128826E-09
  1253.0 0.2742754E-09
  1254.0 0.2234829E-10
  1255.0 -.2388025E-09
  1256.0 -.5047872E-09
  1257.0 -.7709923E-09
  1258.0 -.1032655E-08
  1259.0 -.1284948E-08
  1260.0 -.1523063E-08
  1261.0 -.1742305E-08
  1262.0 -.1938179E-08
  1263.0 -.2106481E-08
  1264.0 -.2243387E-08
  1265.0 -.2345534E-08
  1266.0 -.2410101E-08
  1267.0 -.2434879E-08
  1268.0 -.2418325E-08
  1269.0 -.2359621E-08
  1270.0 -.2258701E-08
  1271.0 -.2116288E-08
  1272.0 -.1933884E-08
  1273.0 -.1713775E-08
  1274.0 -.1459016E-08
  1275.0 -.1173374E-08
  1276.0 -.8612907E-09
  1277.0 -.5278124E-09
  1278.0 -.1784952E-09
  1279.0 0.1806757E-09
  1280.0 0.5433931E-09
  1281.0 0.9031574E-09
  1282.0 0.1253379E-08
  1283.0 0.1587523E-08
  1284.0 0.1899233E-08
  1285.0 0.2182454E-08
  1286.0 0.2431575E-08
  1287.0 0.2641549E-08
  1288.0 0.2807984E-08
  1289.0 0.2927289E-08
  1290.0 0.2996715E-08
  1291.0 0.3014470E-08
  1292.0 0.2979750E-08
  1293.0 0.2892794E-08
  1294.0 0.2754888E-08
  1295.0 0.2568370E-08
  1296.0 0.2336598E-08
  1297.0 0.2063902E-08
  1298.0 0.1755508E-08
  1299.0 0.1417468E-08
  1300.0 0.1056517E-08
  1301.0 0.6799703E-09
  1302.0 0.2955613E-09
  1303.0 -.8869977E-10
  1304.0 -.4647174E-09
  1305.0 -.8244607E-09
  1306.0 -.1160160E-08
  1307.0 -.1464474E-08
  1308.0 -.1730669E-08
  1309.0 -.1952779E-08
  1310.0 -.2125767E-08
  1311.0 -.2245659E-08
  1312.0 -.2309647E-08
  1313.0 -.2316236E-08
  1314.0 -.2265242E-08
  1315.0 -.2157896E-08
  1316.0 -.1996844E-08
  1317.0 -.1786109E-08
  1318.0 -.1531076E-08
  1319.0 -.1238392E-08
  1320.0 -.9158680E-09
  1321.0 -.5723387E-09
  1322.0 -.2174977E-09
  1323.0 0.1382919E-09
  1324.0 0.4842121E-09
  1325.0 0.8092207E-09
  1326.0 0.1102290E-08
  1327.0 0.1352656E-08
  1328.0 0.1550095E-08
  1329.0 0.1685150E-08
  1330.0 0.1749394E-08
  1331.0 0.1735674E-08
  1332.0 0.1638323E-08
  1333.0 0.1453352E-08
  1334.0 0.1178609E-08
  1335.0 0.8139493E-09
  1336.0 0.3613039E-09
  1337.0 -.1752531E-09
  1338.0 -.7894712E-09
  1339.0 -.1472975E-08
  1340.0 -.2215297E-08
  1341.0 -.3004032E-08
  1342.0 -.3824970E-08
  1343.0 -.4662327E-08
  1344.0 -.5498944E-08
  1345.0 -.6316635E-08
  1346.0 -.7096411E-08
  1347.0 -.7818899E-08
  1348.0 -.8464725E-08
  1349.0 -.9014709E-08
  1350.0 -.9450517E-08
  1351.0 -.9754872E-08
  1352.0 -.9911955E-08
  1353.0 -.9907826E-08
  1354.0 -.9730759E-08
  1355.0 -.9371492E-08
  1356.0 -.8823605E-08
  1357.0 -.8083701E-08
  1358.0 -.7151606E-08
  1359.0 -.6030526E-08
  1360.0 -.4727116E-08
  1361.0 -.3251483E-08
  1362.0 -.1617188E-08
  1363.0 0.1588904E-09
  1364.0 0.2056729E-08
  1365.0 0.4053376E-08
  1366.0 0.6123229E-08
  1367.0 0.8238421E-08
  1368.0 0.1036917E-07
  1369.0 0.1248427E-07
  1370.0 0.1455151E-07
  1371.0 0.1653828E-07
  1372.0 0.1841196E-07
  1373.0 0.2014057E-07
  1374.0 0.2169337E-07
  1375.0 0.2304123E-07
  1376.0 0.2415729E-07
  1377.0 0.2501743E-07
  1378.0 0.2560070E-07
  1379.0 0.2588979E-07
  1380.0 0.2587133E-07
  1381.0 0.2553628E-07
  1382.0 0.2488016E-07
  1383.0 0.2390307E-07
  1384.0 0.2261003E-07
  1385.0 0.2101086E-07
  1386.0 0.1912010E-07
  1387.0 0.1695686E-07
  1388.0 0.1454474E-07
  1389.0 0.1191133E-07
  1390.0 0.9088016E-08
  1391.0 0.6109411E-08
  1392.0 0.3013001E-08
  1393.0 -.1615525E-09
  1394.0 -.3372884E-08
  1395.0 -.6578608E-08
  1396.0 -.9735897E-08
  1397.0 -.1280225E-07
  1398.0 -.1573603E-07
  1399.0 -.1849713E-07
  1400.0 -.2104768E-07
  1401.0 -.2335262E-07
  1402.0 -.2538012E-07
  1403.0 -.2710227E-07
  1404.0 -.2849540E-07
  1405.0 -.2954048E-07
  1406.0 -.3022344E-07
  1407.0 -.3053539E-07
  1408.0 -.3047282E-07
  1409.0 -.3003744E-07
  1410.0 -.2923637E-07
  1411.0 -.2808213E-07
  1412.0 -.2659192E-07
  1413.0 -.2478798E-07
  1414.0 -.2269692E-07
  1415.0 -.2034917E-07
  1416.0 -.1777885E-07
  1417.0 -.1502293E-07
  1418.0 -.1212087E-07
  1419.0 -.9113872E-08
  1420.0 -.6044263E-08
  1421.0 -.2954917E-08
  1422.0 0.1114482E-09
  1423.0 0.3112906E-08
  1424.0 0.6008945E-08
  1425.0 0.8761051E-08
  1426.0 0.1133328E-07
  1427.0 0.1369276E-07
  1428.0 0.1581015E-07
  1429.0 0.1766001E-07
  1430.0 0.1922121E-07
  1431.0 0.2047710E-07
  1432.0 0.2141567E-07
  1433.0 0.2202987E-07
  1434.0 0.2231727E-07
  1435.0 0.2228044E-07
  1436.0 0.2192654E-07
  1437.0 0.2126718E-07
  1438.0 0.2031829E-07
  1439.0 0.1909967E-07
  1440.0 0.1763459E-07
  1441.0 0.1594967E-07
  1442.0 0.1407398E-07
  1443.0 0.1203889E-07
  1444.0 0.9877440E-08
  1445.0 0.7623759E-08
  1446.0 0.5312624E-08
  1447.0 0.2978899E-08
  1448.0 0.6569905E-09
  1449.0 -.1619652E-08
  1450.0 -.3818991E-08
  1451.0 -.5910838E-08
  1452.0 -.7867312E-08
  1453.0 -.9663121E-08
  1454.0 -.1127596E-07
  1455.0 -.1268669E-07
  1456.0 -.1387960E-07
  1457.0 -.1484249E-07
  1458.0 -.1556690E-07
  1459.0 -.1604796E-07
  1460.0 -.1628450E-07
  1461.0 -.1627891E-07
  1462.0 -.1603711E-07
  1463.0 -.1556816E-07
  1464.0 -.1488439E-07
  1465.0 -.1400076E-07
  1466.0 -.1293484E-07
  1467.0 -.1170640E-07
  1468.0 -.1033706E-07
  1469.0 -.8849955E-08
  1470.0 -.7269322E-08
  1471.0 -.5620226E-08
  1472.0 -.3928041E-08
  1473.0 -.2218205E-08
  1474.0 -.5157882E-09
  1475.0 0.1154812E-08
  1476.0 0.2770236E-08
  1477.0 0.4308420E-08
  1478.0 0.5748900E-08
  1479.0 0.7073044E-08
  1480.0 0.8264281E-08
  1481.0 0.9308255E-08
  1482.0 0.1019298E-07
  1483.0 0.1090896E-07
  1484.0 0.1144925E-07
  1485.0 0.1180951E-07
  1486.0 0.1198791E-07
  1487.0 0.1198527E-07
  1488.0 0.1180484E-07
  1489.0 0.1145229E-07
  1490.0 0.1093552E-07
  1491.0 0.1026457E-07
  1492.0 0.9451380E-08
  1493.0 0.8509671E-08
  1494.0 0.7454626E-08
  1495.0 0.6302780E-08
  1496.0 0.5071680E-08
  1497.0 0.3779687E-08
  1498.0 0.2445709E-08
  1499.0 0.1088939E-08
  1500.0 -.2713950E-09
  1501.0 -.1616285E-08
  1502.0 -.2927178E-08
  1503.0 -.4186224E-08
  1504.0 -.5376498E-08
  1505.0 -.6482182E-08
  1506.0 -.7488793E-08
  1507.0 -.8383328E-08
  1508.0 -.9154454E-08
  1509.0 -.9792545E-08
  1510.0 -.1028991E-07
  1511.0 -.1064078E-07
  1512.0 -.1084138E-07
  1513.0 -.1089004E-07
  1514.0 -.1078706E-07
  1515.0 -.1053476E-07
  1516.0 -.1013748E-07
  1517.0 -.9601452E-08
  1518.0 -.8934658E-08
  1519.0 -.8146809E-08
  1520.0 -.7249151E-08
  1521.0 -.6254314E-08
  1522.0 -.5176134E-08
  1523.0 -.4029470E-08
  1524.0 -.2830003E-08
  1525.0 -.1594029E-08
  1526.0 -.3382182E-09
  1527.0 0.9205788E-09
  1528.0 0.2165572E-08
  1529.0 0.3380240E-08
  1530.0 0.4548564E-08
  1531.0 0.5655201E-08
  1532.0 0.6685730E-08
  1533.0 0.7626793E-08
  1534.0 0.8466274E-08
  1535.0 0.9193446E-08
  1536.0 0.9799143E-08
  1537.0 0.1027577E-07
  1538.0 0.1061752E-07
  1539.0 0.1082030E-07
  1540.0 0.1088187E-07
  1541.0 0.1080181E-07
  1542.0 0.1058149E-07
  1543.0 0.1022409E-07
  1544.0 0.9734467E-08
  1545.0 0.9119157E-08
  1546.0 0.8386165E-08
  1547.0 0.7544938E-08
  1548.0 0.6606195E-08
  1549.0 0.5581753E-08
  1550.0 0.4484406E-08
  1551.0 0.3327689E-08
  1552.0 0.2125777E-08
  1553.0 0.8932380E-09
  1554.0 -.3551092E-09
  1555.0 -.1604403E-08
  1556.0 -.2839891E-08
  1557.0 -.4047110E-08
  1558.0 -.5212058E-08
  1559.0 -.6321312E-08
  1560.0 -.7362202E-08
  1561.0 -.8322880E-08
  1562.0 -.9192510E-08
  1563.0 -.9961264E-08
  1564.0 -.1062045E-07
  1565.0 -.1116260E-07
  1566.0 -.1158142E-07
  1567.0 -.1187194E-07
  1568.0 -.1203044E-07
  1569.0 -.1205446E-07
  1570.0 -.1194285E-07
  1571.0 -.1169572E-07
  1572.0 -.1131437E-07
  1573.0 -.1080131E-07
  1574.0 -.1016024E-07
  1575.0 -.9395907E-08
  1576.0 -.8514169E-08
  1577.0 -.7521886E-08
  1578.0 -.6426892E-08
  1579.0 -.5237914E-08
  1580.0 -.3964539E-08
  1581.0 -.2617203E-08
  1582.0 -.1207083E-08
  1583.0 0.2539394E-09
  1584.0 0.1753304E-08
  1585.0 0.3277858E-08
  1586.0 0.4813906E-08
  1587.0 0.6347268E-08
  1588.0 0.7863322E-08
  1589.0 0.9347163E-08
  1590.0 0.1078359E-07
  1591.0 0.1215728E-07
  1592.0 0.1345284E-07
  1593.0 0.1465494E-07
  1594.0 0.1574851E-07
  1595.0 0.1671880E-07
  1596.0 0.1755156E-07
  1597.0 0.1823325E-07
  1598.0 0.1875116E-07
  1599.0 0.1909369E-07
  1600.0 0.1925051E-07
  1601.0 0.1921269E-07
  1602.0 0.1897303E-07
  1603.0 0.1852615E-07
  1604.0 0.1786884E-07
  1605.0 0.1700004E-07
  1606.0 0.1592116E-07
  1607.0 0.1463620E-07
  1608.0 0.1315184E-07
  1609.0 0.1147759E-07
  1610.0 0.9625767E-08
  1611.0 0.7611561E-08
  1612.0 0.5453010E-08
  1613.0 0.3170927E-08
  1614.0 0.7887417E-09
  1615.0 -.1667625E-08
  1616.0 -.4170042E-08
  1617.0 -.6688403E-08
  1618.0 -.9191008E-08
  1619.0 -.1164491E-07
  1620.0 -.1401632E-07
  1621.0 -.1627117E-07
  1622.0 -.1837552E-07
  1623.0 -.2029617E-07
  1624.0 -.2200107E-07
  1625.0 -.2346013E-07
  1626.0 -.2464552E-07
  1627.0 -.2553240E-07
  1628.0 -.2609940E-07
  1629.0 -.2632910E-07
  1630.0 -.2620852E-07
  1631.0 -.2572955E-07
  1632.0 -.2488926E-07
  1633.0 -.2369016E-07
  1634.0 -.2214044E-07
  1635.0 -.2025402E-07
  1636.0 -.1805054E-07
  1637.0 -.1555532E-07
  1638.0 -.1279915E-07
  1639.0 -.9817859E-08
  1640.0 -.6652075E-08
  1641.0 -.3346584E-08
  1642.0 0.5024081E-10
  1643.0 0.3487151E-08
  1644.0 0.6910806E-08
  1645.0 0.1026665E-07
  1646.0 0.1349975E-07
  1647.0 0.1655581E-07
  1648.0 0.1938220E-07
  1649.0 0.2192875E-07
  1650.0 0.2414893E-07
  1651.0 0.2600063E-07
  1652.0 0.2744715E-07
  1653.0 0.2845790E-07
  1654.0 0.2900935E-07
  1655.0 0.2908547E-07
  1656.0 0.2867819E-07
  1657.0 0.2778800E-07
  1658.0 0.2642401E-07
  1659.0 0.2460410E-07
  1660.0 0.2235471E-07
  1661.0 0.1971079E-07
  1662.0 0.1671514E-07
  1663.0 0.1341800E-07
  1664.0 0.9876237E-08
  1665.0 0.6152418E-08
  1666.0 0.2313830E-08
  1667.0 -.1568711E-08
  1668.0 -.5422109E-08
  1669.0 -.9172329E-08
  1670.0 -.1274581E-07
  1671.0 -.1607088E-07
  1672.0 -.1907915E-07
  1673.0 -.2170710E-07
  1674.0 -.2389718E-07
  1675.0 -.2559926E-07
  1676.0 -.2677182E-07
  1677.0 -.2738289E-07
  1678.0 -.2741104E-07
  1679.0 -.2684590E-07
  1680.0 -.2568893E-07
  1681.0 -.2395338E-07
  1682.0 -.2166468E-07
  1683.0 -.1885993E-07
  1684.0 -.1558771E-07
  1685.0 -.1190732E-07
  1686.0 -.7887853E-08
  1687.0 -.3607166E-08
  1688.0 0.8495690E-09
  1689.0 0.5391280E-08
  1690.0 0.9922695E-08
  1691.0 0.1434620E-07
  1692.0 0.1856371E-07
  1693.0 0.2247863E-07
  1694.0 0.2599792E-07
  1695.0 0.2903401E-07
  1696.0 0.3150677E-07
  1697.0 0.3334545E-07
  1698.0 0.3449025E-07
  1699.0 0.3489390E-07
  1700.0 0.3452321E-07
  1701.0 0.3335983E-07
  1702.0 0.3140129E-07
  1703.0 0.2866158E-07
  1704.0 0.2517123E-07
  1705.0 0.2097734E-07
  1706.0 0.1614302E-07
  1707.0 0.1074678E-07
  1708.0 0.4881203E-08
  1709.0 -.1348224E-08
  1710.0 -.7825019E-08
  1711.0 -.1442359E-07
  1712.0 -.2101157E-07
  1713.0 -.2745221E-07
  1714.0 -.3360697E-07
  1715.0 -.3933836E-07
  1716.0 -.4451248E-07
  1717.0 -.4900228E-07
  1718.0 -.5268976E-07
  1719.0 -.5546916E-07
  1720.0 -.5724914E-07
  1721.0 -.5795516E-07
  1722.0 -.5753163E-07
  1723.0 -.5594370E-07
  1724.0 -.5317830E-07
  1725.0 -.4924550E-07
  1726.0 -.4417892E-07
  1727.0 -.3803603E-07
  1728.0 -.3089759E-07
  1729.0 -.2286685E-07
  1730.0 -.1406867E-07
  1731.0 -.4647369E-08
  1732.0 0.5235225E-08
  1733.0 0.1540244E-07
  1734.0 0.2566557E-07
  1735.0 0.3582720E-07
  1736.0 0.4568480E-07
  1737.0 0.5503426E-07
  1738.0 0.6367418E-07
  1739.0 0.7140929E-07
  1740.0 0.7805499E-07
  1741.0 0.8344063E-07
  1742.0 0.8741378E-07
  1743.0 0.8984371E-07
  1744.0 0.9062408E-07
  1745.0 0.8967665E-07
  1746.0 0.8695261E-07
  1747.0 0.8243551E-07
  1748.0 0.7614227E-07
  1749.0 0.6812359E-07
  1750.0 0.5846503E-07
  1751.0 0.4728544E-07
  1752.0 0.3473689E-07
  1753.0 0.2100214E-07
  1754.0 0.6292852E-08
  1755.0 -.9153703E-08
  1756.0 -.2507815E-07
  1757.0 -.4120291E-07
  1758.0 -.5723690E-07
  1759.0 -.7288030E-07
  1760.0 -.8782968E-07
  1761.0 -.1017835E-06
  1762.0 -.1144478E-06
  1763.0 -.1255412E-06
  1764.0 -.1348014E-06
  1765.0 -.1419891E-06
  1766.0 -.1468938E-06
  1767.0 -.1493392E-06
  1768.0 -.1491858E-06
  1769.0 -.1463352E-06
  1770.0 -.1407341E-06
  1771.0 -.1323749E-06
  1772.0 -.1212980E-06
  1773.0 -.1075929E-06
  1774.0 -.9139772E-07
  1775.0 -.7289772E-07
  1776.0 -.5232441E-07
  1777.0 -.2995226E-07
  1778.0 -.6095485E-08
  1779.0 0.1889653E-07
  1780.0 0.4464400E-07
  1781.0 0.7074231E-07
  1782.0 0.9676855E-07
  1783.0 0.1222878E-06
  1784.0 0.1468602E-06
  1785.0 0.1700484E-06
  1786.0 0.1914251E-06
  1787.0 0.2105800E-06
  1788.0 0.2271275E-06
  1789.0 0.2407131E-06
  1790.0 0.2510205E-06
  1791.0 0.2577782E-06
  1792.0 0.2607635E-06
  1793.0 0.2598087E-06
  1794.0 0.2548050E-06
  1795.0 0.2457041E-06
  1796.0 0.2325223E-06
  1797.0 0.2153404E-06
  1798.0 0.1943042E-06
  1799.0 0.1696226E-06
  1800.0 0.1415665E-06
  1801.0 0.1104660E-06
  1802.0 0.7670479E-07
  1803.0 0.4071609E-07
  1804.0 0.2976735E-08
  1805.0 -.3600027E-07
  1806.0 -.7567255E-07
  1807.0 -.1154772E-06
  1808.0 -.1548382E-06
  1809.0 -.1931761E-06
  1810.0 -.2299171E-06
  1811.0 -.2645008E-06
  1812.0 -.2963916E-06
  1813.0 -.3250834E-06
  1814.0 -.3501127E-06
  1815.0 -.3710616E-06
  1816.0 -.3875679E-06
  1817.0 -.3993301E-06
  1818.0 -.4061123E-06
  1819.0 -.4077496E-06
  1820.0 -.4041497E-06
  1821.0 -.3952969E-06
  1822.0 -.3812513E-06
  1823.0 -.3621484E-06
  1824.0 -.3381987E-06
  1825.0 -.3096845E-06
  1826.0 -.2769559E-06
  1827.0 -.2404252E-06
  1828.0 -.2005616E-06
  1829.0 -.1578849E-06
  1830.0 -.1129571E-06
  1831.0 -.6637325E-07
  1832.0 -.1875394E-07
  1833.0 0.2926442E-07
  1834.0 0.7703996E-07
  1835.0 0.1239340E-06
  1836.0 0.1693212E-06
  1837.0 0.2125991E-06
  1838.0 0.2531962E-06
  1839.0 0.2905821E-06
  1840.0 0.3242741E-06
  1841.0 0.3538445E-06
  1842.0 0.3789259E-06
  1843.0 0.3992195E-06
  1844.0 0.4144961E-06
  1845.0 0.4245999E-06
  1846.0 0.4294509E-06
  1847.0 0.4290446E-06
  1848.0 0.4234536E-06
  1849.0 0.4128231E-06
  1850.0 0.3973691E-06
  1851.0 0.3773754E-06
  1852.0 0.3531868E-06
  1853.0 0.3252050E-06
  1854.0 0.2938798E-06
  1855.0 0.2597033E-06
  1856.0 0.2232008E-06
  1857.0 0.1849239E-06
  1858.0 0.1454386E-06
  1859.0 0.1053198E-06
  1860.0 0.6514004E-07
  1861.0 0.2546135E-07
  1862.0 -.1317279E-07
  1863.0 -.5024647E-07
  1864.0 -.8527841E-07
  1865.0 -.1178283E-06
  1866.0 -.1475045E-06
  1867.0 -.1739672E-06
  1868.0 -.1969342E-06
  1869.0 -.2161845E-06
  1870.0 -.2315584E-06
  1871.0 -.2429609E-06
  1872.0 -.2503619E-06
  1873.0 -.2537936E-06
  1874.0 -.2533480E-06
  1875.0 -.2491775E-06
  1876.0 -.2414888E-06
  1877.0 -.2305369E-06
  1878.0 -.2166221E-06
  1879.0 -.2000834E-06
  1880.0 -.1812906E-06
  1881.0 -.1606403E-06
  1882.0 -.1385447E-06
  1883.0 -.1154279E-06
  1884.0 -.9171680E-07
  1885.0 -.6783432E-07
  1886.0 -.4419179E-07
  1887.0 -.2118333E-07
  1888.0 0.8210387E-09
  1889.0 0.2148081E-07
  1890.0 0.4048999E-07
  1891.0 0.5758122E-07
  1892.0 0.7252969E-07
  1893.0 0.8515492E-07
  1894.0 0.9532384E-07
  1895.0 0.1029508E-06
  1896.0 0.1079978E-06
  1897.0 0.1104742E-06
  1898.0 0.1104345E-06
  1899.0 0.1079769E-06
  1900.0 0.1032394E-06
  1901.0 0.9639689E-07
  1902.0 0.8765620E-07
  1903.0 0.7725237E-07
  1904.0 0.6544265E-07
  1905.0 0.5250201E-07
  1906.0 0.3871701E-07
  1907.0 0.2438071E-07
  1908.0 0.9786926E-08
  1909.0 -.4774923E-08
  1910.0 -.1902539E-07
  1911.0 -.3269916E-07
  1912.0 -.4555027E-07
  1913.0 -.5735541E-07
  1914.0 -.6791767E-07
  1915.0 -.7706937E-07
  1916.0 -.8467443E-07
  1917.0 -.9062968E-07
  1918.0 -.9486553E-07
  1919.0 -.9734757E-07
  1920.0 -.9807453E-07
  1921.0 -.9707873E-07
  1922.0 -.9442326E-07
  1923.0 -.9020116E-07
  1924.0 -.8453140E-07
  1925.0 -.7755776E-07
  1926.0 -.6944290E-07
  1927.0 -.6036751E-07
  1928.0 -.5052431E-07
  1929.0 -.4011491E-07
  1930.0 -.2934561E-07
  1931.0 -.1842365E-07
  1932.0 -.7552656E-08
  1933.0 0.3070420E-08
  1934.0 0.1325940E-07
  1935.0 0.2284167E-07
  1936.0 0.3166136E-07
  1937.0 0.3958169E-07
  1938.0 0.4648690E-07
  1939.0 0.5228401E-07
  1940.0 0.5690371E-07
  1941.0 0.6030140E-07
  1942.0 0.6245664E-07
  1943.0 0.6337353E-07
  1944.0 0.6307918E-07
  1945.0 0.6162299E-07
  1946.0 0.5907497E-07
  1947.0 0.5552370E-07
  1948.0 0.5107395E-07
  1949.0 0.4584424E-07
  1950.0 0.3996432E-07
  1951.0 0.3357191E-07
  1952.0 0.2681019E-07
  1953.0 0.1982471E-07
  1954.0 0.1276044E-07
  1955.0 0.5758984E-08
  1956.0 -.1043969E-08
  1957.0 -.7521207E-08
  1958.0 -.1355616E-07
  1959.0 -.1904483E-07
  1960.0 -.2389750E-07
  1961.0 -.2803995E-07
  1962.0 -.3141438E-07
  1963.0 -.3398025E-07
  1964.0 -.3571418E-07
  1965.0 -.3661020E-07
  1966.0 -.3667907E-07
  1967.0 -.3594766E-07
  1968.0 -.3445773E-07
  1969.0 -.3226492E-07
  1970.0 -.2943692E-07
  1971.0 -.2605177E-07
  1972.0 -.2219604E-07
  1973.0 -.1796288E-07
  1974.0 -.1344989E-07
  1975.0 -.8756912E-08
  1976.0 -.3984070E-08
  1977.0 0.7701785E-09
  1978.0 0.5411129E-08
  1979.0 0.9849504E-08
  1980.0 0.1400308E-07
  1981.0 0.1779813E-07
  1982.0 0.2117064E-07
  1983.0 0.2406724E-07
  1984.0 0.2644595E-07
  1985.0 0.2827668E-07
  1986.0 0.2954136E-07
  1987.0 0.3023407E-07
  1988.0 0.3036052E-07
  1989.0 0.2993774E-07
  1990.0 0.2899331E-07
  1991.0 0.2756434E-07
  1992.0 0.2569655E-07
  1993.0 0.2344286E-07
  1994.0 0.2086223E-07
  1995.0 0.1801822E-07
  1996.0 0.1497748E-07
  1997.0 0.1180819E-07
  1998.0 0.8578856E-08
  1999.0 0.5356702E-08
  2000.0 0.2206330E-08
  2001.0 -.8114085E-09
  2002.0 -.3640639E-08
  2003.0 -.6231367E-08
  2004.0 -.8540396E-08
  2005.0 -.1053186E-07
  2006.0 -.1217782E-07
  2007.0 -.1345852E-07
  2008.0 -.1436248E-07
  2009.0 -.1488646E-07
  2010.0 -.1503530E-07
  2011.0 -.1482132E-07
  2012.0 -.1426408E-07
  2013.0 -.1338946E-07
  2014.0 -.1222902E-07
  2015.0 -.1081910E-07
  2016.0 -.9199836E-08
  2017.0 -.7414233E-08
  2018.0 -.5507128E-08
  2019.0 -.3524156E-08
  2020.0 -.1510760E-08
  2021.0 0.4887523E-09
  2022.0 0.2432117E-08
  2023.0 0.4279971E-08
  2024.0 0.5996510E-08
  2025.0 0.7550177E-08
  2026.0 0.8914199E-08
  2027.0 0.1006686E-07
  2028.0 0.1099196E-07
  2029.0 0.1167875E-07
  2030.0 0.1212210E-07
  2031.0 0.1232234E-07
  2032.0 0.1228503E-07
  2033.0 0.1202062E-07
  2034.0 0.1154406E-07
  2035.0 0.1087433E-07
  2036.0 0.1003372E-07
  2037.0 0.9047408E-08
  2038.0 0.7942597E-08
  2039.0 0.6747935E-08
  2040.0 0.5492843E-08
  2041.0 0.4206736E-08
  2042.0 0.2918433E-08
  2043.0 0.1655515E-08
  2044.0 0.4437557E-09
  2045.0 -.6933730E-09
  2046.0 -.1735170E-08
  2047.0 -.2664032E-08
  2048.0 -.3465722E-08
  2049.0 -.4129579E-08
  2050.0 -.4648613E-08
  2051.0 -.5019495E-08
  2052.0 -.5242477E-08
  2053.0 -.5321283E-08
  2054.0 -.5262818E-08
  2055.0 -.5076895E-08
  2056.0 -.4775916E-08
  2057.0 -.4374412E-08
  2058.0 -.3888648E-08
  2059.0 -.3336159E-08
  2060.0 -.2735249E-08
  2061.0 -.2104553E-08
  2062.0 -.1462541E-08
  2063.0 -.8270994E-09
  2064.0 -.2150984E-09
  2065.0 0.3579751E-09
  2066.0 0.8783601E-09
  2067.0 0.1334266E-08
  2068.0 0.1716114E-08
  2069.0 0.2016703E-08
  2070.0 0.2231271E-08
  2071.0 0.2357550E-08
  2072.0 0.2395723E-08
  2073.0 0.2348333E-08
  2074.0 0.2220132E-08
  2075.0 0.2017883E-08
  2076.0 0.1750140E-08
  2077.0 0.1426916E-08
  2078.0 0.1059443E-08
  2079.0 0.6597872E-09
  2080.0 0.2405324E-09
  2081.0 -.1855743E-09
  2082.0 -.6059378E-09
  2083.0 -.1008484E-08
  2084.0 -.1381925E-08
  2085.0 -.1716050E-08
  2086.0 -.2001993E-08
  2087.0 -.2232380E-08
  2088.0 -.2401550E-08
  2089.0 -.2505641E-08
  2090.0 -.2542645E-08
  2091.0 -.2512454E-08
  2092.0 -.2416789E-08
  2093.0 -.2259173E-08
  2094.0 -.2044771E-08
  2095.0 -.1780239E-08
  2096.0 -.1473542E-08
  2097.0 -.1133711E-08
  2098.0 -.7706007E-09
  2099.0 -.3946333E-09
  2100.0 -.1650730E-10
  2101.0 0.3530660E-09
  2102.0 0.7036484E-09
  2103.0 0.1025334E-08
  2104.0 0.1308998E-08
  2105.0 0.1546527E-08
  2106.0 0.1730997E-08
  2107.0 0.1856881E-08
  2108.0 0.1920127E-08
  2109.0 0.1918283E-08
  2110.0 0.1850546E-08
  2111.0 0.1717763E-08
  2112.0 0.1522415E-08
  2113.0 0.1268530E-08
  2114.0 0.9615962E-09
  2115.0 0.6084062E-09
  2116.0 0.2169067E-09
  2117.0 -.2040165E-09
  2118.0 -.6447474E-09
  2119.0 -.1095171E-08
  2120.0 -.1544918E-08
  2121.0 -.1983610E-08
  2122.0 -.2401098E-08
  2123.0 -.2787730E-08
  2124.0 -.3134529E-08
  2125.0 -.3433432E-08
  2126.0 -.3677455E-08
  2127.0 -.3860883E-08
  2128.0 -.3979349E-08
  2129.0 -.4029962E-08
  2130.0 -.4011358E-08
  2131.0 -.3923724E-08
  2132.0 -.3768779E-08
  2133.0 -.3549738E-08
  2134.0 -.3271234E-08
  2135.0 -.2939188E-08
  2136.0 -.2560691E-08
  2137.0 -.2143826E-08
  2138.0 -.1697469E-08
  2139.0 -.1231122E-08
  2140.0 -.7546655E-09
  2141.0 -.2781472E-09
  2142.0 0.1884345E-09
  2143.0 0.6353623E-09
  2144.0 0.1053406E-08
  2145.0 0.1434018E-08
  2146.0 0.1769518E-08
  2147.0 0.2053264E-08
  2148.0 0.2279771E-08
  2149.0 0.2444834E-08
  2150.0 0.2545612E-08
  2151.0 0.2580651E-08
  2152.0 0.2549934E-08
  2153.0 0.2454861E-08
  2154.0 0.2298201E-08
  2155.0 0.2083992E-08
  2156.0 0.1817508E-08
  2157.0 0.1505062E-08
  2158.0 0.1153914E-08
  2159.0 0.7720715E-09
  2160.0 0.3681259E-09
  2161.0 -.4893895E-10
  2162.0 -.4699368E-09
  2163.0 -.8856922E-09
  2164.0 -.1287211E-08
  2165.0 -.1665893E-08
  2166.0 -.2013689E-08
  2167.0 -.2323273E-08
  2168.0 -.2588186E-08
  2169.0 -.2802954E-08
  2170.0 -.2963211E-08
  2171.0 -.3065732E-08
  2172.0 -.3108544E-08
  2173.0 -.3090900E-08
  2174.0 -.3013305E-08
  2175.0 -.2877480E-08
  2176.0 -.2686304E-08
  2177.0 -.2443759E-08
  2178.0 -.2154813E-08
  2179.0 -.1825304E-08
  2180.0 -.1461820E-08
  2181.0 -.1071557E-08
  2182.0 -.6621409E-09
  2183.0 -.2414995E-09
  2184.0 0.1823286E-09
  2185.0 0.6013349E-09
  2186.0 0.1007716E-08
  2187.0 0.1394011E-08
  2188.0 0.1753250E-08
  2189.0 0.2079074E-08
  2190.0 0.2365863E-08
  2191.0 0.2608803E-08
  2192.0 0.2803989E-08
  2193.0 0.2948462E-08
  2194.0 0.3040263E-08
  2195.0 0.3078427E-08
  2196.0 0.3062985E-08
  2197.0 0.2994949E-08
  2198.0 0.2876259E-08
  2199.0 0.2709715E-08
  2200.0 0.2498911E-08
  2201.0 0.2248144E-08
  2202.0 0.1962317E-08
  2203.0 0.1646810E-08
  2204.0 0.1307393E-08
  2205.0 0.9500871E-09
  2206.0 0.5810489E-09
  2207.0 0.2064616E-09
  2208.0 -.1675909E-09
  2209.0 -.5352245E-09
  2210.0 -.8908592E-09
  2211.0 -.1229302E-08
  2212.0 -.1545832E-08
  2213.0 -.1836262E-08
  2214.0 -.2096991E-08
  2215.0 -.2325047E-08
  2216.0 -.2518112E-08
  2217.0 -.2674520E-08
  2218.0 -.2793270E-08
  2219.0 -.2873998E-08
  2220.0 -.2916968E-08
  2221.0 -.2923015E-08
  2222.0 -.2893506E-08
  2223.0 -.2830284E-08
  2224.0 -.2735611E-08
  2225.0 -.2612103E-08
  2226.0 -.2462656E-08
  2227.0 -.2290382E-08
  2228.0 -.2098549E-08
  2229.0 -.1890485E-08
  2230.0 -.1669552E-08
  2231.0 -.1439072E-08
  2232.0 -.1202268E-08
  2233.0 -.9622141E-09
  2234.0 -.7218207E-09
  2235.0 -.4837744E-09
  2236.0 -.2505243E-09
  2237.0 -.2427108E-10
  2238.0 0.1930564E-09
  2239.0 0.3997932E-09
  2240.0 0.5945436E-09
  2241.0 0.7761641E-09
  2242.0 0.9437575E-09
  2243.0 0.1096651E-08
  2244.0 0.1234375E-08
  2245.0 0.1356647E-08
  2246.0 0.1463336E-08
  2247.0 0.1554454E-08
  2248.0 0.1630117E-08
  2249.0 0.1690538E-08
  2250.0 0.1735995E-08
  2251.0 0.1766822E-08
  2252.0 0.1783394E-08
  2253.0 0.1786109E-08
  2254.0 0.1775396E-08
  2255.0 0.1751695E-08
  2256.0 0.1715470E-08
  2257.0 0.1667202E-08
  2258.0 0.1607401E-08
  2259.0 0.1536613E-08
  2260.0 0.1455426E-08
  2261.0 0.1364487E-08
  2262.0 0.1264506E-08
  2263.0 0.1156268E-08
  2264.0 0.1040646E-08
  2265.0 0.9186026E-09
  2266.0 0.7912049E-09
  2267.0 0.6596160E-09
  2268.0 0.5250994E-09
  2269.0 0.3890185E-09
  2270.0 0.2528202E-09
  2271.0 0.1180283E-09
  2272.0 -.1377178E-10
  2273.0 -.1409583E-09
  2274.0 -.2618873E-09
  2275.0 -.3749295E-09
  2276.0 -.4784899E-09
  2277.0 -.5710402E-09
  2278.0 -.6511509E-09
  2279.0 -.7175262E-09
  2280.0 -.7690275E-09
  2281.0 -.8047096E-09
  2282.0 -.8238417E-09
  2283.0 -.8259387E-09
  2284.0 -.8107793E-09
  2285.0 -.7784138E-09
  2286.0 -.7291918E-09
  2287.0 -.6637454E-09
  2288.0 -.5830155E-09
  2289.0 -.4882144E-09
  2290.0 -.3808372E-09
  2291.0 -.2626315E-09
  2292.0 -.1355711E-09
  2293.0 -.1826883E-11
  2294.0 0.1362658E-09
  2295.0 0.2762552E-09
  2296.0 0.4156114E-09
  2297.0 0.5517778E-09
  2298.0 0.6822140E-09
  2299.0 0.8044545E-09
  2300.0 0.9161492E-09
  2301.0 0.1015118E-08
  2302.0 0.1099388E-08
  2303.0 0.1167250E-08
  2304.0 0.1217282E-08
  2305.0 0.1248384E-08
  2306.0 0.1259813E-08
  2307.0 0.1251190E-08
  2308.0 0.1222525E-08
  2309.0 0.1174200E-08
  2310.0 0.1106999E-08
  2311.0 0.1022059E-08
  2312.0 0.9208782E-09
  2313.0 0.8052736E-09
  2314.0 0.6773574E-09
  2315.0 0.5394832E-09
  2316.0 0.3942204E-09
  2317.0 0.2442882E-09
  2318.0 0.9250054E-10
  2319.0 -.5827410E-10
  2320.0 -.2051872E-09
  2321.0 -.3454575E-09
  2322.0 -.4764310E-09
  2323.0 -.5956338E-09
  2324.0 -.7008238E-09
  2325.0 -.7900342E-09
  2326.0 -.8616179E-09
  2327.0 -.9142749E-09
  2328.0 -.9470820E-09
  2329.0 -.9595140E-09
  2330.0 -.9514537E-09
  2331.0 -.9231915E-09
  2332.0 -.8754132E-09
  2333.0 -.8092012E-09
  2334.0 -.7260029E-09
  2335.0 -.6275960E-09
  2336.0 -.5160564E-09
  2337.0 -.3937219E-09
  2338.0 -.2631289E-09
  2339.0 -.1269715E-09
  2340.0 0.1195684E-10
  2341.0 0.1508223E-09
  2342.0 0.2868072E-09
  2343.0 0.4171686E-09
  2344.0 0.5392943E-09
  2345.0 0.6507511E-09
  2346.0 0.7493415E-09
  2347.0 0.8331397E-09
  2348.0 0.9005345E-09
  2349.0 0.9502599E-09
  2350.0 0.9814142E-09
  2351.0 0.9934787E-09
  2352.0 0.9863299E-09
  2353.0 0.9602362E-09
  2354.0 0.9158425E-09
  2355.0 0.8541708E-09
  2356.0 0.7765776E-09
  2357.0 0.6847365E-09
  2358.0 0.5805984E-09
  2359.0 0.4663417E-09
  2360.0 0.3443419E-09
  2361.0 0.2171041E-09
  2362.0 0.8722256E-10
  2363.0 -.4267997E-10
  2364.0 -.1700011E-09
  2365.0 -.2922146E-09
  2366.0 -.4069220E-09
  2367.0 -.5118971E-09
  2368.0 -.6051309E-09
  2369.0 -.6848747E-09
  2370.0 -.7496622E-09
  2371.0 -.7983490E-09
  2372.0 -.8301239E-09
  2373.0 -.8445254E-09
  2374.0 -.8414500E-09
  2375.0 -.8211406E-09
  2376.0 -.7841874E-09
  2377.0 -.7315106E-09
  2378.0 -.6643361E-09
  2379.0 -.5841651E-09
  2380.0 -.4927485E-09
  2381.0 -.3920410E-09
  2382.0 -.2841652E-09
  2383.0 -.1713640E-09
  2384.0 -.5595846E-10
  2385.0 0.5970289E-10
  2386.0 0.1732876E-09
  2387.0 0.2825284E-09
  2388.0 0.3852619E-09
  2389.0 0.4794709E-09
  2390.0 0.5633259E-09
  2391.0 0.6352116E-09
  2392.0 0.6937578E-09
  2393.0 0.7378628E-09
  2394.0 0.7667073E-09
  2395.0 0.7797687E-09
  2396.0 0.7768257E-09
  2397.0 0.7579560E-09
  2398.0 0.7235303E-09
  2399.0 0.6741986E-09
