  0.0000000E+00  0.0000000E+00
  1.2512512E-04  9.8773099E-18
  2.5025025E-04  1.9753238E-17
  3.7537538E-04  2.9626403E-17
  5.0050049E-04  3.9495422E-17
  6.2562560E-04  4.9358916E-17
  7.5075077E-04  5.9215511E-17
  8.7587588E-04  6.9063817E-17
  1.0010010E-03  7.8902476E-17
  1.1261262E-03  8.8730096E-17
  1.2512512E-03  9.8545322E-17
  1.3763764E-03  1.0834678E-16
  1.5015015E-03  1.1813310E-16
  1.6266266E-03  1.2790294E-16
  1.7517518E-03  1.3765492E-16
  1.8768769E-03  1.4738772E-16
  2.0020020E-03  1.5709994E-16
  2.1271270E-03  1.6679029E-16
  2.2522523E-03  1.7645738E-16
  2.3773774E-03  1.8609993E-16
  2.5025024E-03  1.9571657E-16
  2.6276277E-03  2.0530600E-16
  2.7527527E-03  2.1486691E-16
  2.8778778E-03  2.2439798E-16
  3.0030031E-03  2.3389790E-16
  3.1281281E-03  2.4336540E-16
  3.2532532E-03  2.5279915E-16
  3.3783785E-03  2.6219794E-16
  3.5035035E-03  2.7156043E-16
  3.6286286E-03  2.8088539E-16
  3.7537538E-03  2.9017157E-16
  3.8788789E-03  2.9941773E-16
  4.0040039E-03  3.0862260E-16
  4.1291290E-03  3.1778498E-16
  4.2542540E-03  3.2690363E-16
  4.3793796E-03  3.3597739E-16
  4.5045046E-03  3.4500502E-16
  4.6296297E-03  3.5398537E-16
  4.7547547E-03  3.6291722E-16
  4.8798798E-03  3.7179942E-16
  5.0050048E-03  3.8063085E-16
  5.1301303E-03  3.8941035E-16
  5.2552554E-03  3.9813677E-16
  5.3803804E-03  4.0680901E-16
  5.5055055E-03  4.1542599E-16
  5.6306305E-03  4.2398658E-16
  5.7557556E-03  4.3248970E-16
  5.8808811E-03  4.4093430E-16
  6.0060062E-03  4.4931932E-16
  6.1311312E-03  4.5764375E-16
  6.2562563E-03  4.6590650E-16
  6.3813813E-03  4.7410663E-16
  6.5065064E-03  4.8224307E-16
  6.6316314E-03  4.9031492E-16
  6.7567569E-03  4.9832113E-16
  6.8818820E-03  5.0626074E-16
  7.0070070E-03  5.1413291E-16
  7.1321321E-03  5.2193662E-16
  7.2572571E-03  5.2967098E-16
  7.3823822E-03  5.3733510E-16
  7.5075077E-03  5.4492811E-16
  7.6326327E-03  5.5244918E-16
  7.7577578E-03  5.5989735E-16
  7.8828828E-03  5.6727194E-16
  8.0080079E-03  5.7457199E-16
  8.1331329E-03  5.8179681E-16
  8.2582580E-03  5.8894550E-16
  8.3833830E-03  5.9601743E-16
  8.5085081E-03  6.0301175E-16
  8.6336341E-03  6.0992783E-16
  8.7587591E-03  6.1676482E-16
  8.8838842E-03  6.2352208E-16
  9.0090092E-03  6.3019897E-16
  9.1341343E-03  6.3679476E-16
  9.2592593E-03  6.4330887E-16
  9.3843844E-03  6.4974060E-16
  9.5095094E-03  6.5608938E-16
  9.6346345E-03  6.6235457E-16
  9.7597595E-03  6.6853568E-16
  9.8848846E-03  6.7463204E-16
  1.0010010E-02  6.8064322E-16
  1.0135135E-02  6.8656859E-16
  1.0260261E-02  6.9240772E-16
  1.0385386E-02  6.9816008E-16
  1.0510511E-02  7.0382525E-16
  1.0635636E-02  7.0940269E-16
  1.0760761E-02  7.1489205E-16
  1.0885886E-02  7.2029289E-16
  1.1011011E-02  7.2560479E-16
  1.1136136E-02  7.3082739E-16
  1.1261261E-02  7.3596035E-16
  1.1386386E-02  7.4100327E-16
  1.1511511E-02  7.4595587E-16
  1.1636636E-02  7.5081784E-16
  1.1761762E-02  7.5558886E-16
  1.1886887E-02  7.6026866E-16
  1.2012012E-02  7.6485704E-16
  1.2137137E-02  7.6935373E-16
  1.2262262E-02  7.7375851E-16
  1.2387387E-02  7.7807123E-16
  1.2512513E-02  7.8229163E-16
  1.2637638E-02  7.8641959E-16
  1.2762763E-02  7.9045496E-16
  1.2887888E-02  7.9439763E-16
  1.3013013E-02  7.9824750E-16
  1.3138138E-02  8.0200441E-16
  1.3263263E-02  8.0566836E-16
  1.3388389E-02  8.0923929E-16
  1.3513514E-02  8.1271715E-16
  1.3638639E-02  8.1610190E-16
  1.3763764E-02  8.1939352E-16
  1.3888889E-02  8.2259213E-16
  1.4014014E-02  8.2569762E-16
  1.4139139E-02  8.2871014E-16
  1.4264264E-02  8.3162971E-16
  1.4389389E-02  8.3445647E-16
  1.4514514E-02  8.3719042E-16
  1.4639639E-02  8.3983179E-16
  1.4764764E-02  8.4238062E-16
  1.4889890E-02  8.4483712E-16
  1.5015015E-02  8.4720140E-16
  1.5140140E-02  8.4947373E-16
  1.5265265E-02  8.5165420E-16
  1.5390391E-02  8.5374309E-16
  1.5515516E-02  8.5574066E-16
  1.5640641E-02  8.5764706E-16
  1.5765766E-02  8.5946268E-16
  1.5890891E-02  8.6118766E-16
  1.6016016E-02  8.6282238E-16
  1.6141141E-02  8.6436716E-16
  1.6266266E-02  8.6582226E-16
  1.6391391E-02  8.6718799E-16
  1.6516516E-02  8.6846484E-16
  1.6641641E-02  8.6965307E-16
  1.6766766E-02  8.7075305E-16
  1.6891891E-02  8.7176520E-16
  1.7017016E-02  8.7268995E-16
  1.7142141E-02  8.7352771E-16
  1.7267268E-02  8.7427893E-16
  1.7392393E-02  8.7494401E-16
  1.7517518E-02  8.7552343E-16
  1.7642643E-02  8.7601773E-16
  1.7767768E-02  8.7642727E-16
  1.7892893E-02  8.7675269E-16
  1.8018018E-02  8.7699441E-16
  1.8143144E-02  8.7715296E-16
  1.8268269E-02  8.7722888E-16
  1.8393394E-02  8.7722279E-16
  1.8518519E-02  8.7713517E-16
  1.8643644E-02  8.7696662E-16
  1.8768769E-02  8.7671769E-16
  1.8893894E-02  8.7638899E-16
  1.9019019E-02  8.7598120E-16
  1.9144144E-02  8.7549479E-16
  1.9269269E-02  8.7493051E-16
  1.9394394E-02  8.7428893E-16
  1.9519519E-02  8.7357070E-16
  1.9644644E-02  8.7277650E-16
  1.9769769E-02  8.7190702E-16
  1.9894894E-02  8.7096285E-16
  2.0020019E-02  8.6994471E-16
  2.0145144E-02  8.6885326E-16
  2.0270269E-02  8.6768928E-16
  2.0395396E-02  8.6645340E-16
  2.0520521E-02  8.6514638E-16
  2.0645646E-02  8.6376894E-16
  2.0770771E-02  8.6232179E-16
  2.0895896E-02  8.6080565E-16
  2.1021022E-02  8.5922127E-16
  2.1146147E-02  8.5756945E-16
  2.1271272E-02  8.5585093E-16
  2.1396397E-02  8.5406644E-16
  2.1521522E-02  8.5221684E-16
  2.1646647E-02  8.5030276E-16
  2.1771772E-02  8.4832510E-16
  2.1896897E-02  8.4628459E-16
  2.2022022E-02  8.4418205E-16
  2.2147147E-02  8.4201830E-16
  2.2272272E-02  8.3979410E-16
  2.2397397E-02  8.3751029E-16
  2.2522522E-02  8.3516766E-16
  2.2647647E-02  8.3276706E-16
  2.2772772E-02  8.3030923E-16
  2.2897897E-02  8.2779508E-16
  2.3023022E-02  8.2522545E-16
  2.3148147E-02  8.2260108E-16
  2.3273272E-02  8.1992286E-16
  2.3398397E-02  8.1719161E-16
  2.3523524E-02  8.1440820E-16
  2.3648649E-02  8.1157345E-16
  2.3773775E-02  8.0868819E-16
  2.3898900E-02  8.0575333E-16
  2.4024025E-02  8.0276965E-16
  2.4149150E-02  7.9973802E-16
  2.4274275E-02  7.9665926E-16
  2.4399400E-02  7.9353429E-16
  2.4524525E-02  7.9036390E-16
  2.4649650E-02  7.8714899E-16
  2.4774775E-02  7.8389040E-16
  2.4899900E-02  7.8058898E-16
  2.5025025E-02  7.7724559E-16
  2.5150150E-02  7.7386105E-16
  2.5275275E-02  7.7043623E-16
  2.5400400E-02  7.6697203E-16
  2.5525525E-02  7.6346928E-16
  2.5650650E-02  7.5992879E-16
  2.5775775E-02  7.5635145E-16
  2.5900900E-02  7.5273806E-16
  2.6026025E-02  7.4908957E-16
  2.6151150E-02  7.4540678E-16
  2.6276276E-02  7.4169048E-16
  2.6401401E-02  7.3794156E-16
  2.6526526E-02  7.3416083E-16
  2.6651653E-02  7.3034918E-16
  2.6776778E-02  7.2650741E-16
  2.6901903E-02  7.2263642E-16
  2.7027028E-02  7.1873689E-16
  2.7152153E-02  7.1480978E-16
  2.7277278E-02  7.1085588E-16
  2.7402403E-02  7.0687605E-16
  2.7527528E-02  7.0287101E-16
  2.7652653E-02  6.9884162E-16
  2.7777778E-02  6.9478873E-16
  2.7902903E-02  6.9071307E-16
  2.8028028E-02  6.8661549E-16
  2.8153153E-02  6.8249680E-16
  2.8278278E-02  6.7835777E-16
  2.8403403E-02  6.7419921E-16
  2.8528528E-02  6.7002185E-16
  2.8653653E-02  6.6582655E-16
  2.8778778E-02  6.6161405E-16
  2.8903903E-02  6.5738508E-16
  2.9029028E-02  6.5314044E-16
  2.9154154E-02  6.4888092E-16
  2.9279279E-02  6.4460716E-16
  2.9404404E-02  6.4032006E-16
  2.9529529E-02  6.3602026E-16
  2.9654654E-02  6.3170854E-16
  2.9779781E-02  6.2738560E-16
  2.9904906E-02  6.2305218E-16
  3.0030031E-02  6.1870902E-16
  3.0155156E-02  6.1435681E-16
  3.0280281E-02  6.0999628E-16
  3.0405406E-02  6.0562808E-16
  3.0530531E-02  6.0125294E-16
  3.0655656E-02  5.9687151E-16
  3.0780781E-02  5.9248456E-16
  3.0905906E-02  5.8809265E-16
  3.1031031E-02  5.8369654E-16
  3.1156156E-02  5.7929684E-16
  3.1281281E-02  5.7489423E-16
  3.1406406E-02  5.7048934E-16
  3.1531531E-02  5.6608281E-16
  3.1656656E-02  5.6167528E-16
  3.1781781E-02  5.5726732E-16
  3.1906907E-02  5.5285962E-16
  3.2032032E-02  5.4845277E-16
  3.2157157E-02  5.4404741E-16
  3.2282282E-02  5.3964406E-16
  3.2407407E-02  5.3524335E-16
  3.2532532E-02  5.3084582E-16
  3.2657657E-02  5.2645210E-16
  3.2782782E-02  5.2206277E-16
  3.2907907E-02  5.1767832E-16
  3.3033032E-02  5.1329932E-16
  3.3158157E-02  5.0892630E-16
  3.3283282E-02  5.0455984E-16
  3.3408407E-02  5.0020048E-16
  3.3533532E-02  4.9584864E-16
  3.3658657E-02  4.9150495E-16
  3.3783782E-02  4.8716978E-16
  3.3908907E-02  4.8284377E-16
  3.4034032E-02  4.7852729E-16
  3.4159157E-02  4.7422092E-16
  3.4284282E-02  4.6992504E-16
  3.4409411E-02  4.6564016E-16
  3.4534536E-02  4.6136678E-16
  3.4659661E-02  4.5710525E-16
  3.4784786E-02  4.5285605E-16
  3.4909911E-02  4.4861962E-16
  3.5035037E-02  4.4439642E-16
  3.5160162E-02  4.4018680E-16
  3.5285287E-02  4.3599120E-16
  3.5410412E-02  4.3181004E-16
  3.5535537E-02  4.2764367E-16
  3.5660662E-02  4.2349252E-16
  3.5785787E-02  4.1935693E-16
  3.5910912E-02  4.1523726E-16
  3.6036037E-02  4.1113391E-16
  3.6161162E-02  4.0704721E-16
  3.6286287E-02  4.0297754E-16
  3.6411412E-02  3.9892517E-16
  3.6536537E-02  3.9489049E-16
  3.6661662E-02  3.9087381E-16
  3.6786787E-02  3.8687542E-16
  3.6911912E-02  3.8289563E-16
  3.7037037E-02  3.7893477E-16
  3.7162162E-02  3.7499311E-16
  3.7287287E-02  3.7107092E-16
  3.7412412E-02  3.6716851E-16
  3.7537538E-02  3.6328613E-16
  3.7662663E-02  3.5942403E-16
  3.7787788E-02  3.5558250E-16
  3.7912913E-02  3.5176175E-16
  3.8038038E-02  3.4796203E-16
  3.8163163E-02  3.4418358E-16
  3.8288288E-02  3.4042662E-16
  3.8413413E-02  3.3669139E-16
  3.8538538E-02  3.3297805E-16
  3.8663663E-02  3.2928684E-16
  3.8788788E-02  3.2561797E-16
  3.8913913E-02  3.2197160E-16
  3.9039038E-02  3.1834791E-16
  3.9164163E-02  3.1474712E-16
  3.9289288E-02  3.1116933E-16
  3.9414413E-02  3.0761476E-16
  3.9539538E-02  3.0408356E-16
  3.9664663E-02  3.0057584E-16
  3.9789788E-02  2.9709178E-16
  3.9914913E-02  2.9363152E-16
  4.0040039E-02  2.9019516E-16
  4.0165164E-02  2.8678283E-16
  4.0290289E-02  2.8339467E-16
  4.0415414E-02  2.8003079E-16
  4.0540539E-02  2.7669125E-16
  4.0665668E-02  2.7337620E-16
  4.0790793E-02  2.7008569E-16
  4.0915918E-02  2.6681985E-16
  4.1041043E-02  2.6357876E-16
  4.1166168E-02  2.6036244E-16
  4.1291293E-02  2.5717101E-16
  4.1416418E-02  2.5400453E-16
  4.1541543E-02  2.5086305E-16
  4.1666668E-02  2.4774660E-16
  4.1791793E-02  2.4465525E-16
  4.1916918E-02  2.4158904E-16
  4.2042043E-02  2.3854801E-16
  4.2167168E-02  2.3553220E-16
  4.2292293E-02  2.3254162E-16
  4.2417418E-02  2.2957629E-16
  4.2542543E-02  2.2663621E-16
  4.2667668E-02  2.2372144E-16
  4.2792793E-02  2.2083194E-16
  4.2917918E-02  2.1796773E-16
  4.3043043E-02  2.1512882E-16
  4.3168169E-02  2.1231517E-16
  4.3293294E-02  2.0952681E-16
  4.3418419E-02  2.0676368E-16
  4.3543544E-02  2.0402578E-16
  4.3668669E-02  2.0131309E-16
  4.3793794E-02  1.9862556E-16
  4.3918919E-02  1.9596318E-16
  4.4044044E-02  1.9332590E-16
  4.4169169E-02  1.9071366E-16
  4.4294294E-02  1.8812645E-16
  4.4419419E-02  1.8556421E-16
  4.4544544E-02  1.8302685E-16
  4.4669669E-02  1.8051437E-16
  4.4794794E-02  1.7802666E-16
  4.4919919E-02  1.7556369E-16
  4.5045044E-02  1.7312537E-16
  4.5170169E-02  1.7071163E-16
  4.5295294E-02  1.6832240E-16
  4.5420419E-02  1.6595760E-16
  4.5545544E-02  1.6361716E-16
  4.5670670E-02  1.6130099E-16
  4.5795795E-02  1.5900898E-16
  4.5920920E-02  1.5674106E-16
  4.6046045E-02  1.5449714E-16
  4.6171170E-02  1.5227712E-16
  4.6296295E-02  1.5008090E-16
  4.6421420E-02  1.4790836E-16
  4.6546545E-02  1.4575943E-16
  4.6671670E-02  1.4363397E-16
  4.6796795E-02  1.4153190E-16
  4.6921924E-02  1.3945308E-16
  4.7047049E-02  1.3739741E-16
  4.7172174E-02  1.3536477E-16
  4.7297299E-02  1.3335504E-16
  4.7422424E-02  1.3136811E-16
  4.7547549E-02  1.2940384E-16
  4.7672674E-02  1.2746213E-16
  4.7797799E-02  1.2554282E-16
  4.7922924E-02  1.2364579E-16
  4.8048049E-02  1.2177093E-16
  4.8173174E-02  1.1991808E-16
  4.8298299E-02  1.1808713E-16
  4.8423424E-02  1.1627792E-16
  4.8548549E-02  1.1449033E-16
  4.8673674E-02  1.1272422E-16
  4.8798800E-02  1.1097943E-16
  4.8923925E-02  1.0925584E-16
  4.9049050E-02  1.0755330E-16
  4.9174175E-02  1.0587166E-16
  4.9299300E-02  1.0421078E-16
  4.9424425E-02  1.0257051E-16
  4.9549550E-02  1.0095070E-16
  4.9674675E-02  9.9351208E-17
  4.9799800E-02  9.7771875E-17
  4.9924925E-02  9.6212553E-17
  5.0050050E-02  9.4673091E-17
  5.0175175E-02  9.3153335E-17
  5.0300300E-02  9.1653127E-17
  5.0425425E-02  9.0172315E-17
  5.0550550E-02  8.8710747E-17
  5.0675675E-02  8.7268263E-17
  5.0800800E-02  8.5844705E-17
  5.0925925E-02  8.4439920E-17
  5.1051050E-02  8.3053751E-17
  5.1176175E-02  8.1686031E-17
  5.1301301E-02  8.0336615E-17
  5.1426426E-02  7.9005331E-17
  5.1551551E-02  7.7692019E-17
  5.1676676E-02  7.6396529E-17
  5.1801801E-02  7.5118700E-17
  5.1926926E-02  7.3858368E-17
  5.2052051E-02  7.2615367E-17
  5.2177176E-02  7.1389551E-17
  5.2302301E-02  7.0180743E-17
  5.2427426E-02  6.8988795E-17
  5.2552551E-02  6.7813544E-17
  5.2677676E-02  6.6654823E-17
  5.2802801E-02  6.5512473E-17
  5.2927926E-02  6.4386343E-17
  5.3053051E-02  6.3276260E-17
  5.3178180E-02  6.2182072E-17
  5.3303305E-02  6.1103620E-17
  5.3428430E-02  6.0040739E-17
  5.3553555E-02  5.8993271E-17
  5.3678680E-02  5.7961055E-17
  5.3803805E-02  5.6943934E-17
  5.3928930E-02  5.5941755E-17
  5.4054055E-02  5.4954349E-17
  5.4179180E-02  5.3981565E-17
  5.4304305E-02  5.3023250E-17
  5.4429431E-02  5.2079238E-17
  5.4554556E-02  5.1149378E-17
  5.4679681E-02  5.0233511E-17
  5.4804806E-02  4.9331487E-17
  5.4929931E-02  4.8443148E-17
  5.5055056E-02  4.7568338E-17
  5.5180181E-02  4.6706905E-17
  5.5305306E-02  4.5858701E-17
  5.5430431E-02  4.5023570E-17
  5.5555556E-02  4.4201359E-17
  5.5680681E-02  4.3391916E-17
  5.5805806E-02  4.2595100E-17
  5.5930931E-02  4.1810751E-17
  5.6056056E-02  4.1038730E-17
  5.6181181E-02  4.0278882E-17
  5.6306306E-02  3.9531061E-17
  5.6431431E-02  3.8795125E-17
  5.6556556E-02  3.8070928E-17
  5.6681681E-02  3.7358325E-17
  5.6806806E-02  3.6657171E-17
  5.6931932E-02  3.5967322E-17
  5.7057057E-02  3.5288640E-17
  5.7182182E-02  3.4620983E-17
  5.7307307E-02  3.3964211E-17
  5.7432432E-02  3.3318187E-17
  5.7557557E-02  3.2682770E-17
  5.7682682E-02  3.2057825E-17
  5.7807807E-02  3.1443216E-17
  5.7932932E-02  3.0838805E-17
  5.8058057E-02  3.0244463E-17
  5.8183182E-02  2.9660053E-17
  5.8308307E-02  2.9085444E-17
  5.8433432E-02  2.8520506E-17
  5.8558557E-02  2.7965110E-17
  5.8683682E-02  2.7419123E-17
  5.8808807E-02  2.6882420E-17
  5.8933932E-02  2.6354874E-17
  5.9059057E-02  2.5836359E-17
  5.9184182E-02  2.5326752E-17
  5.9309307E-02  2.4825927E-17
  5.9434436E-02  2.4333763E-17
  5.9559561E-02  2.3850135E-17
  5.9684686E-02  2.3374928E-17
  5.9809811E-02  2.2908019E-17
  5.9934936E-02  2.2449293E-17
  6.0060062E-02  2.1998629E-17
  6.0185187E-02  2.1555913E-17
  6.0310312E-02  2.1121031E-17
  6.0435437E-02  2.0693869E-17
  6.0560562E-02  2.0274311E-17
  6.0685687E-02  1.9862251E-17
  6.0810812E-02  1.9457573E-17
  6.0935937E-02  1.9060172E-17
  6.1061062E-02  1.8669938E-17
  6.1186187E-02  1.8286763E-17
  6.1311312E-02  1.7910541E-17
  6.1436437E-02  1.7541169E-17
  6.1561562E-02  1.7178543E-17
  6.1686687E-02  1.6822559E-17
  6.1811812E-02  1.6473115E-17
  6.1936937E-02  1.6130111E-17
  6.2062062E-02  1.5793449E-17
  6.2187187E-02  1.5463030E-17
  6.2312312E-02  1.5138755E-17
  6.2437437E-02  1.4820531E-17
  6.2562563E-02  1.4508260E-17
  6.2687688E-02  1.4201849E-17
  6.2812813E-02  1.3901205E-17
  6.2937938E-02  1.3606238E-17
  6.3063063E-02  1.3316857E-17
  6.3188188E-02  1.3032970E-17
  6.3313313E-02  1.2754491E-17
  6.3438438E-02  1.2481331E-17
  6.3563563E-02  1.2213404E-17
  6.3688688E-02  1.1950624E-17
  6.3813813E-02  1.1692908E-17
  6.3938938E-02  1.1440172E-17
  6.4064063E-02  1.1192334E-17
  6.4189188E-02  1.0949313E-17
  6.4314313E-02  1.0711028E-17
  6.4439438E-02  1.0477400E-17
  6.4564563E-02  1.0248352E-17
  6.4689688E-02  1.0023805E-17
  6.4814813E-02  9.8036842E-18
  6.4939938E-02  9.5879150E-18
  6.5065064E-02  9.3764223E-18
  6.5190189E-02  9.1691333E-18
  6.5315314E-02  8.9659753E-18
  6.5440439E-02  8.7668779E-18
  6.5565564E-02  8.5717699E-18
  6.5690689E-02  8.3805829E-18
  6.5815814E-02  8.1932488E-18
  6.5940939E-02  8.0096991E-18
  6.6066064E-02  7.8298683E-18
  6.6191189E-02  7.6536904E-18
  6.6316314E-02  7.4811017E-18
  6.6441439E-02  7.3120367E-18
  6.6566564E-02  7.1464343E-18
  6.6691689E-02  6.9842317E-18
  6.6816814E-02  6.8253683E-18
  6.6941939E-02  6.6697839E-18
  6.7067064E-02  6.5174193E-18
  6.7192189E-02  6.3682166E-18
  6.7317314E-02  6.2221171E-18
  6.7442439E-02  6.0790653E-18
  6.7567565E-02  5.9390046E-18
  6.7692690E-02  5.8018808E-18
  6.7817815E-02  5.6676389E-18
  6.7942940E-02  5.5362264E-18
  6.8068065E-02  5.4075899E-18
  6.8193190E-02  5.2816781E-18
  6.8318315E-02  5.1584406E-18
  6.8443440E-02  5.0378261E-18
  6.8568565E-02  4.9197861E-18
  6.8693690E-02  4.8042720E-18
  6.8818823E-02  4.6912357E-18
  6.8943948E-02  4.5806301E-18
  6.9069073E-02  4.4724088E-18
  6.9194198E-02  4.3665264E-18
  6.9319323E-02  4.2629382E-18
  6.9444448E-02  4.1615994E-18
  6.9569573E-02  4.0624672E-18
  6.9694698E-02  3.9654985E-18
  6.9819823E-02  3.8706511E-18
  6.9944948E-02  3.7778844E-18
  7.0070073E-02  3.6871572E-18
  7.0195198E-02  3.5984292E-18
  7.0320323E-02  3.5116617E-18
  7.0445448E-02  3.4268155E-18
  7.0570573E-02  3.3438528E-18
  7.0695698E-02  3.2627364E-18
  7.0820823E-02  3.1834290E-18
  7.0945948E-02  3.1058949E-18
  7.1071073E-02  3.0300984E-18
  7.1196198E-02  2.9560048E-18
  7.1321324E-02  2.8835793E-18
  7.1446449E-02  2.8127886E-18
  7.1571574E-02  2.7435993E-18
  7.1696699E-02  2.6759791E-18
  7.1821824E-02  2.6098957E-18
  7.1946949E-02  2.5453179E-18
  7.2072074E-02  2.4822145E-18
  7.2197199E-02  2.4205555E-18
  7.2322324E-02  2.3603109E-18
  7.2447449E-02  2.3014514E-18
  7.2572574E-02  2.2439485E-18
  7.2697699E-02  2.1877736E-18
  7.2822824E-02  2.1328993E-18
  7.2947949E-02  2.0792984E-18
  7.3073074E-02  2.0269438E-18
  7.3198199E-02  1.9758094E-18
  7.3323324E-02  1.9258698E-18
  7.3448449E-02  1.8770993E-18
  7.3573574E-02  1.8294731E-18
  7.3698699E-02  1.7829671E-18
  7.3823825E-02  1.7375572E-18
  7.3948950E-02  1.6932201E-18
  7.4074075E-02  1.6499326E-18
  7.4199200E-02  1.6076722E-18
  7.4324325E-02  1.5664166E-18
  7.4449450E-02  1.5261443E-18
  7.4574575E-02  1.4868338E-18
  7.4699700E-02  1.4484643E-18
  7.4824825E-02  1.4110151E-18
  7.4949950E-02  1.3744662E-18
  7.5075075E-02  1.3387978E-18
  7.5200200E-02  1.3039907E-18
  7.5325325E-02  1.2700257E-18
  7.5450450E-02  1.2368843E-18
  7.5575575E-02  1.2045482E-18
  7.5700700E-02  1.1729995E-18
  7.5825825E-02  1.1422208E-18
  7.5950950E-02  1.1121948E-18
  7.6076075E-02  1.0829046E-18
  7.6201200E-02  1.0543338E-18
  7.6326326E-02  1.0264661E-18
  7.6451451E-02  9.9928578E-19
  7.6576576E-02  9.7277712E-19
  7.6701701E-02  9.4692493E-19
  7.6826826E-02  9.2171443E-19
  7.6951951E-02  8.9713093E-19
  7.7077076E-02  8.7315996E-19
  7.7202201E-02  8.4978767E-19
  7.7327326E-02  8.2700024E-19
  7.7452451E-02  8.0478423E-19
  7.7577576E-02  7.8312647E-19
  7.7702701E-02  7.6201398E-19
  7.7827826E-02  7.4143419E-19
  7.7952951E-02  7.2137465E-19
  7.8078076E-02  7.0182330E-19
  7.8203201E-02  6.8276827E-19
  7.8328326E-02  6.6419791E-19
  7.8453451E-02  6.4610085E-19
  7.8578576E-02  6.2846598E-19
  7.8703701E-02  6.1128234E-19
  7.8828827E-02  5.9453932E-19
  7.8953952E-02  5.7822644E-19
  7.9079077E-02  5.6233356E-19
  7.9204202E-02  5.4685060E-19
  7.9329327E-02  5.3176784E-19
  7.9454452E-02  5.1707562E-19
  7.9579577E-02  5.0276467E-19
  7.9704702E-02  4.8882580E-19
  7.9829827E-02  4.7525000E-19
  7.9954952E-02  4.6202856E-19
  8.0080077E-02  4.4915292E-19
  8.0205202E-02  4.3661462E-19
  8.0330327E-02  4.2440554E-19
  8.0455452E-02  4.1251761E-19
  8.0580577E-02  4.0094300E-19
  8.0705702E-02  3.8967403E-19
  8.0830827E-02  3.7870324E-19
  8.0955952E-02  3.6802325E-19
  8.1081077E-02  3.5762691E-19
  8.1206203E-02  3.4750723E-19
  8.1331335E-02  3.3765737E-19
  8.1456460E-02  3.2807061E-19
  8.1581585E-02  3.1874040E-19
  8.1706710E-02  3.0966039E-19
  8.1831835E-02  3.0082429E-19
  8.1956960E-02  2.9222603E-19
  8.2082085E-02  2.8385962E-19
  8.2207210E-02  2.7571923E-19
  8.2332335E-02  2.6779918E-19
  8.2457460E-02  2.6009389E-19
  8.2582586E-02  2.5259795E-19
  8.2707711E-02  2.4530605E-19
  8.2832836E-02  2.3821297E-19
  8.2957961E-02  2.3131369E-19
  8.3083086E-02  2.2460324E-19
  8.3208211E-02  2.1807679E-19
  8.3333336E-02  2.1172963E-19
  8.3458461E-02  2.0555716E-19
  8.3583586E-02  1.9955487E-19
  8.3708711E-02  1.9371838E-19
  8.3833836E-02  1.8804341E-19
  8.3958961E-02  1.8252575E-19
  8.4084086E-02  1.7716136E-19
  8.4209211E-02  1.7194620E-19
  8.4334336E-02  1.6687642E-19
  8.4459461E-02  1.6194822E-19
  8.4584586E-02  1.5715788E-19
  8.4709711E-02  1.5250178E-19
  8.4834836E-02  1.4797641E-19
  8.4959961E-02  1.4357831E-19
  8.5085087E-02  1.3930414E-19
  8.5210212E-02  1.3515061E-19
  8.5335337E-02  1.3111451E-19
  8.5460462E-02  1.2719276E-19
  8.5585587E-02  1.2338227E-19
  8.5710712E-02  1.1968011E-19
  8.5835837E-02  1.1608337E-19
  8.5960962E-02  1.1258923E-19
  8.6086087E-02  1.0919495E-19
  8.6211212E-02  1.0589783E-19
  8.6336337E-02  1.0269526E-19
  8.6461462E-02  9.9584688E-20
  8.6586587E-02  9.6563630E-20
  8.6711712E-02  9.3629653E-20
  8.6836837E-02  9.0780403E-20
  8.6961962E-02  8.8013568E-20
  8.7087087E-02  8.5326905E-20
  8.7212212E-02  8.2718223E-20
  8.7337337E-02  8.0185396E-20
  8.7462462E-02  7.7726336E-20
  8.7587588E-02  7.5339022E-20
  8.7712713E-02  7.3021475E-20
  8.7837838E-02  7.0771777E-20
  8.7962963E-02  6.8588046E-20
  8.8088088E-02  6.6468466E-20
  8.8213213E-02  6.4411249E-20
  8.8338338E-02  6.2414674E-20
  8.8463463E-02  6.0477042E-20
  8.8588588E-02  5.8596712E-20
  8.8713713E-02  5.6772081E-20
  8.8838838E-02  5.5001591E-20
  8.8963963E-02  5.3283731E-20
  8.9089088E-02  5.1617010E-20
  8.9214213E-02  4.9999995E-20
  8.9339338E-02  4.8431283E-20
  8.9464463E-02  4.6909506E-20
  8.9589588E-02  4.5433338E-20
  8.9714713E-02  4.4001485E-20
  8.9839838E-02  4.2612687E-20
  8.9964963E-02  4.1265721E-20
  9.0090089E-02  3.9959386E-20
  9.0215214E-02  3.8692530E-20
  9.0340339E-02  3.7464015E-20
  9.0465464E-02  3.6272746E-20
  9.0590589E-02  3.5117652E-20
  9.0715714E-02  3.3997692E-20
  9.0840839E-02  3.2911849E-20
  9.0965964E-02  3.1859142E-20
  9.1091089E-02  3.0838608E-20
  9.1216214E-02  2.9849320E-20
  9.1341339E-02  2.8890362E-20
  9.1466464E-02  2.7960857E-20
  9.1591589E-02  2.7059944E-20
  9.1716714E-02  2.6186789E-20
  9.1841839E-02  2.5340578E-20
  9.1966964E-02  2.4520524E-20
  9.2092089E-02  2.3725858E-20
  9.2217214E-02  2.2955831E-20
  9.2342339E-02  2.2209720E-20
  9.2467465E-02  2.1486816E-20
  9.2592590E-02  2.0786436E-20
  9.2717715E-02  2.0107909E-20
  9.2842840E-02  1.9450590E-20
  9.2967965E-02  1.8813847E-20
  9.3093090E-02  1.8197066E-20
  9.3218215E-02  1.7599652E-20
  9.3343340E-02  1.7021028E-20
  9.3468465E-02  1.6460629E-20
  9.3593590E-02  1.5917910E-20
  9.3718715E-02  1.5392338E-20
  9.3843848E-02  1.4883401E-20
  9.3968973E-02  1.4390594E-20
  9.4094098E-02  1.3913430E-20
  9.4219223E-02  1.3451437E-20
  9.4344348E-02  1.3004154E-20
  9.4469473E-02  1.2571136E-20
  9.4594598E-02  1.2151950E-20
  9.4719723E-02  1.1746172E-20
  9.4844848E-02  1.1353395E-20
  9.4969973E-02  1.0973220E-20
  9.5095098E-02  1.0605264E-20
  9.5220223E-02  1.0249150E-20
  9.5345348E-02  9.9045144E-21
  9.5470473E-02  9.5710048E-21
  9.5595598E-02  9.2482783E-21
  9.5720723E-02  8.9360015E-21
  9.5845848E-02  8.6338511E-21
  9.5970973E-02  8.3415147E-21
  9.6096098E-02  8.0586868E-21
  9.6221223E-02  7.7850717E-21
  9.6346349E-02  7.5203836E-21
  9.6471474E-02  7.2643438E-21
  9.6596599E-02  7.0166815E-21
  9.6721724E-02  6.7771360E-21
  9.6846849E-02  6.5454515E-21
  9.6971974E-02  6.3213825E-21
  9.7097099E-02  6.1046890E-21
  9.7222224E-02  5.8951385E-21
  9.7347349E-02  5.6925067E-21
  9.7472474E-02  5.4965740E-21
  9.7597599E-02  5.3071290E-21
  9.7722724E-02  5.1239663E-21
  9.7847849E-02  4.9468858E-21
  9.7972974E-02  4.7756946E-21
  9.8098099E-02  4.6102051E-21
  9.8223224E-02  4.4502357E-21
  9.8348349E-02  4.2956095E-21
  9.8473474E-02  4.1461556E-21
  9.8598599E-02  4.0017088E-21
  9.8723724E-02  3.8621075E-21
  9.8848850E-02  3.7271967E-21
  9.8973975E-02  3.5968253E-21
  9.9099100E-02  3.4708462E-21
  9.9224225E-02  3.3491182E-21
  9.9349350E-02  3.2315036E-21
  9.9474475E-02  3.1178689E-21
  9.9599600E-02  3.0080851E-21
  9.9724725E-02  2.9020271E-21
  9.9849850E-02  2.7995732E-21
  9.9974975E-02  2.7006064E-21
  0.1001001      2.6050125E-21
  0.1002252      2.5126811E-21
  0.1003504      2.4235055E-21
  0.1004755      2.3373822E-21
  0.1006006      2.2542108E-21
  0.1007257      2.1738941E-21
  0.1008509      2.0963380E-21
  0.1009760      2.0214515E-21
  0.1011011      1.9491461E-21
  0.1012262      1.8793366E-21
  0.1013514      1.8119399E-21
  0.1014765      1.7468762E-21
  0.1016016      1.6840676E-21
  0.1017267      1.6234392E-21
  0.1018519      1.5649181E-21
  0.1019770      1.5084339E-21
  0.1021021      1.4539185E-21
  0.1022272      1.4013057E-21
  0.1023524      1.3505319E-21
  0.1024775      1.3015351E-21
  0.1026026      1.2542555E-21
  0.1027277      1.2086352E-21
  0.1028529      1.1646182E-21
  0.1029780      1.1221503E-21
  0.1031031      1.0811789E-21
  0.1032282      1.0416532E-21
  0.1033534      1.0035244E-21
  0.1034785      9.6674472E-22
  0.1036036      9.3126815E-22
  0.1037287      8.9705041E-22
  0.1038539      8.6404831E-22
  0.1039790      8.3222034E-22
  0.1041041      8.0152620E-22
  0.1042292      7.7192703E-22
  0.1043544      7.4338521E-22
  0.1044795      7.1586424E-22
  0.1046046      6.8932902E-22
  0.1047297      6.6374550E-22
  0.1048549      6.3908073E-22
  0.1049800      6.1530292E-22
  0.1051051      5.9238133E-22
  0.1052302      5.7028625E-22
  0.1053554      5.4898888E-22
  0.1054805      5.2846148E-22
  0.1056056      5.0867715E-22
  0.1057307      4.8960999E-22
  0.1058559      4.7123491E-22
  0.1059810      4.5352767E-22
  0.1061061      4.3646480E-22
  0.1062312      4.2002373E-22
  0.1063564      4.0418257E-22
  0.1064815      3.8892016E-22
  0.1066066      3.7421610E-22
  0.1067317      3.6005071E-22
  0.1068569      3.4640485E-22
  0.1069820      3.3326018E-22
  0.1071071      3.2059893E-22
  0.1072322      3.0840387E-22
  0.1073574      2.9665848E-22
  0.1074825      2.8534669E-22
  0.1076076      2.7445304E-22
  0.1077327      2.6396263E-22
  0.1078579      2.5386099E-22
  0.1079830      2.4413425E-22
  0.1081081      2.3476889E-22
  0.1082332      2.2575200E-22
  0.1083584      2.1707099E-22
  0.1084835      2.0871379E-22
  0.1086086      2.0066871E-22
  0.1087337      1.9292449E-22
  0.1088589      1.8547024E-22
  0.1089840      1.7829544E-22
  0.1091091      1.7138999E-22
  0.1092342      1.6474408E-22
  0.1093594      1.5834829E-22
  0.1094845      1.5219350E-22
  0.1096096      1.4627092E-22
  0.1097347      1.4057209E-22
  0.1098599      1.3508879E-22
  0.1099850      1.2981317E-22
  0.1101101      1.2473760E-22
  0.1102352      1.1985473E-22
  0.1103604      1.1515749E-22
  0.1104855      1.1063903E-22
  0.1106106      1.0629277E-22
  0.1107357      1.0211235E-22
  0.1108609      9.8091641E-23
  0.1109860      9.4224734E-23
  0.1111111      9.0505936E-23
  0.1112362      8.6929739E-23
  0.1113614      8.3490848E-23
  0.1114865      8.0184158E-23
  0.1116116      7.7004746E-23
  0.1117367      7.3947853E-23
  0.1118619      7.1008917E-23
  0.1119870      6.8183514E-23
  0.1121121      6.5467396E-23
  0.1122372      6.2856468E-23
  0.1123624      6.0346780E-23
  0.1124875      5.7934519E-23
  0.1126126      5.5616025E-23
  0.1127377      5.3387752E-23
  0.1128629      5.1246310E-23
  0.1129880      4.9188406E-23
  0.1131131      4.7210880E-23
  0.1132382      4.5310690E-23
  0.1133634      4.3484897E-23
  0.1134885      4.1730679E-23
  0.1136136      4.0045312E-23
  0.1137387      3.8426169E-23
  0.1138639      3.6870731E-23
  0.1139890      3.5376562E-23
  0.1141141      3.3941318E-23
  0.1142392      3.2562746E-23
  0.1143644      3.1238671E-23
  0.1144895      2.9967005E-23
  0.1146146      2.8745729E-23
  0.1147397      2.7572904E-23
  0.1148649      2.6446668E-23
  0.1149900      2.5365220E-23
  0.1151151      2.4326831E-23
  0.1152402      2.3329834E-23
  0.1153654      2.2372629E-23
  0.1154905      2.1453670E-23
  0.1156156      2.0571476E-23
  0.1157407      1.9724613E-23
  0.1158659      1.8911710E-23
  0.1159910      1.8131443E-23
  0.1161161      1.7382536E-23
  0.1162412      1.6663765E-23
  0.1163664      1.5973952E-23
  0.1164915      1.5311964E-23
  0.1166166      1.4676707E-23
  0.1167417      1.4067133E-23
  0.1168669      1.3482234E-23
  0.1169920      1.2921036E-23
  0.1171171      1.2382606E-23
  0.1172422      1.1866046E-23
  0.1173674      1.1370491E-23
  0.1174925      1.0895113E-23
  0.1176176      1.0439109E-23
  0.1177427      1.0001713E-23
  0.1178679      9.5821869E-24
  0.1179930      9.1798189E-24
  0.1181181      8.7939271E-24
  0.1182432      8.4238543E-24
  0.1183684      8.0689703E-24
  0.1184935      7.7286675E-24
  0.1186186      7.4023631E-24
  0.1187437      7.0894969E-24
  0.1188689      6.7895302E-24
  0.1189940      6.5019446E-24
  0.1191191      6.2262433E-24
  0.1192442      5.9619480E-24
  0.1193694      5.7085990E-24
  0.1194945      5.4657549E-24
  0.1196196      5.2329916E-24
  0.1197447      5.0099014E-24
  0.1198699      4.7960933E-24
  0.1199950      4.5911906E-24
  0.1201201      4.3948321E-24
  0.1202452      4.2066706E-24
  0.1203704      4.0263733E-24
  0.1204955      3.8536194E-24
  0.1206206      3.6881018E-24
  0.1207457      3.5295246E-24
  0.1208709      3.3776050E-24
  0.1209960      3.2320698E-24
  0.1211211      3.0926582E-24
  0.1212462      2.9591186E-24
  0.1213714      2.8312102E-24
  0.1214965      2.7087014E-24
  0.1216216      2.5913700E-24
  0.1217467      2.4790029E-24
  0.1218719      2.3713950E-24
  0.1219970      2.2683500E-24
  0.1221221      2.1696791E-24
  0.1222472      2.0752014E-24
  0.1223724      1.9847429E-24
  0.1224975      1.8981370E-24
  0.1226226      1.8152238E-24
  0.1227477      1.7358496E-24
  0.1228729      1.6598669E-24
  0.1229980      1.5871345E-24
  0.1231231      1.5175168E-24
  0.1232482      1.4508836E-24
  0.1233734      1.3871101E-24
  0.1234985      1.3260767E-24
  0.1236236      1.2676682E-24
  0.1237487      1.2117747E-24
  0.1238739      1.1582903E-24
  0.1239990      1.1071138E-24
  0.1241241      1.0581480E-24
  0.1242492      1.0112998E-24
  0.1243744      9.6647954E-25
  0.1244995      9.2360180E-25
  0.1246246      8.8258419E-25
  0.1247497      8.4334802E-25
  0.1248749      8.0581777E-25
  0.1250000      7.6992095E-25
