  0.0000000E+00  0.0000000E+00
  1.2512512E-04  9.9005984E-18
  2.5025025E-04  1.9799812E-17
  3.7537538E-04  2.9696254E-17
  5.0050049E-04  3.9588543E-17
  6.2562560E-04  4.9475294E-17
  7.5075077E-04  5.9355126E-17
  8.7587588E-04  6.9226653E-17
  1.0010010E-03  7.9088505E-17
  1.1261262E-03  8.8939300E-17
  1.2512512E-03  9.8777667E-17
  1.3763764E-03  1.0860224E-16
  1.5015015E-03  1.1841163E-16
  1.6266266E-03  1.2820451E-16
  1.7517518E-03  1.3797948E-16
  1.8768769E-03  1.4773521E-16
  2.0020020E-03  1.5747035E-16
  2.1271270E-03  1.6718354E-16
  2.2522523E-03  1.7687344E-16
  2.3773774E-03  1.8653870E-16
  2.5025024E-03  1.9617803E-16
  2.6276277E-03  2.0579007E-16
  2.7527527E-03  2.1537352E-16
  2.8778778E-03  2.2492706E-16
  3.0030031E-03  2.3444938E-16
  3.1281281E-03  2.4393919E-16
  3.2532532E-03  2.5339520E-16
  3.3783785E-03  2.6281614E-16
  3.5035035E-03  2.7220071E-16
  3.6286286E-03  2.8154766E-16
  3.7537538E-03  2.9085574E-16
  3.8788789E-03  3.0012368E-16
  4.0040039E-03  3.0935025E-16
  4.1291290E-03  3.1853423E-16
  4.2542540E-03  3.2767440E-16
  4.3793796E-03  3.3676953E-16
  4.5045046E-03  3.4581846E-16
  4.6296297E-03  3.5481996E-16
  4.7547547E-03  3.6377288E-16
  4.8798798E-03  3.7267605E-16
  5.0050048E-03  3.8152828E-16
  5.1301303E-03  3.9032848E-16
  5.2552554E-03  3.9907547E-16
  5.3803804E-03  4.0776817E-16
  5.5055055E-03  4.1640545E-16
  5.6306305E-03  4.2498623E-16
  5.7557556E-03  4.3350940E-16
  5.8808811E-03  4.4197393E-16
  6.0060062E-03  4.5037875E-16
  6.1311312E-03  4.5872276E-16
  6.2562563E-03  4.6700500E-16
  6.3813813E-03  4.7522445E-16
  6.5065064E-03  4.8338010E-16
  6.6316314E-03  4.9147096E-16
  6.7567569E-03  4.9949602E-16
  6.8818820E-03  5.0745442E-16
  7.0070070E-03  5.1534512E-16
  7.1321321E-03  5.2316720E-16
  7.2572571E-03  5.3091983E-16
  7.3823822E-03  5.3860199E-16
  7.5075077E-03  5.4621290E-16
  7.6326327E-03  5.5375171E-16
  7.7577578E-03  5.6121746E-16
  7.8828828E-03  5.6860941E-16
  8.0080079E-03  5.7592666E-16
  8.1331329E-03  5.8316853E-16
  8.2582580E-03  5.9033411E-16
  8.3833830E-03  5.9742271E-16
  8.5085081E-03  6.0443355E-16
  8.6336341E-03  6.1136588E-16
  8.7587591E-03  6.1821901E-16
  8.8838842E-03  6.2499221E-16
  9.0090092E-03  6.3168483E-16
  9.1341343E-03  6.3829618E-16
  9.2592593E-03  6.4482564E-16
  9.3843844E-03  6.5127252E-16
  9.5095094E-03  6.5763627E-16
  9.6346345E-03  6.6391628E-16
  9.7597595E-03  6.7011191E-16
  9.8848846E-03  6.7622267E-16
  1.0010010E-02  6.8224798E-16
  1.0135135E-02  6.8818738E-16
  1.0260261E-02  6.9404027E-16
  1.0385386E-02  6.9980618E-16
  1.0510511E-02  7.0548469E-16
  1.0635636E-02  7.1107532E-16
  1.0760761E-02  7.1657759E-16
  1.0885886E-02  7.2199119E-16
  1.1011011E-02  7.2731559E-16
  1.1136136E-02  7.3255052E-16
  1.1261261E-02  7.3769555E-16
  1.1386386E-02  7.4275038E-16
  1.1511511E-02  7.4771463E-16
  1.1636636E-02  7.5258809E-16
  1.1761762E-02  7.5737033E-16
  1.1886887E-02  7.6206120E-16
  1.2012012E-02  7.6666037E-16
  1.2137137E-02  7.7116770E-16
  1.2262262E-02  7.7558286E-16
  1.2387387E-02  7.7990569E-16
  1.2512513E-02  7.8413609E-16
  1.2637638E-02  7.8827380E-16
  1.2762763E-02  7.9231864E-16
  1.2887888E-02  7.9627063E-16
  1.3013013E-02  8.0012956E-16
  1.3138138E-02  8.0389536E-16
  1.3263263E-02  8.0756794E-16
  1.3388389E-02  8.1114728E-16
  1.3513514E-02  8.1463330E-16
  1.3638639E-02  8.1802604E-16
  1.3763764E-02  8.2132544E-16
  1.3888889E-02  8.2453157E-16
  1.4014014E-02  8.2764442E-16
  1.4139139E-02  8.3066404E-16
  1.4264264E-02  8.3359048E-16
  1.4389389E-02  8.3642391E-16
  1.4514514E-02  8.3916433E-16
  1.4639639E-02  8.4181189E-16
  1.4764764E-02  8.4436675E-16
  1.4889890E-02  8.4682902E-16
  1.5015015E-02  8.4919886E-16
  1.5140140E-02  8.5147654E-16
  1.5265265E-02  8.5366220E-16
  1.5390391E-02  8.5575601E-16
  1.5515516E-02  8.5775829E-16
  1.5640641E-02  8.5966920E-16
  1.5765766E-02  8.6148905E-16
  1.5890891E-02  8.6321816E-16
  1.6016016E-02  8.6485669E-16
  1.6141141E-02  8.6640512E-16
  1.6266266E-02  8.6786361E-16
  1.6391391E-02  8.6923262E-16
  1.6516516E-02  8.7051244E-16
  1.6641641E-02  8.7170347E-16
  1.6766766E-02  8.7280604E-16
  1.6891891E-02  8.7382063E-16
  1.7017016E-02  8.7474755E-16
  1.7142141E-02  8.7558727E-16
  1.7267268E-02  8.7634023E-16
  1.7392393E-02  8.7700690E-16
  1.7517518E-02  8.7758770E-16
  1.7642643E-02  8.7808316E-16
  1.7767768E-02  8.7849366E-16
  1.7892893E-02  8.7881982E-16
  1.8018018E-02  8.7906212E-16
  1.8143144E-02  8.7922105E-16
  1.8268269E-02  8.7929717E-16
  1.8393394E-02  8.7929103E-16
  1.8518519E-02  8.7920321E-16
  1.8643644E-02  8.7903428E-16
  1.8768769E-02  8.7878477E-16
  1.8893894E-02  8.7845533E-16
  1.9019019E-02  8.7804653E-16
  1.9144144E-02  8.7755901E-16
  1.9269269E-02  8.7699335E-16
  1.9394394E-02  8.7635029E-16
  1.9519519E-02  8.7563037E-16
  1.9644644E-02  8.7483432E-16
  1.9769769E-02  8.7396272E-16
  1.9894894E-02  8.7301632E-16
  2.0020019E-02  8.7199580E-16
  2.0145144E-02  8.7090181E-16
  2.0270269E-02  8.6973507E-16
  2.0395396E-02  8.6849629E-16
  2.0520521E-02  8.6718619E-16
  2.0645646E-02  8.6580547E-16
  2.0770771E-02  8.6435493E-16
  2.0895896E-02  8.6283519E-16
  2.1021022E-02  8.6124711E-16
  2.1146147E-02  8.5959143E-16
  2.1271272E-02  8.5786883E-16
  2.1396397E-02  8.5608016E-16
  2.1521522E-02  8.5422611E-16
  2.1646647E-02  8.5230758E-16
  2.1771772E-02  8.5032526E-16
  2.1896897E-02  8.4827994E-16
  2.2022022E-02  8.4617241E-16
  2.2147147E-02  8.4400359E-16
  2.2272272E-02  8.4177414E-16
  2.2397397E-02  8.3948493E-16
  2.2522522E-02  8.3713680E-16
  2.2647647E-02  8.3473048E-16
  2.2772772E-02  8.3226689E-16
  2.2897897E-02  8.2974680E-16
  2.3023022E-02  8.2717108E-16
  2.3148147E-02  8.2454057E-16
  2.3273272E-02  8.2185600E-16
  2.3398397E-02  8.1911834E-16
  2.3523524E-02  8.1632837E-16
  2.3648649E-02  8.1348695E-16
  2.3773775E-02  8.1059491E-16
  2.3898900E-02  8.0765311E-16
  2.4024025E-02  8.0466235E-16
  2.4149150E-02  8.0162356E-16
  2.4274275E-02  7.9853761E-16
  2.4399400E-02  7.9540523E-16
  2.4524525E-02  7.9222737E-16
  2.4649650E-02  7.8900489E-16
  2.4774775E-02  7.8573863E-16
  2.4899900E-02  7.8242943E-16
  2.5025025E-02  7.7907814E-16
  2.5150150E-02  7.7568562E-16
  2.5275275E-02  7.7225275E-16
  2.5400400E-02  7.6878034E-16
  2.5525525E-02  7.6526933E-16
  2.5650650E-02  7.6172048E-16
  2.5775775E-02  7.5813472E-16
  2.5900900E-02  7.5451286E-16
  2.6026025E-02  7.5085574E-16
  2.6151150E-02  7.4716422E-16
  2.6276276E-02  7.4343918E-16
  2.6401401E-02  7.3968142E-16
  2.6526526E-02  7.3589180E-16
  2.6651653E-02  7.3207115E-16
  2.6776778E-02  7.2822038E-16
  2.6901903E-02  7.2434017E-16
  2.7027028E-02  7.2043149E-16
  2.7152153E-02  7.1649516E-16
  2.7277278E-02  7.1253190E-16
  2.7402403E-02  7.0854264E-16
  2.7527528E-02  7.0452818E-16
  2.7652653E-02  7.0048931E-16
  2.7777778E-02  6.9642684E-16
  2.7902903E-02  6.9234160E-16
  2.8028028E-02  6.8823439E-16
  2.8153153E-02  6.8410595E-16
  2.8278278E-02  6.7995718E-16
  2.8403403E-02  6.7578883E-16
  2.8528528E-02  6.7160162E-16
  2.8653653E-02  6.6739642E-16
  2.8778778E-02  6.6317396E-16
  2.8903903E-02  6.5893504E-16
  2.9029028E-02  6.5468039E-16
  2.9154154E-02  6.5041077E-16
  2.9279279E-02  6.4612700E-16
  2.9404404E-02  6.4182979E-16
  2.9529529E-02  6.3751982E-16
  2.9654654E-02  6.3319794E-16
  2.9779781E-02  6.2886484E-16
  2.9904906E-02  6.2452120E-16
  3.0030031E-02  6.2016777E-16
  3.0155156E-02  6.1580529E-16
  3.0280281E-02  6.1143449E-16
  3.0405406E-02  6.0705597E-16
  3.0530531E-02  6.0267051E-16
  3.0655656E-02  5.9827880E-16
  3.0780781E-02  5.9388148E-16
  3.0905906E-02  5.8947924E-16
  3.1031031E-02  5.8507276E-16
  3.1156156E-02  5.8066268E-16
  3.1281281E-02  5.7624970E-16
  3.1406406E-02  5.7183438E-16
  3.1531531E-02  5.6741747E-16
  3.1656656E-02  5.6299956E-16
  3.1781781E-02  5.5858122E-16
  3.1906907E-02  5.5416315E-16
  3.2032032E-02  5.4974593E-16
  3.2157157E-02  5.4533013E-16
  3.2282282E-02  5.4091640E-16
  3.2407407E-02  5.3650532E-16
  3.2532532E-02  5.3209742E-16
  3.2657657E-02  5.2769337E-16
  3.2782782E-02  5.2329367E-16
  3.2907907E-02  5.1889884E-16
  3.3033032E-02  5.1450952E-16
  3.3158157E-02  5.1012623E-16
  3.3283282E-02  5.0574950E-16
  3.3408407E-02  5.0137982E-16
  3.3533532E-02  4.9701776E-16
  3.3658657E-02  4.9266380E-16
  3.3783782E-02  4.8831841E-16
  3.3908907E-02  4.8398219E-16
  3.4034032E-02  4.7965554E-16
  3.4159157E-02  4.7533901E-16
  3.4284282E-02  4.7103301E-16
  3.4409411E-02  4.6673802E-16
  3.4534536E-02  4.6245453E-16
  3.4659661E-02  4.5818299E-16
  3.4784786E-02  4.5392379E-16
  3.4909911E-02  4.4967735E-16
  3.5035037E-02  4.4544420E-16
  3.5160162E-02  4.4122465E-16
  3.5285287E-02  4.3701918E-16
  3.5410412E-02  4.3282815E-16
  3.5535537E-02  4.2865195E-16
  3.5660662E-02  4.2449101E-16
  3.5785787E-02  4.2034566E-16
  3.5910912E-02  4.1621629E-16
  3.6036037E-02  4.1210326E-16
  3.6161162E-02  4.0800693E-16
  3.6286287E-02  4.0392765E-16
  3.6411412E-02  3.9986575E-16
  3.6536537E-02  3.9582154E-16
  3.6661662E-02  3.9179538E-16
  3.6786787E-02  3.8778757E-16
  3.6911912E-02  3.8379841E-16
  3.7037037E-02  3.7982821E-16
  3.7162162E-02  3.7587725E-16
  3.7287287E-02  3.7194583E-16
  3.7412412E-02  3.6803420E-16
  3.7537538E-02  3.6414267E-16
  3.7662663E-02  3.6027146E-16
  3.7787788E-02  3.5642088E-16
  3.7912913E-02  3.5259110E-16
  3.8038038E-02  3.4878244E-16
  3.8163163E-02  3.4499509E-16
  3.8288288E-02  3.4122926E-16
  3.8413413E-02  3.3748522E-16
  3.8538538E-02  3.3376314E-16
  3.8663663E-02  3.3006322E-16
  3.8788788E-02  3.2638570E-16
  3.8913913E-02  3.2273072E-16
  3.9039038E-02  3.1909851E-16
  3.9164163E-02  3.1548920E-16
  3.9289288E-02  3.1190300E-16
  3.9414413E-02  3.0834006E-16
  3.9539538E-02  3.0480049E-16
  3.9664663E-02  3.0128454E-16
  3.9789788E-02  2.9779225E-16
  3.9914913E-02  2.9432383E-16
  4.0040039E-02  2.9087937E-16
  4.0165164E-02  2.8745900E-16
  4.0290289E-02  2.8406285E-16
  4.0415414E-02  2.8069102E-16
  4.0540539E-02  2.7734363E-16
  4.0665668E-02  2.7402074E-16
  4.0790793E-02  2.7072250E-16
  4.0915918E-02  2.6744896E-16
  4.1041043E-02  2.6420022E-16
  4.1166168E-02  2.6097633E-16
  4.1291293E-02  2.5777735E-16
  4.1416418E-02  2.5460341E-16
  4.1541543E-02  2.5145452E-16
  4.1666668E-02  2.4833071E-16
  4.1791793E-02  2.4523208E-16
  4.1916918E-02  2.4215865E-16
  4.2042043E-02  2.3911047E-16
  4.2167168E-02  2.3608754E-16
  4.2292293E-02  2.3308989E-16
  4.2417418E-02  2.3011757E-16
  4.2542543E-02  2.2717056E-16
  4.2667668E-02  2.2424890E-16
  4.2792793E-02  2.2135261E-16
  4.2917918E-02  2.1848165E-16
  4.3043043E-02  2.1563603E-16
  4.3168169E-02  2.1281576E-16
  4.3293294E-02  2.1002081E-16
  4.3418419E-02  2.0725117E-16
  4.3543544E-02  2.0450683E-16
  4.3668669E-02  2.0178773E-16
  4.3793794E-02  1.9909388E-16
  4.3918919E-02  1.9642521E-16
  4.4044044E-02  1.9378171E-16
  4.4169169E-02  1.9116332E-16
  4.4294294E-02  1.8857001E-16
  4.4419419E-02  1.8600171E-16
  4.4544544E-02  1.8345839E-16
  4.4669669E-02  1.8093998E-16
  4.4794794E-02  1.7844640E-16
  4.4919919E-02  1.7597762E-16
  4.5045044E-02  1.7353355E-16
  4.5170169E-02  1.7111412E-16
  4.5295294E-02  1.6871926E-16
  4.5420419E-02  1.6634889E-16
  4.5545544E-02  1.6400293E-16
  4.5670670E-02  1.6168129E-16
  4.5795795E-02  1.5938389E-16
  4.5920920E-02  1.5711062E-16
  4.6046045E-02  1.5486141E-16
  4.6171170E-02  1.5263616E-16
  4.6296295E-02  1.5043475E-16
  4.6421420E-02  1.4825710E-16
  4.6546545E-02  1.4610310E-16
  4.6671670E-02  1.4397263E-16
  4.6796795E-02  1.4186559E-16
  4.6921924E-02  1.3978188E-16
  4.7047049E-02  1.3772136E-16
  4.7172174E-02  1.3568393E-16
  4.7297299E-02  1.3366946E-16
  4.7422424E-02  1.3167785E-16
  4.7547549E-02  1.2970895E-16
  4.7672674E-02  1.2776265E-16
  4.7797799E-02  1.2583881E-16
  4.7922924E-02  1.2393732E-16
  4.8048049E-02  1.2205803E-16
  4.8173174E-02  1.2020082E-16
  4.8298299E-02  1.1836555E-16
  4.8423424E-02  1.1655208E-16
  4.8548549E-02  1.1476027E-16
  4.8673674E-02  1.1298999E-16
  4.8798800E-02  1.1124109E-16
  4.8923925E-02  1.0951344E-16
  4.9049050E-02  1.0780688E-16
  4.9174175E-02  1.0612128E-16
  4.9299300E-02  1.0445648E-16
  4.9424425E-02  1.0281235E-16
  4.9549550E-02  1.0118872E-16
  4.9674675E-02  9.9585452E-17
  4.9799800E-02  9.8002400E-17
  4.9924925E-02  9.6439399E-17
  5.0050050E-02  9.4896304E-17
  5.0175175E-02  9.3372968E-17
  5.0300300E-02  9.1869220E-17
  5.0425425E-02  9.0384920E-17
  5.0550550E-02  8.8919904E-17
  5.0675675E-02  8.7474019E-17
  5.0800800E-02  8.6047106E-17
  5.0925925E-02  8.4639013E-17
  5.1051050E-02  8.3249568E-17
  5.1176175E-02  8.1878625E-17
  5.1301301E-02  8.0526026E-17
  5.1426426E-02  7.9191605E-17
  5.1551551E-02  7.7875197E-17
  5.1676676E-02  7.6576655E-17
  5.1801801E-02  7.5295809E-17
  5.1926926E-02  7.4032506E-17
  5.2052051E-02  7.2786580E-17
  5.2177176E-02  7.1557866E-17
  5.2302301E-02  7.0346212E-17
  5.2427426E-02  6.9151452E-17
  5.2552551E-02  6.7973428E-17
  5.2677676E-02  6.6811980E-17
  5.2802801E-02  6.5666937E-17
  5.2927926E-02  6.4538147E-17
  5.3053051E-02  6.3425450E-17
  5.3178180E-02  6.2328681E-17
  5.3303305E-02  6.1247688E-17
  5.3428430E-02  6.0182300E-17
  5.3553555E-02  5.9132363E-17
  5.3678680E-02  5.8097712E-17
  5.3803805E-02  5.7078195E-17
  5.3928930E-02  5.6073647E-17
  5.4054055E-02  5.5083919E-17
  5.4179180E-02  5.4108842E-17
  5.4304305E-02  5.3148263E-17
  5.4429431E-02  5.2202028E-17
  5.4554556E-02  5.1269975E-17
  5.4679681E-02  5.0351950E-17
  5.4804806E-02  4.9447798E-17
  5.4929931E-02  4.8557361E-17
  5.5055056E-02  4.7680490E-17
  5.5180181E-02  4.6817030E-17
  5.5305306E-02  4.5966824E-17
  5.5430431E-02  4.5129724E-17
  5.5555556E-02  4.4305574E-17
  5.5680681E-02  4.3494225E-17
  5.5805806E-02  4.2695526E-17
  5.5930931E-02  4.1909331E-17
  5.6056056E-02  4.1135487E-17
  5.6181181E-02  4.0373849E-17
  5.6306306E-02  3.9624267E-17
  5.6431431E-02  3.8886594E-17
  5.6556556E-02  3.8160690E-17
  5.6681681E-02  3.7446407E-17
  5.6806806E-02  3.6743598E-17
  5.6931932E-02  3.6052124E-17
  5.7057057E-02  3.5371841E-17
  5.7182182E-02  3.4702612E-17
  5.7307307E-02  3.4044292E-17
  5.7432432E-02  3.3396742E-17
  5.7557557E-02  3.2759830E-17
  5.7682682E-02  3.2133409E-17
  5.7807807E-02  3.1517352E-17
  5.7932932E-02  3.0911518E-17
  5.8058057E-02  3.0315772E-17
  5.8183182E-02  2.9729983E-17
  5.8308307E-02  2.9154020E-17
  5.8433432E-02  2.8587752E-17
  5.8558557E-02  2.8031043E-17
  5.8683682E-02  2.7483771E-17
  5.8808807E-02  2.6945802E-17
  5.8933932E-02  2.6417012E-17
  5.9059057E-02  2.5897276E-17
  5.9184182E-02  2.5386466E-17
  5.9309307E-02  2.4884460E-17
  5.9434436E-02  2.4391134E-17
  5.9559561E-02  2.3906368E-17
  5.9684686E-02  2.3430040E-17
  5.9809811E-02  2.2962031E-17
  5.9934936E-02  2.2502223E-17
  6.0060062E-02  2.2050496E-17
  6.0185187E-02  2.1606737E-17
  6.0310312E-02  2.1170829E-17
  6.0435437E-02  2.0742659E-17
  6.0560562E-02  2.0322114E-17
  6.0685687E-02  1.9909081E-17
  6.0810812E-02  1.9503450E-17
  6.0935937E-02  1.9105111E-17
  6.1061062E-02  1.8713956E-17
  6.1186187E-02  1.8329877E-17
  6.1311312E-02  1.7952771E-17
  6.1436437E-02  1.7582528E-17
  6.1561562E-02  1.7219045E-17
  6.1686687E-02  1.6862222E-17
  6.1811812E-02  1.6511954E-17
  6.1936937E-02  1.6168142E-17
  6.2062062E-02  1.5830687E-17
  6.2187187E-02  1.5499487E-17
  6.2312312E-02  1.5174448E-17
  6.2437437E-02  1.4855472E-17
  6.2562563E-02  1.4542465E-17
  6.2687688E-02  1.4235333E-17
  6.2812813E-02  1.3933981E-17
  6.2937938E-02  1.3638319E-17
  6.3063063E-02  1.3348255E-17
  6.3188188E-02  1.3063699E-17
  6.3313313E-02  1.2784563E-17
  6.3438438E-02  1.2510759E-17
  6.3563563E-02  1.2242199E-17
  6.3688688E-02  1.1978800E-17
  6.3813813E-02  1.1720477E-17
  6.3938938E-02  1.1467145E-17
  6.4064063E-02  1.1218722E-17
  6.4189188E-02  1.0975128E-17
  6.4314313E-02  1.0736282E-17
  6.4439438E-02  1.0502103E-17
  6.4564563E-02  1.0272514E-17
  6.4689688E-02  1.0047439E-17
  6.4814813E-02  9.8267990E-18
  6.4939938E-02  9.6105210E-18
  6.5065064E-02  9.3985295E-18
  6.5190189E-02  9.1907517E-18
  6.5315314E-02  8.9871147E-18
  6.5440439E-02  8.7875474E-18
  6.5565564E-02  8.5919804E-18
  6.5690689E-02  8.4003425E-18
  6.5815814E-02  8.2125668E-18
  6.5940939E-02  8.0285844E-18
  6.6066064E-02  7.8483294E-18
  6.6191189E-02  7.6717362E-18
  6.6316314E-02  7.4987397E-18
  6.6441439E-02  7.3292768E-18
  6.6566564E-02  7.1632840E-18
  6.6691689E-02  7.0006984E-18
  6.6816814E-02  6.8414607E-18
  6.6941939E-02  6.6855099E-18
  6.7067064E-02  6.5327859E-18
  6.7192189E-02  6.3832312E-18
  6.7317314E-02  6.2367875E-18
  6.7442439E-02  6.0933983E-18
  6.7567565E-02  5.9530075E-18
  6.7692690E-02  5.8155603E-18
  6.7817815E-02  5.6810020E-18
  6.7942940E-02  5.5492793E-18
  6.8068065E-02  5.4203396E-18
  6.8193190E-02  5.2941313E-18
  6.8318315E-02  5.1706026E-18
  6.8443440E-02  5.0497040E-18
  6.8568565E-02  4.9313861E-18
  6.8693690E-02  4.8155994E-18
  6.8818823E-02  4.7022964E-18
  6.8943948E-02  4.5914302E-18
  6.9069073E-02  4.4829537E-18
  6.9194198E-02  4.3768215E-18
  6.9319323E-02  4.2729888E-18
  6.9444448E-02  4.1714114E-18
  6.9569573E-02  4.0720451E-18
  6.9694698E-02  3.9748481E-18
  6.9819823E-02  3.8797773E-18
  6.9944948E-02  3.7867915E-18
  7.0070073E-02  3.6958504E-18
  7.0195198E-02  3.6069132E-18
  7.0320323E-02  3.5199414E-18
  7.0445448E-02  3.4348950E-18
  7.0570573E-02  3.3517369E-18
  7.0695698E-02  3.2704290E-18
  7.0820823E-02  3.1909348E-18
  7.0945948E-02  3.1132179E-18
  7.1071073E-02  3.0372426E-18
  7.1196198E-02  2.9629742E-18
  7.1321324E-02  2.8903781E-18
  7.1446449E-02  2.8194205E-18
  7.1571574E-02  2.7500680E-18
  7.1696699E-02  2.6822882E-18
  7.1821824E-02  2.6160491E-18
  7.1946949E-02  2.5513191E-18
  7.2072074E-02  2.4880668E-18
  7.2197199E-02  2.4262626E-18
  7.2322324E-02  2.3658759E-18
  7.2447449E-02  2.3068777E-18
  7.2572574E-02  2.2492391E-18
  7.2697699E-02  2.1929319E-18
  7.2822824E-02  2.1379281E-18
  7.2947949E-02  2.0842007E-18
  7.3073074E-02  2.0317229E-18
  7.3198199E-02  1.9804679E-18
  7.3323324E-02  1.9304104E-18
  7.3448449E-02  1.8815251E-18
  7.3573574E-02  1.8337866E-18
  7.3698699E-02  1.7871709E-18
  7.3823825E-02  1.7416540E-18
  7.3948950E-02  1.6972123E-18
  7.4074075E-02  1.6538227E-18
  7.4199200E-02  1.6114626E-18
  7.4324325E-02  1.5701099E-18
  7.4449450E-02  1.5297425E-18
  7.4574575E-02  1.4903394E-18
  7.4699700E-02  1.4518794E-18
  7.4824825E-02  1.4143419E-18
  7.4949950E-02  1.3777068E-18
  7.5075075E-02  1.3419543E-18
  7.5200200E-02  1.3070651E-18
  7.5325325E-02  1.2730201E-18
  7.5450450E-02  1.2398005E-18
  7.5575575E-02  1.2073882E-18
  7.5700700E-02  1.1757652E-18
  7.5825825E-02  1.1449139E-18
  7.5950950E-02  1.1148171E-18
  7.6076075E-02  1.0854578E-18
  7.6201200E-02  1.0568196E-18
  7.6326326E-02  1.0288862E-18
  7.6451451E-02  1.0016418E-18
  7.6576576E-02  9.7507068E-19
  7.6701701E-02  9.4915760E-19
  7.6826826E-02  9.2388764E-19
  7.6951951E-02  8.9924614E-19
  7.7077076E-02  8.7521871E-19
  7.7202201E-02  8.5179125E-19
  7.7327326E-02  8.2895011E-19
  7.7452451E-02  8.0668173E-19
  7.7577576E-02  7.8497289E-19
  7.7702701E-02  7.6381062E-19
  7.7827826E-02  7.4318228E-19
  7.7952951E-02  7.2307549E-19
  7.8078076E-02  7.0347803E-19
  7.8203201E-02  6.8437806E-19
  7.8328326E-02  6.6576392E-19
  7.8453451E-02  6.4762421E-19
  7.8578576E-02  6.2994772E-19
  7.8703701E-02  6.1272360E-19
  7.8828827E-02  5.9594108E-19
  7.8953952E-02  5.7958979E-19
  7.9079077E-02  5.6365938E-19
  7.9204202E-02  5.4813992E-19
  7.9329327E-02  5.3302159E-19
  7.9454452E-02  5.1829478E-19
  7.9579577E-02  5.0395007E-19
  7.9704702E-02  4.8997832E-19
  7.9829827E-02  4.7637052E-19
  7.9954952E-02  4.6311795E-19
  8.0080077E-02  4.5021192E-19
  8.0205202E-02  4.3764405E-19
  8.0330327E-02  4.2540619E-19
  8.0455452E-02  4.1349022E-19
  8.0580577E-02  4.0188834E-19
  8.0705702E-02  3.9059280E-19
  8.0830827E-02  3.7959613E-19
  8.0955952E-02  3.6889097E-19
  8.1081077E-02  3.5847012E-19
  8.1206203E-02  3.4832658E-19
  8.1331335E-02  3.3845348E-19
  8.1456460E-02  3.2884410E-19
  8.1581585E-02  3.1949192E-19
  8.1706710E-02  3.1039048E-19
  8.1831835E-02  3.0153354E-19
  8.1956960E-02  2.9291502E-19
  8.2082085E-02  2.8452888E-19
  8.2207210E-02  2.7636929E-19
  8.2332335E-02  2.6843058E-19
  8.2457460E-02  2.6070711E-19
  8.2582586E-02  2.5319352E-19
  8.2707711E-02  2.4588440E-19
  8.2832836E-02  2.3877463E-19
  8.2957961E-02  2.3185906E-19
  8.3083086E-02  2.2513279E-19
  8.3208211E-02  2.1859096E-19
  8.3333336E-02  2.1222884E-19
  8.3458461E-02  2.0604181E-19
  8.3583586E-02  2.0002536E-19
  8.3708711E-02  1.9417512E-19
  8.3833836E-02  1.8848676E-19
  8.3958961E-02  1.8295611E-19
  8.4084086E-02  1.7757906E-19
  8.4209211E-02  1.7235161E-19
  8.4334336E-02  1.6726988E-19
  8.4459461E-02  1.6233006E-19
  8.4584586E-02  1.5752842E-19
  8.4709711E-02  1.5286135E-19
  8.4834836E-02  1.4832530E-19
  8.4959961E-02  1.4391684E-19
  8.5085087E-02  1.3963259E-19
  8.5210212E-02  1.3546926E-19
  8.5335337E-02  1.3142364E-19
  8.5460462E-02  1.2749264E-19
  8.5585587E-02  1.2367318E-19
  8.5710712E-02  1.1996228E-19
  8.5835837E-02  1.1635707E-19
  8.5960962E-02  1.1285469E-19
  8.6086087E-02  1.0945241E-19
  8.6211212E-02  1.0614751E-19
  8.6336337E-02  1.0293739E-19
  8.6461462E-02  9.9819484E-20
  8.6586587E-02  9.6791305E-20
  8.6711712E-02  9.3850407E-20
  8.6836837E-02  9.0994436E-20
  8.6961962E-02  8.8221081E-20
  8.7087087E-02  8.5528084E-20
  8.7212212E-02  8.2913256E-20
  8.7337337E-02  8.0374452E-20
  8.7462462E-02  7.7909596E-20
  8.7587588E-02  7.5516653E-20
  8.7712713E-02  7.3193639E-20
  8.7837838E-02  7.0938635E-20
  8.7962963E-02  6.8749760E-20
  8.8088088E-02  6.6625178E-20
  8.8213213E-02  6.4563114E-20
  8.8338338E-02  6.2561828E-20
  8.8463463E-02  6.0619627E-20
  8.8588588E-02  5.8734864E-20
  8.8713713E-02  5.6905935E-20
  8.8838838E-02  5.5131271E-20
  8.8963963E-02  5.3409359E-20
  8.9089088E-02  5.1738709E-20
  8.9214213E-02  5.0117881E-20
  8.9339338E-02  4.8545472E-20
  8.9464463E-02  4.7020106E-20
  8.9589588E-02  4.5540461E-20
  8.9714713E-02  4.4105231E-20
  8.9839838E-02  4.2713158E-20
  8.9964963E-02  4.1363015E-20
  9.0090089E-02  4.0053601E-20
  9.0215214E-02  3.8783756E-20
  9.0340339E-02  3.7552345E-20
  9.0465464E-02  3.6358268E-20
  9.0590589E-02  3.5200451E-20
  9.0715714E-02  3.4077851E-20
  9.0840839E-02  3.2989449E-20
  9.0965964E-02  3.1934258E-20
  9.1091089E-02  3.0911319E-20
  9.1216214E-02  2.9919695E-20
  9.1341339E-02  2.8958478E-20
  9.1466464E-02  2.8026782E-20
  9.1591589E-02  2.7123743E-20
  9.1716714E-02  2.6248530E-20
  9.1841839E-02  2.5400326E-20
  9.1966964E-02  2.4578337E-20
  9.2092089E-02  2.3781796E-20
  9.2217214E-02  2.3009956E-20
  9.2342339E-02  2.2262085E-20
  9.2467465E-02  2.1537478E-20
  9.2592590E-02  2.0835445E-20
  9.2717715E-02  2.0155319E-20
  9.2842840E-02  1.9496450E-20
  9.2967965E-02  1.8858204E-20
  9.3093090E-02  1.8239969E-20
  9.3218215E-02  1.7641147E-20
  9.3343340E-02  1.7061159E-20
  9.3468465E-02  1.6499439E-20
  9.3593590E-02  1.5955440E-20
  9.3718715E-02  1.5428629E-20
  9.3843848E-02  1.4918492E-20
  9.3968973E-02  1.4424523E-20
  9.4094098E-02  1.3946234E-20
  9.4219223E-02  1.3483151E-20
  9.4344348E-02  1.3034815E-20
  9.4469473E-02  1.2600776E-20
  9.4594598E-02  1.2180601E-20
  9.4719723E-02  1.1773867E-20
  9.4844848E-02  1.1380163E-20
  9.4969973E-02  1.0999092E-20
  9.5095098E-02  1.0630268E-20
  9.5220223E-02  1.0273314E-20
  9.5345348E-02  9.9278669E-21
  9.5470473E-02  9.5935705E-21
  9.5595598E-02  9.2700831E-21
  9.5720723E-02  8.9570703E-21
  9.5845848E-02  8.6542075E-21
  9.5970973E-02  8.3611820E-21
  9.6096098E-02  8.0776869E-21
  9.6221223E-02  7.8034272E-21
  9.6346349E-02  7.5381147E-21
  9.6471474E-02  7.2814714E-21
  9.6596599E-02  7.0332251E-21
  9.6721724E-02  6.7931150E-21
  9.6846849E-02  6.5608840E-21
  9.6971974E-02  6.3362867E-21
  9.7097099E-02  6.1190823E-21
  9.7222224E-02  5.9090378E-21
  9.7347349E-02  5.7059282E-21
  9.7472474E-02  5.5095338E-21
  9.7597599E-02  5.3196421E-21
  9.7722724E-02  5.1360472E-21
  9.7847849E-02  4.9585495E-21
  9.7972974E-02  4.7869548E-21
  9.8098099E-02  4.6210748E-21
  9.8223224E-02  4.4607282E-21
  9.8348349E-02  4.3057372E-21
  9.8473474E-02  4.1559311E-21
  9.8598599E-02  4.0111438E-21
  9.8723724E-02  3.8712133E-21
  9.8848850E-02  3.7359847E-21
  9.8973975E-02  3.6053055E-21
  9.9099100E-02  3.4790296E-21
  9.9224225E-02  3.3570146E-21
  9.9349350E-02  3.2391226E-21
  9.9474475E-02  3.1252200E-21
  9.9599600E-02  3.0151773E-21
  9.9724725E-02  2.9088693E-21
  9.9849850E-02  2.8061739E-21
  9.9974975E-02  2.7069736E-21
  0.1001001      2.6111543E-21
  0.1002252      2.5186054E-21
  0.1003504      2.4292196E-21
  0.1004755      2.3428932E-21
  0.1006006      2.2595256E-21
  0.1007257      2.1790195E-21
  0.1008509      2.1012807E-21
  0.1009760      2.0262175E-21
  0.1011011      1.9537416E-21
  0.1012262      1.8837675E-21
  0.1013514      1.8162120E-21
  0.1014765      1.7509949E-21
  0.1016016      1.6880382E-21
  0.1017267      1.6272668E-21
  0.1018519      1.5686078E-21
  0.1019770      1.5119903E-21
  0.1021021      1.4573464E-21
  0.1022272      1.4046096E-21
  0.1023524      1.3537161E-21
  0.1024775      1.3046038E-21
  0.1026026      1.2572126E-21
  0.1027277      1.2114849E-21
  0.1028529      1.1673641E-21
  0.1029780      1.1247960E-21
  0.1031031      1.0837280E-21
  0.1032282      1.0441092E-21
  0.1033534      1.0058905E-21
  0.1034785      9.6902401E-22
  0.1036036      9.3346383E-22
  0.1037287      8.9916542E-22
  0.1038539      8.6608547E-22
  0.1039790      8.3418247E-22
  0.1041041      8.0341598E-22
  0.1042292      7.7374704E-22
  0.1043544      7.4513792E-22
  0.1044795      7.1755207E-22
  0.1046046      6.9095431E-22
  0.1047297      6.6531044E-22
  0.1048549      6.4058752E-22
  0.1049800      6.1675367E-22
  0.1051051      5.9377805E-22
  0.1052302      5.7163083E-22
  0.1053554      5.5028327E-22
  0.1054805      5.2970745E-22
  0.1056056      5.0987647E-22
  0.1057307      4.9076438E-22
  0.1058559      4.7234598E-22
  0.1059810      4.5459699E-22
  0.1061061      4.3749388E-22
  0.1062312      4.2101406E-22
  0.1063564      4.0513553E-22
  0.1064815      3.8983714E-22
  0.1066066      3.7509841E-22
  0.1067317      3.6089960E-22
  0.1068569      3.4722158E-22
  0.1069820      3.3404594E-22
  0.1071071      3.2135482E-22
  0.1072322      3.0913101E-22
  0.1073574      2.9735792E-22
  0.1074825      2.8601946E-22
  0.1076076      2.7510013E-22
  0.1077327      2.6458498E-22
  0.1078579      2.5445954E-22
  0.1079830      2.4470985E-22
  0.1081081      2.3532243E-22
  0.1082332      2.2628426E-22
  0.1083584      2.1758278E-22
  0.1084835      2.0920589E-22
  0.1086086      2.0114184E-22
  0.1087337      1.9337936E-22
  0.1088589      1.8590753E-22
  0.1089840      1.7871582E-22
  0.1091091      1.7179408E-22
  0.1092342      1.6513251E-22
  0.1093594      1.5872163E-22
  0.1094845      1.5255233E-22
  0.1096096      1.4661579E-22
  0.1097347      1.4090352E-22
  0.1098599      1.3540731E-22
  0.1099850      1.3011924E-22
  0.1101101      1.2503170E-22
  0.1102352      1.2013732E-22
  0.1103604      1.1542901E-22
  0.1104855      1.1089988E-22
  0.1106106      1.0654338E-22
  0.1107357      1.0235311E-22
  0.1108609      9.8322916E-23
  0.1109860      9.4446896E-23
  0.1111111      9.0719326E-23
  0.1112362      8.7134698E-23
  0.1113614      8.3687698E-23
  0.1114865      8.0373213E-23
  0.1116116      7.7186304E-23
  0.1117367      7.4122204E-23
  0.1118619      7.1176338E-23
  0.1119870      6.8344271E-23
  0.1121121      6.5621754E-23
  0.1122372      6.3004667E-23
  0.1123624      6.0489059E-23
  0.1124875      5.8071112E-23
  0.1126126      5.5747153E-23
  0.1127377      5.3513629E-23
  0.1128629      5.1367135E-23
  0.1129880      4.9304378E-23
  0.1131131      4.7322191E-23
  0.1132382      4.5417521E-23
  0.1133634      4.3587424E-23
  0.1134885      4.1829069E-23
  0.1136136      4.0139726E-23
  0.1137387      3.8516768E-23
  0.1138639      3.6957663E-23
  0.1139890      3.5459970E-23
  0.1141141      3.4021343E-23
  0.1142392      3.2639521E-23
  0.1143644      3.1312325E-23
  0.1144895      3.0037659E-23
  0.1146146      2.8813504E-23
  0.1147397      2.7637915E-23
  0.1148649      2.6509024E-23
  0.1149900      2.5425025E-23
  0.1151151      2.4384188E-23
  0.1152402      2.3384841E-23
  0.1153654      2.2425378E-23
  0.1154905      2.1504254E-23
  0.1156156      2.0619978E-23
  0.1157407      1.9771120E-23
  0.1158659      1.8956299E-23
  0.1159910      1.8174191E-23
  0.1161161      1.7423519E-23
  0.1162412      1.6703054E-23
  0.1163664      1.6011616E-23
  0.1164915      1.5348065E-23
  0.1166166      1.4711311E-23
  0.1167417      1.4100300E-23
  0.1168669      1.3514022E-23
  0.1169920      1.2951500E-23
  0.1171171      1.2411801E-23
  0.1172422      1.1894023E-23
  0.1173674      1.1397301E-23
  0.1174925      1.0920800E-23
  0.1176176      1.0463722E-23
  0.1177427      1.0025295E-23
  0.1178679      9.6047791E-24
  0.1179930      9.2014629E-24
  0.1181181      8.8146608E-24
  0.1182432      8.4437155E-24
  0.1183684      8.0879944E-24
  0.1184935      7.7468894E-24
  0.1186186      7.4198158E-24
  0.1187437      7.1062121E-24
  0.1188689      6.8055377E-24
  0.1189940      6.5172746E-24
  0.1191191      6.2409232E-24
  0.1192442      5.9760047E-24
  0.1193694      5.7220582E-24
  0.1194945      5.4786417E-24
  0.1196196      5.2453298E-24
  0.1197447      5.0217138E-24
  0.1198699      4.8074012E-24
  0.1199950      4.6020153E-24
  0.1201201      4.4051937E-24
  0.1202452      4.2165889E-24
  0.1203704      4.0358664E-24
  0.1204955      3.8627051E-24
  0.1206206      3.6967974E-24
  0.1207457      3.5378463E-24
  0.1208709      3.3855685E-24
  0.1209960      3.2396902E-24
  0.1211211      3.0999498E-24
  0.1212462      2.9660955E-24
  0.1213714      2.8378855E-24
  0.1214965      2.7150879E-24
  0.1216216      2.5974797E-24
  0.1217467      2.4848478E-24
  0.1218719      2.3769860E-24
  0.1219970      2.2736981E-24
  0.1221221      2.1747947E-24
  0.1222472      2.0800941E-24
  0.1223724      1.9894224E-24
  0.1224975      1.9026124E-24
  0.1226226      1.8195035E-24
  0.1227477      1.7399422E-24
  0.1228729      1.6637804E-24
  0.1229980      1.5908766E-24
  0.1231231      1.5210947E-24
  0.1232482      1.4543045E-24
  0.1233734      1.3903807E-24
  0.1234985      1.3292032E-24
  0.1236236      1.2706570E-24
  0.1237487      1.2146317E-24
  0.1238739      1.1610212E-24
  0.1239990      1.1097242E-24
  0.1241241      1.0606429E-24
  0.1242492      1.0136842E-24
  0.1243744      9.6875827E-25
  0.1244995      9.2577945E-25
  0.1246246      8.8466510E-25
  0.1247497      8.4533644E-25
  0.1248749      8.0771764E-25
  0.1250000      7.7173621E-25
