Cana._BB MXN        52.1850 -128.1130 3000.0    0.0    0.0    0.0       1.0000    2451 1994 160 00 33 16.400
Cana._BB MXE        52.1850 -128.1130 3000.0    0.0   90.0    0.0       1.0000    2451 1994 160 00 33 16.400
Cana._BB MXZ        52.1850 -128.1130 3000.0    0.0    0.0  -90.0       1.0000    2451 1994 160 00 33 16.400
_GSN.DWP MXN        28.1100  -81.4330 3000.0    0.0    0.0    0.0       1.0000    2451 1994 160 00 33 16.400
_GSN.DWP MXE        28.1100  -81.4330 3000.0    0.0   90.0    0.0       1.0000    2451 1994 160 00 33 16.400
_GSN.DWP MXZ        28.1100  -81.4330 3000.0    0.0    0.0  -90.0       1.0000    2451 1994 160 00 33 16.400
_GSN._FF MXN        54.7250 -101.9780 3000.0    0.0    0.0    0.0       1.0000    2451 1994 160 00 33 16.400
_GSN._FF MXE        54.7250 -101.9780 3000.0    0.0   90.0    0.0       1.0000    2451 1994 160 00 33 16.400
_GSN._FF MXZ        54.7250 -101.9780 3000.0    0.0    0.0  -90.0       1.0000    2451 1994 160 00 33 16.400
Berk._CM MXN        38.0350 -120.3850 3000.0    0.0    0.0    0.0       1.0000    2451 1994 160 00 33 16.400
Berk._CM MXE        38.0350 -120.3850 3000.0    0.0   90.0    0.0       1.0000    2451 1994 160 00 33 16.400
Berk._CM MXZ        38.0350 -120.3850 3000.0    0.0    0.0  -90.0       1.0000    2451 1994 160 00 33 16.400
